key,name,Year,Position,Age,ageGroup,Tm,Round,Pick,G,GS
MarvinHarrison*30IND2002,Marvin Harrison*,2002,wr,30,29-32,IND,1,62,16,16
AntonioBrown27PIT2015,Antonio Brown,2015,wr,27,25-28,PIT,7,68,16,16
JulioJones26ATL2015,Julio Jones,2015,wr,26,25-28,ATL,1,134,16,16
AntonioBrown26PIT2014,Antonio Brown,2014,wr,26,25-28,PIT,7,68,16,16
WesWelker28NWE2009,Wes Welker,2009,wr,28,25-28,NWE,Undrafted,Undrafted,14,13
CalvinJohnson27DET2012,Calvin Johnson,2012,wr,27,25-28,DET,1,71,16,16
WesWelker30NWE2011,Wes Welker,2011,wr,30,29-32,NWE,Undrafted,Undrafted,16,15
BrandonMarshall28CHI2012,Brandon Marshall,2012,wr,28,25-28,CHI,5,18,16,16
WesWelker31NWE2012,Wes Welker,2012,wr,31,29-32,NWE,Undrafted,Undrafted,16,12
TorryHolt27STL2003,Torry Holt,2003,wr,27,25-28,STL,1,134,16,15
AndreJohnson27HOU2008,Andre Johnson,2008,wr,27,25-28,HOU,1,101,16,16
RoddyWhite29ATL2010,Roddy White,2010,wr,29,29-32,ATL,1,98,16,16
PierreGarcon27WAS2013,Pierre Garcon,2013,wr,27,25-28,WAS,7,74,16,16
RodSmith31DEN2001,Rod Smith,2001,wr,31,29-32,DEN,Undrafted,Undrafted,15,14
T.J.Houshmandzadeh30CIN2007,T.J. Houshmandzadeh,2007,wr,30,29-32,CIN,8,73,16,15
AndreJohnson31HOU2012,Andre Johnson,2012,wr,31,29-32,HOU,1,101,16,16
JarvisLandry25MIA2017,Jarvis Landry,2017,wr,25,25-28,MIA,3,138,16,16
JimmySmith32JAX2001,Jimmy Smith,2001,wr,32,29-32,JAX,3,108,16,16
HinesWard26PIT2002,Hines Ward,2002,wr,26,25-28,PIT,4,169,16,16
WesWelker26NWE2007,Wes Welker,2007,wr,26,25-28,NWE,Undrafted,Undrafted,16,13
DeAndreHopkins23HOU2015,DeAndre Hopkins,2015,wr,23,< 24,HOU,1,98,16,16
RandyMoss*26MIN2003,Randy Moss*,2003,wr,26,25-28,MIN,1,76,16,16
DemaryiusThomas27DEN2014,Demaryius Thomas,2014,wr,27,25-28,DEN,1,79,16,16
ReggieWayne32IND2010,Reggie Wayne,2010,wr,32,29-32,IND,1,102,16,16
WesWelker27NWE2008,Wes Welker,2008,wr,27,25-28,NWE,Undrafted,Undrafted,16,14
AntonioBrown25PIT2013,Antonio Brown,2013,wr,25,25-28,PIT,7,68,16,14
JarvisLandry23MIA2015,Jarvis Landry,2015,wr,23,< 24,MIA,3,138,16,14
LarryFitzgerald32ARI2015,Larry Fitzgerald,2015,wr,32,29-32,ARI,1,101,16,16
LarryFitzgerald34ARI2017,Larry Fitzgerald,2017,wr,34,32+,ARI,1,101,16,16
MarvinHarrison*29IND2001,Marvin Harrison*,2001,wr,29,29-32,IND,1,62,16,16
AndreJohnson32HOU2013,Andre Johnson,2013,wr,32,29-32,HOU,1,101,16,16
BrandonMarshall31NYJ2015,Brandon Marshall,2015,wr,31,29-32,NYJ,5,18,16,16
LarryFitzgerald33ARI2016,Larry Fitzgerald,2016,wr,33,32+,ARI,1,101,16,16
SteveSmith24NYG2009,Steve Smith,2009,wr,24,< 24,NYG,3,125,16,15
AntonioBrown28PIT2016,Antonio Brown,2016,wr,28,25-28,PIT,7,68,15,15
KeyshawnJohnson29TAM2001,Keyshawn Johnson,2001,wr,29,29-32,TAM,1,1,15,15
RandyMoss*25MIN2002,Randy Moss*,2002,wr,25,25-28,MIN,1,76,16,16
ReggieWayne34IND2012,Reggie Wayne,2012,wr,34,32+,IND,1,102,16,15
JulianEdelman27NWE2013,Julian Edelman,2013,wr,27,25-28,NWE,8,84,16,11
DemaryiusThomas28DEN2015,Demaryius Thomas,2015,wr,28,25-28,DEN,1,79,16,16
JulioJones25ATL2014,Julio Jones,2014,wr,25,25-28,ATL,1,134,15,15
BrandonMarshall24DEN2008,Brandon Marshall,2008,wr,24,< 24,DEN,5,18,15,15
MichaelThomas24NOR2017,Michael Thomas,2017,wr,24,< 24,NOR,3,120,16,14
ReggieWayne29IND2007,Reggie Wayne,2007,wr,29,29-32,IND,1,102,16,16
LarryFitzgerald22ARI2005,Larry Fitzgerald,2005,wr,22,< 24,ARI,1,101,16,16
AndreJohnson25HOU2006,Andre Johnson,2006,wr,25,25-28,HOU,1,101,16,16
DerrickMason33BAL2007,Derrick Mason,2007,wr,33,32+,BAL,5,174,16,16
SteveSmith26CAR2005,Steve Smith,2005,wr,26,25-28,CAR,4,149,16,16
KeenanAllen25LAC2017,Keenan Allen,2017,wr,25,25-28,LAC,4,151,16,15
AnquanBoldin25ARI2005,Anquan Boldin,2005,wr,25,25-28,ARI,3,128,14,14
MarvinHarrison*28IND2000,Marvin Harrison*,2000,wr,28,25-28,IND,1,62,16,16
TorryHolt29STL2005,Torry Holt,2005,wr,29,29-32,STL,1,134,14,14
BrandonMarshall23DEN2007,Brandon Marshall,2007,wr,23,< 24,DEN,5,18,16,16
MuhsinMuhammad27CAR2000,Muhsin Muhammad,2000,wr,27,25-28,CAR,3,116,16,16
OdellBeckham24NYG2016,Odell Beckham,2016,wr,24,< 24,NYG,1,19,16,16
AnquanBoldin23ARI2003,Anquan Boldin,2003,wr,23,< 24,ARI,3,128,16,16
AntonioBrown29PIT2017,Antonio Brown,2017,wr,29,29-32,PIT,7,68,14,14
TroyBrown30NWE2001,Troy Brown,2001,wr,30,29-32,NWE,9,70,16,13
AndreJohnson28HOU2009,Andre Johnson,2009,wr,28,25-28,HOU,1,101,16,16
BrandonMarshall25DEN2009,Brandon Marshall,2009,wr,25,25-28,DEN,5,18,15,13
EdMcCaffrey32DEN2000,Ed McCaffrey,2000,wr,32,29-32,DEN,4,159,16,16
EmmanuelSanders27DEN2014,Emmanuel Sanders,2014,wr,27,25-28,DEN,4,158,16,16
MartyBooker25CHI2001,Marty Booker,2001,wr,25,25-28,CHI,4,153,16,16
LarryFitzgerald24ARI2007,Larry Fitzgerald,2007,wr,24,< 24,ARI,1,101,15,15
BrandonMarshall29CHI2013,Brandon Marshall,2013,wr,29,29-32,CHI,5,18,16,16
EricMoulds29BUF2002,Eric Moulds,2002,wr,29,29-32,BUF,1,88,16,15
TerrellOwens*29SFO2002,Terrell Owens*,2002,wr,29,29-32,SFO,4,165,14,14
RodSmith30DEN2000,Rod Smith,2000,wr,30,29-32,DEN,Undrafted,Undrafted,16,16
ReggieWayne31IND2009,Reggie Wayne,2009,wr,31,29-32,IND,1,102,16,16
RoddyWhite30ATL2011,Roddy White,2011,wr,30,29-32,ATL,1,98,16,16
GoldenTate26DET2014,Golden Tate,2014,wr,26,25-28,DET,3,135,16,16
DavidBoston23ARI2001,David Boston,2001,wr,23,< 24,ARI,1,155,16,15
MarquesColston24NOR2007,Marques Colston,2007,wr,24,< 24,NOR,8,94,16,14
JulianEdelman30NWE2016,Julian Edelman,2016,wr,30,29-32,NWE,8,84,16,13
MikeFurrey29DET2006,Mike Furrey,2006,wr,29,29-32,DET,Undrafted,Undrafted,16,14
A.J.Green25CIN2013,A.J. Green,2013,wr,25,25-28,CIN,1,112,16,16
RandyMoss*30NWE2007,Randy Moss*,2007,wr,30,29-32,NWE,1,76,16,16
JordyNelson29GNB2014,Jordy Nelson,2014,wr,29,29-32,GNB,3,108,16,16
MartyBooker26CHI2002,Marty Booker,2002,wr,26,25-28,CHI,4,153,16,16
TroyBrown31NWE2002,Troy Brown,2002,wr,31,29-32,NWE,9,70,14,13
LarryFitzgerald26ARI2009,Larry Fitzgerald,2009,wr,26,25-28,ARI,1,101,16,16
A.J.Green24CIN2012,A.J. Green,2012,wr,24,< 24,CIN,1,112,16,16
ChadJohnson27CIN2005,Chad Johnson,2005,wr,27,25-28,CIN,3,108,16,16
JordyNelson31GNB2016,Jordy Nelson,2016,wr,31,29-32,GNB,3,108,16,16
TerrellOwens*27SFO2000,Terrell Owens*,2000,wr,27,25-28,SFO,4,165,14,13
OdellBeckham23NYG2015,Odell Beckham,2015,wr,23,< 24,NYG,1,19,15,15
CrisCarter*35MIN2000,Cris Carter*,2000,wr,35,32+,MIN,5,101,16,16
MikeEvans23TAM2016,Mike Evans,2016,wr,23,< 24,TAM,1,145,16,16
LarryFitzgerald25ARI2008,Larry Fitzgerald,2008,wr,25,25-28,ARI,1,101,16,16
DeAndreHopkins25HOU2017,DeAndre Hopkins,2017,wr,25,25-28,HOU,1,98,15,15
CalvinJohnson26DET2011,Calvin Johnson,2011,wr,26,25-28,DET,1,71,16,16
DerrickMason30TEN2004,Derrick Mason,2004,wr,30,29-32,TEN,5,174,16,16
MarvinHarrison*34IND2006,Marvin Harrison*,2006,wr,34,32+,IND,1,62,16,16
ChadJohnson26CIN2004,Chad Johnson,2004,wr,26,25-28,CIN,3,108,16,16
DerrickMason29TEN2003,Derrick Mason,2003,wr,29,29-32,TEN,5,174,16,16
HinesWard33PIT2009,Hines Ward,2009,wr,33,32+,PIT,4,169,16,16
HinesWard27PIT2003,Hines Ward,2003,wr,27,25-28,PIT,4,169,16,16
DougBaldwin28SEA2016,Doug Baldwin,2016,wr,28,25-28,SEA,Undrafted,Undrafted,16,15
BobbyEngram34SEA2007,Bobby Engram,2007,wr,34,32+,SEA,3,126,16,13
MarvinHarrison*31IND2003,Marvin Harrison*,2003,wr,31,29-32,IND,1,62,15,15
TorryHolt28STL2004,Torry Holt,2004,wr,28,25-28,STL,1,134,16,16
JoeHorn28NOR2000,Joe Horn,2000,wr,28,25-28,NOR,6,28,16,16
JoeHorn32NOR2004,Joe Horn,2004,wr,32,29-32,NOR,6,28,16,16
JarvisLandry24MIA2016,Jarvis Landry,2016,wr,24,< 24,MIA,3,138,16,16
KeenanMcCardell30JAX2000,Keenan McCardell,2000,wr,30,29-32,JAX,2,104,16,16
EricMoulds27BUF2000,Eric Moulds,2000,wr,27,25-28,BUF,1,88,16,16
PeerlessPrice26BUF2002,Peerless Price,2002,wr,26,25-28,BUF,3,127,16,16
DemaryiusThomas25DEN2012,Demaryius Thomas,2012,wr,25,25-28,DEN,1,79,16,16
HinesWard25PIT2001,Hines Ward,2001,wr,25,25-28,PIT,4,169,16,16
KendallWright24TEN2013,Kendall Wright,2013,wr,24,< 24,TEN,1,72,16,12
DezBryant25DAL2013,Dez Bryant,2013,wr,25,25-28,DAL,1,88,16,16
TorryHolt30STL2006,Torry Holt,2006,wr,30,29-32,STL,1,134,16,16
TorryHolt31STL2007,Torry Holt,2007,wr,31,29-32,STL,1,134,16,16
ChadJohnson29CIN2007,Chad Johnson,2007,wr,29,29-32,CIN,3,108,16,16
KeenanMcCardell31JAX2001,Keenan McCardell,2001,wr,31,29-32,JAX,2,104,16,16
SantanaMoss31WAS2010,Santana Moss,2010,wr,31,29-32,WAS,1,47,16,16
MuhsinMuhammad31CAR2004,Muhsin Muhammad,2004,wr,31,29-32,CAR,3,116,16,16
TerrellOwens*28SFO2001,Terrell Owens*,2001,wr,28,25-28,SFO,4,165,16,16
DezBryant24DAL2012,Dez Bryant,2012,wr,24,< 24,DAL,1,88,16,14
DonaldDriver31GNB2006,Donald Driver,2006,wr,31,29-32,GNB,8,77,16,16
JulianEdelman28NWE2014,Julian Edelman,2014,wr,28,25-28,NWE,8,84,14,13
T.J.Houshmandzadeh31CIN2008,T.J. Houshmandzadeh,2008,wr,31,29-32,CIN,8,73,15,15
JerryRice*40OAK2002,Jerry Rice*,2002,wr,40,32+,OAK,1,47,16,16
GoldenTate29DET2017,Golden Tate,2017,wr,29,29-32,DET,3,135,16,12
DemaryiusThomas26DEN2013,Demaryius Thomas,2013,wr,26,25-28,DEN,1,79,16,16
MichaelThomas23NOR2016,Michael Thomas,2016,wr,23,< 24,NOR,3,120,15,12
RoddyWhite31ATL2012,Roddy White,2012,wr,31,29-32,ATL,1,98,16,15
OdellBeckham22NYG2014,Odell Beckham,2014,wr,22,< 24,NYG,1,19,12,11
TimBrown*35OAK2001,Tim Brown*,2001,wr,35,32+,OAK,1,134,16,16
RandallCobb24GNB2014,Randall Cobb,2014,wr,24,< 24,GNB,3,139,16,16
LaveranuesColes29NYJ2006,Laveranues Coles,2006,wr,29,29-32,NYJ,4,153,16,16
T.Y.Hilton27IND2016,T.Y. Hilton,2016,wr,27,25-28,IND,4,169,16,16
TorryHolt26STL2002,Torry Holt,2002,wr,26,25-28,STL,1,134,16,11
EddieRoyal22DEN2008,Eddie Royal,2008,wr,22,< 24,DEN,3,115,15,15
JimmySmith31JAX2000,Jimmy Smith,2000,wr,31,29-32,JAX,3,108,15,14
GoldenTate28DET2016,Golden Tate,2016,wr,28,25-28,DET,3,135,16,16
AdamThielen27MIN2017,Adam Thielen,2017,wr,27,25-28,MIN,Undrafted,Undrafted,16,16
LaveranuesColes27WAS2004,Laveranues Coles,2004,wr,27,25-28,WAS,4,153,16,16
LarryFitzgerald27ARI2010,Larry Fitzgerald,2010,wr,27,25-28,ARI,1,101,16,15
T.J.Houshmandzadeh29CIN2006,T.J. Houshmandzadeh,2006,wr,29,29-32,CIN,8,73,14,13
ChadJohnson25CIN2003,Chad Johnson,2003,wr,25,25-28,CIN,3,108,16,14
GoldenTate27DET2015,Golden Tate,2015,wr,27,25-28,DET,3,135,16,16
DemaryiusThomas29DEN2016,Demaryius Thomas,2016,wr,29,29-32,DEN,1,79,16,16
AnquanBoldin28ARI2008,Anquan Boldin,2008,wr,28,25-28,ARI,3,128,12,11
IsaacBruce32STL2004,Isaac Bruce,2004,wr,32,29-32,STL,3,105,16,16
LaveranuesColes25NYJ2002,Laveranues Coles,2002,wr,25,25-28,NYJ,4,153,16,16
MichaelCrabtree29OAK2016,Michael Crabtree,2016,wr,29,29-32,OAK,1,2,16,16
AlshonJeffery23CHI2013,Alshon Jeffery,2013,wr,23,< 24,CHI,3,118,16,14
RodSmith32DEN2002,Rod Smith,2002,wr,32,29-32,DEN,Undrafted,Undrafted,16,16
JavonWalker26GNB2004,Javon Walker,2004,wr,26,25-28,GNB,1,72,16,12
DezBryant26DAL2014,Dez Bryant,2014,wr,26,25-28,DAL,1,88,16,16
ReggieBush21NOR2006,Reggie Bush,2006,wr,21,< 24,NOR,1,71,16,8
JoeHorn30NOR2002,Joe Horn,2002,wr,30,29-32,NOR,6,28,16,16
CalvinJohnson30DET2015,Calvin Johnson,2015,wr,30,29-32,DET,1,71,16,16
JulioJones28ATL2017,Julio Jones,2017,wr,28,25-28,ATL,1,134,16,16
EricMoulds31BUF2004,Eric Moulds,2004,wr,31,29-32,BUF,1,88,16,16
SteveSmith24CAR2003,Steve Smith,2003,wr,24,< 24,CAR,4,149,16,11
RoddyWhite27ATL2008,Roddy White,2008,wr,27,25-28,ATL,1,98,16,15
IsaacBruce28STL2000,Isaac Bruce,2000,wr,28,25-28,STL,3,105,16,16
EricDecker26DEN2013,Eric Decker,2013,wr,26,25-28,DEN,4,163,16,16
JoshGordon22CLE2013,Josh Gordon,2013,wr,22,< 24,CLE,3,1,14,14
PercyHarvin23MIN2011,Percy Harvin,2011,wr,23,< 24,MIN,1,79,16,14
DarrellJackson26SEA2004,Darrell Jackson,2004,wr,26,25-28,SEA,4,156,16,16
ChadJohnson28CIN2006,Chad Johnson,2006,wr,28,25-28,CIN,3,108,16,16
JeremyMaclin27KAN2015,Jeremy Maclin,2015,wr,27,25-28,KAN,1,62,15,15
JordanReed25WAS2015,Jordan Reed,2015,wr,25,25-28,WAS,4,161,14,9
SteveSmith28CAR2007,Steve Smith,2007,wr,28,25-28,CAR,4,149,15,15
DwayneBowe24KAN2008,Dwayne Bowe,2008,wr,24,< 24,KAN,1,83,16,16
VictorCruz26NYG2012,Victor Cruz,2012,wr,26,25-28,NYG,Undrafted,Undrafted,16,16
DonaldDriver30GNB2005,Donald Driver,2005,wr,30,29-32,GNB,8,77,16,16
JimmyGraham27NOR2013,Jimmy Graham,2013,wr,27,25-28,NOR,4,171,16,12
A.J.Green27CIN2015,A.J. Green,2015,wr,27,25-28,CIN,1,112,16,16
MarvinHarrison*32IND2004,Marvin Harrison*,2004,wr,32,29-32,IND,1,62,16,16
AndreJohnson29HOU2010,Andre Johnson,2010,wr,29,29-32,HOU,1,101,13,13
BrandonMarshall26MIA2010,Brandon Marshall,2010,wr,26,25-28,MIA,5,18,14,14
DerrickMason31BAL2005,Derrick Mason,2005,wr,31,29-32,BAL,5,174,16,16
ReggieWayne28IND2006,Reggie Wayne,2006,wr,28,25-28,IND,1,102,16,16
WesWelker29NWE2010,Wes Welker,2010,wr,29,29-32,NWE,Undrafted,Undrafted,15,11
DannyAmendola25STL2010,Danny Amendola,2010,wr,25,25-28,STL,Undrafted,Undrafted,16,6
AnquanBoldin33SFO2013,Anquan Boldin,2013,wr,33,32+,SFO,3,128,16,16
MichaelCrabtree25SFO2012,Michael Crabtree,2012,wr,25,25-28,SFO,1,2,16,16
MichaelCrabtree28OAK2015,Michael Crabtree,2015,wr,28,25-28,OAK,1,2,16,15
EricDecker25DEN2012,Eric Decker,2012,wr,25,25-28,DEN,4,163,16,15
HarryDouglas29ATL2013,Harry Douglas,2013,wr,29,29-32,ATL,4,160,16,11
AlshonJeffery24CHI2014,Alshon Jeffery,2014,wr,24,< 24,CHI,3,118,16,16
AndreJohnson33HOU2014,Andre Johnson,2014,wr,33,32+,HOU,1,101,15,15
JeremyMaclin26PHI2014,Jeremy Maclin,2014,wr,26,25-28,PHI,1,62,16,16
JordanMatthews23PHI2015,Jordan Matthews,2015,wr,23,< 24,PHI,3,115,16,13
JordyNelson28GNB2013,Jordy Nelson,2013,wr,28,25-28,GNB,3,108,16,16
TerrellOwens*33DAL2006,Terrell Owens*,2006,wr,33,32+,DAL,4,165,16,15
RodSmith35DEN2005,Rod Smith,2005,wr,35,32+,DEN,Undrafted,Undrafted,16,16
RoddyWhite28ATL2009,Roddy White,2009,wr,28,25-28,ATL,1,98,16,16
AnquanBoldin29ARI2009,Anquan Boldin,2009,wr,29,29-32,ARI,3,128,15,15
MarquesColston27NOR2010,Marques Colston,2010,wr,27,25-28,NOR,8,94,15,11
BrandinCooks22NOR2015,Brandin Cooks,2015,wr,22,< 24,NOR,1,72,16,13
StefonDiggs23MIN2016,Stefon Diggs,2016,wr,23,< 24,MIN,6,37,13,11
DonaldDriver29GNB2004,Donald Driver,2004,wr,29,29-32,GNB,8,77,16,11
CalvinJohnson28DET2013,Calvin Johnson,2013,wr,28,25-28,DET,1,71,14,14
KevinJohnson25CLE2001,Kevin Johnson,2001,wr,25,25-28,CLE,3,103,16,16
JarvisLandry22MIA2014,Jarvis Landry,2014,wr,22,< 24,MIA,3,138,16,11
KeenanMcCardell33TAM2003,Keenan McCardell,2003,wr,33,32+,TAM,2,104,16,16
SantanaMoss26WAS2005,Santana Moss,2005,wr,26,25-28,WAS,1,47,16,16
AnquanBoldin26ARI2006,Anquan Boldin,2006,wr,26,25-28,ARI,3,128,16,16
AnquanBoldin34SFO2014,Anquan Boldin,2014,wr,34,32+,SFO,3,128,16,16
TroyBrown29NWE2000,Troy Brown,2000,wr,29,29-32,NWE,9,70,16,15
AntonioBryant27TAM2008,Antonio Bryant,2008,wr,27,25-28,TAM,3,138,16,15
MarquesColston29NOR2012,Marques Colston,2012,wr,29,29-32,NOR,8,94,16,13
AmariCooper22OAK2016,Amari Cooper,2016,wr,22,< 24,OAK,1,112,16,14
JoeyGalloway34TAM2005,Joey Galloway,2005,wr,34,32+,TAM,1,155,16,16
JoeHorn29NOR2001,Joe Horn,2001,wr,29,29-32,NOR,6,28,16,16
JulioJones27ATL2016,Julio Jones,2016,wr,27,25-28,ATL,1,134,14,14
RandyMoss*32NWE2009,Randy Moss*,2009,wr,32,29-32,NWE,1,76,16,16
JerryRice*39OAK2001,Jerry Rice*,2001,wr,39,32+,OAK,1,47,16,15
SidneyRice23MIN2009,Sidney Rice,2009,wr,23,< 24,MIN,3,117,16,14
SteveSmith27CAR2006,Steve Smith,2006,wr,27,25-28,CAR,4,149,14,14
DemaryiusThomas30DEN2017,Demaryius Thomas,2017,wr,30,29-32,DEN,1,79,16,16
ReggieWayne27IND2005,Reggie Wayne,2005,wr,27,25-28,IND,1,102,16,16
RoddyWhite26ATL2007,Roddy White,2007,wr,26,25-28,ATL,1,98,16,15
ChrisChambers27MIA2005,Chris Chambers,2005,wr,27,25-28,MIA,3,126,16,16
LaveranuesColes26WAS2003,Laveranues Coles,2003,wr,26,25-28,WAS,4,153,16,16
JerrichoCotchery24NYJ2006,Jerricho Cotchery,2006,wr,24,< 24,NYJ,5,10,16,16
JerrichoCotchery25NYJ2007,Jerricho Cotchery,2007,wr,25,25-28,NYJ,5,10,15,15
VictorCruz25NYG2011,Victor Cruz,2011,wr,25,25-28,NYG,Undrafted,Undrafted,16,7
DonaldDriver32GNB2007,Donald Driver,2007,wr,32,29-32,GNB,8,77,15,14
LeeEvans25BUF2006,Lee Evans,2006,wr,25,25-28,BUF,1,26,16,15
LarryFitzgerald30ARI2013,Larry Fitzgerald,2013,wr,30,29-32,ARI,1,101,16,16
MarvinHarrison*33IND2005,Marvin Harrison*,2005,wr,33,32+,IND,1,62,15,15
T.Y.Hilton24IND2013,T.Y. Hilton,2013,wr,24,< 24,IND,4,169,16,10
T.Y.Hilton25IND2014,T.Y. Hilton,2014,wr,25,25-28,IND,4,169,15,15
TorryHolt24STL2000,Torry Holt,2000,wr,24,< 24,STL,1,134,16,15
DeSeanJackson27PHI2013,DeSean Jackson,2013,wr,27,25-28,PHI,3,122,16,16
SteveJohnson24BUF2010,Steve Johnson,2010,wr,24,< 24,BUF,8,80,16,13
RandyMoss*24MIN2001,Randy Moss*,2001,wr,24,< 24,MIN,1,76,16,16
AmaniToomer28NYG2002,Amani Toomer,2002,wr,28,25-28,NYG,3,106,16,16
ReggieWayne30IND2008,Reggie Wayne,2008,wr,30,29-32,IND,1,102,16,16
RoyWilliams25DET2006,Roy Williams,2006,wr,25,25-28,DET,1,145,16,16
MilesAustin25DAL2009,Miles Austin,2009,wr,25,25-28,DAL,Undrafted,Undrafted,16,9
DwayneBowe27KAN2011,Dwayne Bowe,2011,wr,27,25-28,KAN,1,83,16,14
TimBrown*36OAK2002,Tim Brown*,2002,wr,36,32+,OAK,1,134,16,16
TorryHolt25STL2001,Torry Holt,2001,wr,25,25-28,STL,1,134,16,14
WillieJackson30NOR2001,Willie Jackson,2001,wr,30,29-32,NOR,5,11,16,16
BrandonMarshall27MIA2011,Brandon Marshall,2011,wr,27,25-28,MIA,5,18,16,16
EricMoulds32BUF2005,Eric Moulds,2005,wr,32,29-32,BUF,1,88,15,15
TerrellOwens*34DAL2007,Terrell Owens*,2007,wr,34,32+,DAL,4,165,15,15
HinesWard32PIT2008,Hines Ward,2008,wr,32,29-32,PIT,4,169,16,15
DrewBennett26TEN2004,Drew Bennett,2004,wr,26,25-28,TEN,Undrafted,Undrafted,16,16
MichaelClayton22TAM2004,Michael Clayton,2004,wr,22,< 24,TAM,1,40,16,13
RandallCobb22GNB2012,Randall Cobb,2012,wr,22,< 24,GNB,3,139,15,8
MarquesColston28NOR2011,Marques Colston,2011,wr,28,25-28,NOR,8,94,14,7
EricDecker28NYJ2015,Eric Decker,2015,wr,28,25-28,NYJ,4,163,15,13
BraylonEdwards24CLE2007,Braylon Edwards,2007,wr,24,< 24,CLE,1,101,16,16
LarryFitzgerald28ARI2011,Larry Fitzgerald,2011,wr,28,25-28,ARI,1,101,16,16
GregJennings25GNB2008,Greg Jennings,2008,wr,25,25-28,GNB,3,126,16,15
DerrickMason34BAL2008,Derrick Mason,2008,wr,34,32+,BAL,5,174,16,16
TerrellOwens*30SFO2003,Terrell Owens*,2003,wr,30,29-32,SFO,4,165,15,15
AllenRobinson22JAX2015,Allen Robinson,2015,wr,22,< 24,JAX,3,136,16,16
JimmySmith33JAX2002,Jimmy Smith,2002,wr,33,32+,JAX,3,108,16,16
HinesWard28PIT2004,Hines Ward,2004,wr,28,25-28,PIT,4,169,16,16
RoddyWhite33ATL2014,Roddy White,2014,wr,33,32+,ATL,1,98,14,14
DavoneBess25MIA2010,Davone Bess,2010,wr,25,25-28,MIA,Undrafted,Undrafted,16,8
IsaacBruce30STL2002,Isaac Bruce,2002,wr,30,29-32,STL,3,105,16,16
RandallCobb25GNB2015,Randall Cobb,2015,wr,25,25-28,GNB,3,139,16,15
PierreGarcon30WAS2016,Pierre Garcon,2016,wr,30,29-32,WAS,7,74,16,16
TerryGlenn26NWE2000,Terry Glenn,2000,wr,26,25-28,NWE,1,145,16,16
SantonioHolmes25PIT2009,Santonio Holmes,2009,wr,25,25-28,PIT,1,92,16,16
T.J.Houshmandzadeh32SEA2009,T.J. Houshmandzadeh,2009,wr,32,29-32,SEA,8,73,16,16
AndreJohnson23HOU2004,Andre Johnson,2004,wr,23,< 24,HOU,1,101,16,16
SteveJohnson26BUF2012,Steve Johnson,2012,wr,26,25-28,BUF,8,80,16,16
JulioJones23ATL2012,Julio Jones,2012,wr,23,< 24,ATL,1,134,16,15
DerrickMason28TEN2002,Derrick Mason,2002,wr,28,25-28,TEN,5,174,14,14
ShaunMcDonald26DET2007,Shaun McDonald,2007,wr,26,25-28,DET,5,8,16,7
LanceMoore25NOR2008,Lance Moore,2008,wr,25,25-28,NOR,Undrafted,Undrafted,16,6
SantanaMoss29WAS2008,Santana Moss,2008,wr,29,29-32,WAS,1,47,16,16
HakeemNicks22NYG2010,Hakeem Nicks,2010,wr,22,< 24,NYG,1,100,13,12
EmmanuelSanders29DEN2016,Emmanuel Sanders,2016,wr,29,29-32,DEN,4,158,16,16
RodSmith34DEN2004,Rod Smith,2004,wr,34,32+,DEN,Undrafted,Undrafted,16,16
SteveSmith32CAR2011,Steve Smith,2011,wr,32,29-32,CAR,4,149,16,16
SteveSmith35BAL2014,Steve Smith,2014,wr,35,32+,BAL,4,149,16,16
PeterWarrick26CIN2003,Peter Warrick,2003,wr,26,25-28,CIN,1,112,15,14
DerrickAlexander29KAN2000,Derrick Alexander,2000,wr,29,29-32,KAN,1,100,16,16
DougBaldwin27SEA2015,Doug Baldwin,2015,wr,27,25-28,SEA,Undrafted,Undrafted,16,16
DeionBranch26NWE2005,Deion Branch,2005,wr,26,25-28,NWE,3,140,16,15
PlaxicoBurress25PIT2002,Plaxico Burress,2002,wr,25,25-28,PIT,1,155,16,15
BrandinCooks23NOR2016,Brandin Cooks,2016,wr,23,< 24,NOR,1,72,16,12
DeAndreHopkins24HOU2016,DeAndre Hopkins,2016,wr,24,< 24,HOU,1,98,16,16
JoeHorn31NOR2003,Joe Horn,2003,wr,31,29-32,NOR,6,28,15,14
T.J.Houshmandzadeh28CIN2005,T.J. Houshmandzadeh,2005,wr,28,25-28,CIN,8,73,14,12
VincentJackson30TAM2013,Vincent Jackson,2013,wr,30,29-32,TAM,3,136,16,16
CalvinJohnson23DET2008,Calvin Johnson,2008,wr,23,< 24,DET,1,71,16,16
KorenRobinson22SEA2002,Koren Robinson,2002,wr,22,< 24,SEA,1,166,16,16
SteveSmith29CAR2008,Steve Smith,2008,wr,29,29-32,CAR,4,149,14,14
AmaniToomer26NYG2000,Amani Toomer,2000,wr,26,25-28,NYG,3,106,16,14
KeenanAllen22SDG2014,Keenan Allen,2014,wr,22,< 24,SDG,4,151,14,14
SteveBreaston25ARI2008,Steve Breaston,2008,wr,25,25-28,ARI,6,34,16,9
KevinCurtis29PHI2007,Kevin Curtis,2007,wr,29,29-32,PHI,4,149,16,16
CalvinJohnson25DET2010,Calvin Johnson,2010,wr,25,25-28,DET,1,71,15,15
BrandonLloyd29DEN2010,Brandon Lloyd,2010,wr,29,29-32,DEN,5,21,16,11
JohnnieMorton30DET2001,Johnnie Morton,2001,wr,30,29-32,DET,1,76,16,16
RandyMoss*23MIN2000,Randy Moss*,2000,wr,23,< 24,MIN,1,76,16,16
TerrellOwens*31PHI2004,Terrell Owens*,2004,wr,31,29-32,PHI,4,165,14,14
TerrellePryor27CLE2016,Terrelle Pryor,2016,wr,27,25-28,CLE,4,1,16,15
ReggieWayne26IND2004,Reggie Wayne,2004,wr,26,25-28,IND,1,102,16,16
DavoneBess24MIA2009,Davone Bess,2009,wr,24,< 24,MIA,Undrafted,Undrafted,16,2
TimBrown*34OAK2000,Tim Brown*,2000,wr,34,32+,OAK,1,134,16,16
PlaxicoBurress28NYG2005,Plaxico Burress,2005,wr,28,25-28,NYG,1,155,16,15
BrianHartline27MIA2013,Brian Hartline,2013,wr,27,25-28,MIA,5,10,16,15
DeAndreHopkins22HOU2014,DeAndre Hopkins,2014,wr,22,< 24,HOU,1,98,16,16
GregJennings27GNB2010,Greg Jennings,2010,wr,27,25-28,GNB,3,126,16,16
KeyshawnJohnson30TAM2002,Keyshawn Johnson,2002,wr,30,29-32,TAM,1,1,16,16
SteveJohnson25BUF2011,Steve Johnson,2011,wr,25,25-28,BUF,8,80,16,16
HakeemNicks23NYG2011,Hakeem Nicks,2011,wr,23,< 24,NYG,1,100,15,15
JerryPorter27OAK2005,Jerry Porter,2005,wr,27,25-28,OAK,3,120,16,14
EmmanuelSanders28DEN2015,Emmanuel Sanders,2015,wr,28,25-28,DEN,4,158,15,15
DavanteAdams24GNB2016,Davante Adams,2016,wr,24,< 24,GNB,3,127,16,15
KamarAiken26BAL2015,Kamar Aiken,2015,wr,26,25-28,BAL,Undrafted,Undrafted,16,14
DougBaldwin29SEA2017,Doug Baldwin,2017,wr,29,29-32,SEA,Undrafted,Undrafted,16,16
ColeBeasley27DAL2016,Cole Beasley,2016,wr,27,25-28,DAL,Undrafted,Undrafted,16,6
MarquesColston30NOR2013,Marques Colston,2013,wr,30,29-32,NOR,8,94,15,11
A.J.Green29CIN2017,A.J. Green,2017,wr,29,29-32,CIN,1,112,16,16
TyreekHill23KAN2017,Tyreek Hill,2017,wr,23,< 24,KAN,6,49,15,13
JerryRice*38SFO2000,Jerry Rice*,2000,wr,38,32+,SFO,1,47,16,16
ReggieWayne33IND2011,Reggie Wayne,2011,wr,33,32+,IND,1,102,16,16
DavanteAdams25GNB2017,Davante Adams,2017,wr,25,25-28,GNB,3,127,14,14
IsaacBruce34STL2006,Isaac Bruce,2006,wr,34,32+,STL,3,105,16,13
EricDecker27NYJ2014,Eric Decker,2014,wr,27,25-28,NYJ,4,163,15,15
DonaldDriver33GNB2008,Donald Driver,2008,wr,33,32+,GNB,8,77,16,16
MikeEvans22TAM2015,Mike Evans,2015,wr,22,< 24,TAM,1,145,15,14
BrianHartline26MIA2012,Brian Hartline,2012,wr,26,25-28,MIA,5,10,16,15
QadryIsmail31BAL2001,Qadry Ismail,2001,wr,31,29-32,BAL,3,126,16,15
BrandonLaFell28NWE2014,Brandon LaFell,2014,wr,28,25-28,NWE,4,153,16,13
BrandonLloyd31NWE2012,Brandon Lloyd,2012,wr,31,29-32,NWE,5,21,16,15
SantanaMoss24NYJ2003,Santana Moss,2003,wr,24,< 24,NYJ,1,47,16,12
JeremyShockey22NYG2002,Jeremy Shockey,2002,wr,22,< 24,NYG,1,32,15,14
JimmySmith35JAX2004,Jimmy Smith,2004,wr,35,32+,JAX,3,108,16,16
RodSmith33DEN2003,Rod Smith,2003,wr,33,32+,DEN,Undrafted,Undrafted,15,15
AdamThielen28MIN2018,Adam Thielen,2018,wr,28,25-28,MIN,Undrafted,Undrafted,8,8
HinesWard30PIT2006,Hines Ward,2006,wr,30,29-32,PIT,4,169,14,14
NateWashington28TEN2011,Nate Washington,2011,wr,28,25-28,TEN,Undrafted,Undrafted,16,15
KelvinBenjamin23CAR2014,Kelvin Benjamin,2014,wr,23,< 24,CAR,1,99,16,15
NateBurleson30DET2011,Nate Burleson,2011,wr,30,29-32,DET,4,147,16,11
ReggieBush22NOR2007,Reggie Bush,2007,wr,22,< 24,NOR,1,71,12,10
CrisCarter*36MIN2001,Cris Carter*,2001,wr,36,32+,MIN,5,101,16,16
LaveranuesColes28NYJ2005,Laveranues Coles,2005,wr,28,25-28,NYJ,4,153,16,16
VictorCruz27NYG2013,Victor Cruz,2013,wr,27,25-28,NYG,Undrafted,Undrafted,14,12
T.J.Houshmandzadeh27CIN2004,T.J. Houshmandzadeh,2004,wr,27,25-28,CIN,8,73,16,13
JamesJones30OAK2014,James Jones,2014,wr,30,29-32,OAK,4,153,16,10
DerrickMason27TEN2001,Derrick Mason,2001,wr,27,25-28,TEN,5,174,15,15
DerrickMason35BAL2009,Derrick Mason,2009,wr,35,32+,BAL,5,174,16,16
JordanMatthews24PHI2016,Jordan Matthews,2016,wr,24,< 24,PHI,3,115,14,13
AllenRobinson23JAX2016,Allen Robinson,2016,wr,23,< 24,JAX,3,136,16,16
SteveSmith33CAR2012,Steve Smith,2012,wr,33,32+,CAR,4,149,16,16
MikeWallace27MIA2013,Mike Wallace,2013,wr,27,25-28,MIA,4,160,16,16
WesWelker32DEN2013,Wes Welker,2013,wr,32,29-32,DEN,Undrafted,Undrafted,13,13
DwayneBowe26KAN2010,Dwayne Bowe,2010,wr,26,25-28,KAN,1,83,16,16
AmariCooper21OAK2015,Amari Cooper,2015,wr,21,< 24,OAK,1,112,16,15
MichaelCrabtree24SFO2011,Michael Crabtree,2011,wr,24,< 24,SFO,1,2,15,14
PierreGarcon29WAS2015,Pierre Garcon,2015,wr,29,29-32,WAS,7,74,16,16
VincentJackson29TAM2012,Vincent Jackson,2012,wr,29,29-32,TAM,3,136,16,16
ChadJohnson31CIN2009,Chad Johnson,2009,wr,31,29-32,CIN,3,108,16,15
TerrellOwens*37CIN2010,Terrell Owens*,2010,wr,37,32+,CIN,4,165,14,11
WillieSnead24NOR2016,Willie Snead,2016,wr,24,< 24,NOR,Undrafted,Undrafted,15,4
TaiStreets25SFO2002,Tai Streets,2002,wr,25,25-28,SFO,7,54,16,14
AmaniToomer27NYG2001,Amani Toomer,2001,wr,27,25-28,NYG,3,106,16,14
MikeWallace30BAL2016,Mike Wallace,2016,wr,30,29-32,BAL,4,160,16,16
MikeWallace25PIT2011,Mike Wallace,2011,wr,25,25-28,PIT,4,160,16,14
KeenanAllen21SDG2013,Keenan Allen,2013,wr,21,< 24,SDG,4,151,15,14
BernardBerrian27CHI2007,Bernard Berrian,2007,wr,27,25-28,CHI,4,153,16,15
AnquanBoldin27ARI2007,Anquan Boldin,2007,wr,27,25-28,ARI,3,128,12,11
DavidBoston22ARI2000,David Boston,2000,wr,22,< 24,ARI,1,155,16,16
CurtisConway30SDG2001,Curtis Conway,2001,wr,30,29-32,SDG,1,145,16,16
JerrichoCotchery26NYJ2008,Jerricho Cotchery,2008,wr,26,25-28,NYJ,5,10,16,16
MikeEvans24TAM2017,Mike Evans,2017,wr,24,< 24,TAM,1,145,15,15
LarryFitzgerald29ARI2012,Larry Fitzgerald,2012,wr,29,29-32,ARI,1,101,16,16
RodGardner25WAS2002,Rod Gardner,2002,wr,25,25-28,WAS,1,40,16,15
PercyHarvin22MIN2010,Percy Harvin,2010,wr,22,< 24,MIN,1,79,14,13
CalvinJohnson29DET2014,Calvin Johnson,2014,wr,29,29-32,DET,1,71,13,13
KeyshawnJohnson33DAL2005,Keyshawn Johnson,2005,wr,33,32+,DAL,1,1,16,14
KeyshawnJohnson28TAM2000,Keyshawn Johnson,2000,wr,28,25-28,TAM,1,1,16,16
RuebenRandle23NYG2014,Rueben Randle,2014,wr,23,< 24,NYG,3,138,16,13
HinesWard31PIT2007,Hines Ward,2007,wr,31,29-32,PIT,4,169,13,13
DavidBoston25SDG2003,David Boston,2003,wr,25,25-28,SDG,1,155,14,14
DwayneBowe23KAN2007,Dwayne Bowe,2007,wr,23,< 24,KAN,1,83,16,15
PlaxicoBurress30NYG2007,Plaxico Burress,2007,wr,30,29-32,NYG,1,155,16,16
LaveranuesColes31NYJ2008,Laveranues Coles,2008,wr,31,29-32,NYJ,4,153,16,16
MarquesColston23NOR2006,Marques Colston,2006,wr,23,< 24,NOR,8,94,14,12
MarquesColston26NOR2009,Marques Colston,2009,wr,26,25-28,NOR,8,94,16,14
DonaldDriver27GNB2002,Donald Driver,2002,wr,27,25-28,GNB,8,77,16,16
DonaldDriver34GNB2009,Donald Driver,2009,wr,34,32+,GNB,8,77,16,16
PierreGarcon25IND2011,Pierre Garcon,2011,wr,25,25-28,IND,7,74,16,16
TerryGlenn32DAL2006,Terry Glenn,2006,wr,32,29-32,DAL,1,145,15,14
DarrellJackson23SEA2001,Darrell Jackson,2001,wr,23,< 24,SEA,4,156,16,16
VincentJackson31TAM2014,Vincent Jackson,2014,wr,31,29-32,TAM,3,136,16,16
KeyshawnJohnson32DAL2004,Keyshawn Johnson,2004,wr,32,29-32,DAL,1,1,16,16
KeyshawnJohnson34CAR2006,Keyshawn Johnson,2006,wr,34,32+,CAR,1,1,16,16
BrandonLloyd302TM2011,Brandon Lloyd,2011,wr,30,29-32,2TM,5,21,15,14
JeremyMaclin22PHI2010,Jeremy Maclin,2010,wr,22,< 24,PHI,1,62,16,16
KeenanMcCardell35SDG2005,Keenan McCardell,2005,wr,35,32+,SDG,2,104,16,16
SantanaMoss30WAS2009,Santana Moss,2009,wr,30,29-32,WAS,1,47,16,16
JimmySmith36JAX2005,Jimmy Smith,2005,wr,36,32+,JAX,3,108,16,16
SteveSmith37BAL2016,Steve Smith,2016,wr,37,32+,BAL,4,149,14,14
Donte'Stallworth25NOR2005,Donte' Stallworth,2005,wr,25,25-28,NOR,1,26,16,13
PeterWarrick24CIN2001,Peter Warrick,2001,wr,24,< 24,CIN,1,112,16,14
MilesAustin26DAL2010,Miles Austin,2010,wr,26,25-28,DAL,Undrafted,Undrafted,16,16
AnquanBoldin35SFO2015,Anquan Boldin,2015,wr,35,32+,SFO,3,128,14,13
AntonioBrown23PIT2011,Antonio Brown,2011,wr,23,< 24,PIT,7,68,16,3
IsaacBruce31STL2003,Isaac Bruce,2003,wr,31,29-32,STL,3,105,15,15
AntonioBryant24CLE2005,Antonio Bryant,2005,wr,24,< 24,CLE,3,138,16,15
DezBryant29DAL2017,Dez Bryant,2017,wr,29,29-32,DAL,1,88,16,16
ChrisChambers26MIA2004,Chris Chambers,2004,wr,26,25-28,MIA,3,126,15,15
WayneChrebet27NYJ2000,Wayne Chrebet,2000,wr,27,25-28,NYJ,Undrafted,Undrafted,16,16
LarryFitzgerald23ARI2006,Larry Fitzgerald,2006,wr,23,< 24,ARI,1,101,13,13
A.J.Green26CIN2014,A.J. Green,2014,wr,26,25-28,CIN,1,112,13,13
T.Y.Hilton26IND2015,T.Y. Hilton,2015,wr,26,25-28,IND,4,169,16,15
ChadJohnson24CIN2002,Chad Johnson,2002,wr,24,< 24,CIN,3,108,16,14
JeremyMaclin24PHI2012,Jeremy Maclin,2012,wr,24,< 24,PHI,1,62,15,15
EdMcCaffrey34DEN2002,Ed McCaffrey,2002,wr,34,32+,DEN,4,159,16,16
RandyMoss*31NWE2008,Randy Moss*,2008,wr,31,29-32,NWE,1,76,16,16
TerrellOwens*35DAL2008,Terrell Owens*,2008,wr,35,32+,DAL,4,165,16,16
WillieSnead23NOR2015,Willie Snead,2015,wr,23,< 24,NOR,Undrafted,Undrafted,15,9
AdamThielen26MIN2016,Adam Thielen,2016,wr,26,25-28,MIN,Undrafted,Undrafted,16,10
JavonWalker28DEN2006,Javon Walker,2006,wr,28,25-28,DEN,1,72,16,16
HinesWard29PIT2005,Hines Ward,2005,wr,29,29-32,PIT,4,169,15,15
TyrellWilliams24SDG2016,Tyrell Williams,2016,wr,24,< 24,SDG,Undrafted,Undrafted,16,12
TravisBenjamin26CLE2015,Travis Benjamin,2015,wr,26,25-28,CLE,5,3,16,15
KennyBritt28LAR2016,Kenny Britt,2016,wr,28,25-28,LAR,1,102,15,15
NateBurleson23MIN2004,Nate Burleson,2004,wr,23,< 24,MIN,4,147,16,15
MichaelCrabtree27SFO2014,Michael Crabtree,2014,wr,27,25-28,SFO,1,2,16,16
MikeEvans21TAM2014,Mike Evans,2014,wr,21,< 24,TAM,1,145,15,15
JabarGaffney31WAS2011,Jabar Gaffney,2011,wr,31,29-32,WAS,3,105,16,15
PierreGarcon28WAS2014,Pierre Garcon,2014,wr,28,25-28,WAS,7,74,16,14
DarrellJackson25SEA2003,Darrell Jackson,2003,wr,25,25-28,SEA,4,156,16,16
VincentJackson26SDG2009,Vincent Jackson,2009,wr,26,25-28,SDG,3,136,15,15
GregJennings30MIN2013,Greg Jennings,2013,wr,30,29-32,MIN,3,126,15,15
GregJennings26GNB2009,Greg Jennings,2009,wr,26,25-28,GNB,3,126,16,13
EddieKennison32KAN2005,Eddie Kennison,2005,wr,32,29-32,KAN,1,59,16,16
DerrickMason32BAL2006,Derrick Mason,2006,wr,32,29-32,BAL,5,174,16,15
JordyNelson26GNB2011,Jordy Nelson,2011,wr,26,25-28,GNB,3,108,16,9
BrandonStokley28IND2004,Brandon Stokley,2004,wr,28,25-28,IND,5,7,16,3
ReggieWayne25IND2003,Reggie Wayne,2003,wr,25,25-28,IND,1,102,16,16
KeenanAllen23SDG2015,Keenan Allen,2015,wr,23,< 24,SDG,4,151,8,8
AnquanBoldin36DET2016,Anquan Boldin,2016,wr,36,32+,DET,3,128,16,16
MarkClayton24BAL2006,Mark Clayton,2006,wr,24,< 24,BAL,1,79,16,12
JamisonCrowder23WAS2016,Jamison Crowder,2016,wr,23,< 24,WAS,5,7,16,9
BobbyEngram32SEA2005,Bobby Engram,2005,wr,32,29-32,SEA,3,126,13,13
PierreGarcon24IND2010,Pierre Garcon,2010,wr,24,< 24,IND,7,74,14,14
GregJennings28GNB2011,Greg Jennings,2011,wr,28,25-28,GNB,3,126,13,13
CalvinJohnson24DET2009,Calvin Johnson,2009,wr,24,< 24,DET,1,71,14,14
ChadJohnson32CIN2010,Chad Johnson,2010,wr,32,29-32,CIN,3,108,14,12
KevinJohnson26CLE2002,Kevin Johnson,2002,wr,26,25-28,CLE,3,103,16,15
JordanMatthews22PHI2014,Jordan Matthews,2014,wr,22,< 24,PHI,3,115,16,10
EricMoulds28BUF2001,Eric Moulds,2001,wr,28,25-28,BUF,1,88,16,16
EmmanuelSanders26PIT2013,Emmanuel Sanders,2013,wr,26,25-28,PIT,4,158,16,10
MohamedSanu28ATL2017,Mohamed Sanu,2017,wr,28,25-28,ATL,4,159,15,15
MikeWallace28MIA2014,Mike Wallace,2014,wr,28,25-28,MIA,4,160,16,16
WesWelker25MIA2006,Wes Welker,2006,wr,25,25-28,MIA,Undrafted,Undrafted,16,2
MilesAustin28DAL2012,Miles Austin,2012,wr,28,25-28,DAL,Undrafted,Undrafted,16,15
DougBaldwin26SEA2014,Doug Baldwin,2014,wr,26,25-28,SEA,Undrafted,Undrafted,16,16
AntonioBrown24PIT2012,Antonio Brown,2012,wr,24,< 24,PIT,7,68,13,10
PlaxicoBurress24PIT2001,Plaxico Burress,2001,wr,24,< 24,PIT,1,155,16,16
ChrisChambers292TM2007,Chris Chambers,2007,wr,29,29-32,2TM,3,126,16,12
RandallCobb27GNB2017,Randall Cobb,2017,wr,27,25-28,GNB,3,139,15,14
JamisonCrowder24WAS2017,Jamison Crowder,2017,wr,24,< 24,WAS,5,7,15,6
A.J.Green28CIN2016,A.J. Green,2016,wr,28,25-28,CIN,1,112,10,10
DonaldHayes25CAR2000,Donald Hayes,2000,wr,25,25-28,CAR,5,8,15,15
AndreJohnson22HOU2003,Andre Johnson,2003,wr,22,< 24,HOU,1,101,16,16
CameronMeredith24CHI2016,Cameron Meredith,2016,wr,24,< 24,CHI,Undrafted,Undrafted,14,10
LanceMoore27NOR2010,Lance Moore,2010,wr,27,25-28,NOR,Undrafted,Undrafted,16,1
CecilShorts26JAX2013,Cecil Shorts,2013,wr,26,25-28,JAX,5,15,13,13
MikeThomas23JAX2010,Mike Thomas,2010,wr,23,< 24,JAX,5,9,16,11
DannyAmendola30NWE2015,Danny Amendola,2015,wr,30,29-32,NWE,Undrafted,Undrafted,14,7
AnquanBoldin32BAL2012,Anquan Boldin,2012,wr,32,29-32,BAL,3,128,15,15
JohnBrown25ARI2015,John Brown,2015,wr,25,25-28,ARI,4,168,15,11
BrandinCooks24NWE2017,Brandin Cooks,2017,wr,24,< 24,NWE,1,72,16,15
MichaelFloyd24ARI2013,Michael Floyd,2013,wr,24,< 24,ARI,1,26,16,16
JabarGaffney30DEN2010,Jabar Gaffney,2010,wr,30,29-32,DEN,3,105,16,11
A.J.Green23CIN2011,A.J. Green,2011,wr,23,< 24,CIN,1,112,15,15
MarvinJones25CIN2015,Marvin Jones,2015,wr,25,25-28,CIN,6,50,16,13
MattJones25JAX2008,Matt Jones,2008,wr,25,25-28,JAX,1,76,12,10
JermaineKearse27NYJ2017,Jermaine Kearse,2017,wr,27,25-28,NYJ,Undrafted,Undrafted,16,14
RishardMatthews27TEN2016,Rishard Matthews,2016,wr,27,25-28,TEN,8,82,16,10
LanceMoore29NOR2012,Lance Moore,2012,wr,29,29-32,NOR,Undrafted,Undrafted,15,7
MuhsinMuhammad35CAR2008,Muhsin Muhammad,2008,wr,35,32+,CAR,3,116,16,15
KorenRobinson23SEA2003,Koren Robinson,2003,wr,23,< 24,SEA,1,166,15,15
BillSchroeder29GNB2000,Bill Schroeder,2000,wr,29,29-32,GNB,7,60,16,16
SterlingShepard23NYG2016,Sterling Shepard,2016,wr,23,< 24,NYG,3,113,16,16
SteveSmith30CAR2009,Steve Smith,2009,wr,30,29-32,CAR,4,149,15,15
TorreySmith24BAL2013,Torrey Smith,2013,wr,24,< 24,BAL,3,132,16,16
KevinWalter26HOU2007,Kevin Walter,2007,wr,26,25-28,HOU,8,96,16,15
SammyWatkins21BUF2014,Sammy Watkins,2014,wr,21,< 24,BUF,1,112,16,16
MikeWilliams26SEA2010,Mike Williams,2010,wr,26,25-28,SEA,1,2,14,13
MikeWilliams23TAM2010,Mike Williams,2010,wr,23,< 24,TAM,5,4,16,16
MikeWilliams24TAM2011,Mike Williams,2011,wr,24,< 24,TAM,5,4,16,15
RobertWoods22BUF2014,Robert Woods,2014,wr,22,< 24,BUF,3,114,16,15
JustinBlackmon22JAX2012,Justin Blackmon,2012,wr,22,< 24,JAX,1,123,16,14
AnquanBoldin30BAL2010,Anquan Boldin,2010,wr,30,29-32,BAL,3,128,16,16
IsaacBruce29STL2001,Isaac Bruce,2001,wr,29,29-32,STL,3,105,16,16
ChrisChambers25MIA2003,Chris Chambers,2003,wr,25,25-28,MIA,3,126,16,16
StefonDiggs24MIN2017,Stefon Diggs,2017,wr,24,< 24,MIN,6,37,14,14
DarriusHeyward-Bey24OAK2011,Darrius Heyward-Bey,2011,wr,24,< 24,OAK,1,145,15,14
TorryHolt32STL2008,Torry Holt,2008,wr,32,29-32,STL,1,134,16,14
AllenHurns24JAX2015,Allen Hurns,2015,wr,24,< 24,JAX,Undrafted,Undrafted,15,15
JamesJones28GNB2012,James Jones,2012,wr,28,25-28,GNB,4,153,16,16
JeremyKerley28SFO2016,Jeremy Kerley,2016,wr,28,25-28,SFO,6,42,16,13
BrandonLaFell30CIN2016,Brandon LaFell,2016,wr,30,29-32,CIN,4,153,16,14
DonteMoncrief22IND2015,Donte Moncrief,2015,wr,22,< 24,IND,4,167,16,10
EricMoulds30BUF2003,Eric Moulds,2003,wr,30,29-32,BUF,1,88,13,13
MuhsinMuhammad32CHI2005,Muhsin Muhammad,2005,wr,32,29-32,CHI,3,116,15,15
JerryPorter26OAK2004,Jerry Porter,2004,wr,26,25-28,OAK,3,120,16,16
PeerlessPrice27ATL2003,Peerless Price,2003,wr,27,25-28,ATL,3,127,16,15
AndreRoberts24ARI2012,Andre Roberts,2012,wr,24,< 24,ARI,4,164,15,15
SteveSmith34CAR2013,Steve Smith,2013,wr,34,32+,CAR,4,149,15,15
GoldenTate25SEA2013,Golden Tate,2013,wr,25,25-28,SEA,3,135,16,13
MikeWallace26PIT2012,Mike Wallace,2012,wr,26,25-28,PIT,4,160,15,14
ReggieWayne36IND2014,Reggie Wayne,2014,wr,36,32+,IND,1,102,15,15
RoyWilliams26DET2007,Roy Williams,2007,wr,26,25-28,DET,1,145,12,12
KendallWright23TEN2012,Kendall Wright,2012,wr,23,< 24,TEN,1,72,15,5
DannyAmendola27STL2012,Danny Amendola,2012,wr,27,25-28,STL,Undrafted,Undrafted,11,8
RobbyAnderson24NYJ2017,Robby Anderson,2017,wr,24,< 24,NYJ,Undrafted,Undrafted,16,15
KelvinBenjamin25CAR2016,Kelvin Benjamin,2016,wr,25,25-28,CAR,1,99,16,13
DezBryant23DAL2011,Dez Bryant,2011,wr,23,< 24,DAL,1,88,15,13
NateBurleson28SEA2009,Nate Burleson,2009,wr,28,25-28,SEA,4,147,13,12
PlaxicoBurress29NYG2006,Plaxico Burress,2006,wr,29,29-32,NYG,1,155,15,15
SeanDawkins29SEA2000,Sean Dawkins,2000,wr,29,29-32,SEA,1,47,16,16
LeeEvans27BUF2008,Lee Evans,2008,wr,27,25-28,BUF,1,26,16,16
LarryFitzgerald31ARI2014,Larry Fitzgerald,2014,wr,31,29-32,ARI,1,101,14,13
DevinFunchess23CAR2017,Devin Funchess,2017,wr,23,< 24,CAR,3,114,16,16
AndrewHawkins28CLE2014,Andrew Hawkins,2014,wr,28,25-28,CLE,Undrafted,Undrafted,15,15
DarrellJackson28SEA2006,Darrell Jackson,2006,wr,28,25-28,SEA,4,156,13,13
AndreJohnson24HOU2005,Andre Johnson,2005,wr,24,< 24,HOU,1,101,13,13
MarqiseLee25JAX2016,Marqise Lee,2016,wr,25,25-28,JAX,3,111,16,6
JeremyMaclin23PHI2011,Jeremy Maclin,2011,wr,23,< 24,PHI,1,62,13,13
DerrickMason26TEN2000,Derrick Mason,2000,wr,26,25-28,TEN,5,174,16,10
MuhsinMuhammad29CAR2002,Muhsin Muhammad,2002,wr,29,29-32,CAR,3,116,14,14
JerryRice*41OAK2003,Jerry Rice*,2003,wr,41,32+,OAK,1,47,16,15
MikeSims-Walker25JAX2009,Mike Sims-Walker,2009,wr,25,25-28,JAX,4,154,15,14
KennyStills22NOR2014,Kenny Stills,2014,wr,22,< 24,NOR,6,36,15,7
JamesThrash26PHI2001,James Thrash,2001,wr,26,25-28,PHI,Undrafted,Undrafted,15,15
AmaniToomer29NYG2003,Amani Toomer,2003,wr,29,29-32,NYG,3,106,16,16
RoddyWhite32ATL2013,Roddy White,2013,wr,32,29-32,ATL,1,98,13,13
MikeWilliams25TAM2012,Mike Williams,2012,wr,25,25-28,TAM,5,4,16,16
NelsonAgholor24PHI2017,Nelson Agholor,2017,wr,24,< 24,PHI,1,72,16,10
RonaldCurry27OAK2006,Ronald Curry,2006,wr,27,25-28,OAK,8,86,16,4
AntonioFreeman28GNB2000,Antonio Freeman,2000,wr,28,25-28,GNB,4,167,15,15
JoeyGalloway35TAM2006,Joey Galloway,2006,wr,35,32+,TAM,1,155,16,14
TerryGlenn31DAL2005,Terry Glenn,2005,wr,31,29-32,DAL,1,145,16,16
PercyHarvin24MIN2012,Percy Harvin,2012,wr,24,< 24,MIN,1,79,9,8
IkeHilliard31TAM2007,Ike Hilliard,2007,wr,31,29-32,TAM,1,145,15,10
DarrellJackson24SEA2002,Darrell Jackson,2002,wr,24,< 24,SEA,4,156,13,13
DeSeanJackson22PHI2008,DeSean Jackson,2008,wr,22,< 24,PHI,3,122,16,15
DeSeanJackson23PHI2009,DeSean Jackson,2009,wr,23,< 24,PHI,3,122,15,15
EddieKennison31KAN2004,Eddie Kennison,2004,wr,31,29-32,KAN,1,59,14,14
CooperKupp24LAR2017,Cooper Kupp,2017,wr,24,< 24,LAR,4,144,15,6
DennisNorthcutt26CLE2003,Dennis Northcutt,2003,wr,26,25-28,CLE,3,103,15,6
EddieRoyal28SDG2014,Eddie Royal,2014,wr,28,25-28,SDG,3,115,16,11
DannyAmendola32NWE2017,Danny Amendola,2017,wr,32,29-32,NWE,Undrafted,Undrafted,15,8
OdellBeckham26NYG2018,Odell Beckham,2018,wr,26,25-28,NYG,1,19,8,8
DavoneBess27MIA2012,Davone Bess,2012,wr,27,25-28,MIA,Undrafted,Undrafted,13,13
DeionBranch312TM2010,Deion Branch,2010,wr,31,29-32,2TM,3,140,15,12
SteveBreaston28KAN2011,Steve Breaston,2011,wr,28,25-28,KAN,6,34,16,13
ReggieBrown26PHI2007,Reggie Brown,2007,wr,26,25-28,PHI,3,107,16,14
IsaacBruce36SFO2008,Isaac Bruce,2008,wr,36,32+,SFO,3,105,16,15
RecheCaldwell27NWE2006,Reche Caldwell,2006,wr,27,25-28,NWE,3,121,16,14
JulianEdelman29NWE2015,Julian Edelman,2015,wr,29,29-32,NWE,8,84,9,9
BraylonEdwards23CLE2006,Braylon Edwards,2006,wr,23,< 24,CLE,1,101,16,15
MikeFurrey30DET2007,Mike Furrey,2007,wr,30,29-32,DET,Undrafted,Undrafted,16,10
JoeyGalloway31DAL2002,Joey Galloway,2002,wr,31,29-32,DAL,1,155,16,16
TyreekHill22KAN2016,Tyreek Hill,2016,wr,22,< 24,KAN,6,49,16,1
AdamHumphries24TAM2017,Adam Humphries,2017,wr,24,< 24,TAM,Undrafted,Undrafted,16,3
MarvinJones27DET2017,Marvin Jones,2017,wr,27,25-28,DET,6,50,16,16
GregLittle22CLE2011,Greg Little,2011,wr,22,< 24,CLE,3,133,16,12
BrandonMarshall30CHI2014,Brandon Marshall,2014,wr,30,29-32,CHI,5,18,13,13
DerrickMason36BAL2010,Derrick Mason,2010,wr,36,32+,BAL,5,174,16,15
KeenanMcCardell32TAM2002,Keenan McCardell,2002,wr,32,29-32,TAM,2,104,14,14
JohnnieMorton29DET2000,Johnnie Morton,2000,wr,29,29-32,DET,1,76,16,16
SantanaMoss28WAS2007,Santana Moss,2007,wr,28,25-28,WAS,1,47,14,14
DavidNelson25BUF2011,David Nelson,2011,wr,25,25-28,BUF,Undrafted,Undrafted,16,13
DavidPatten28NWE2002,David Patten,2002,wr,28,25-28,NWE,Undrafted,Undrafted,16,14
TravisTaylor23BAL2002,Travis Taylor,2002,wr,23,< 24,BAL,1,2,16,15
DonnieAvery28IND2012,Donnie Avery,2012,wr,28,25-28,IND,3,105,16,15
DwayneBowe30KAN2014,Dwayne Bowe,2014,wr,30,29-32,KAN,1,83,15,15
PlaxicoBurress26PIT2003,Plaxico Burress,2003,wr,26,25-28,PIT,1,155,16,16
RandallCobb26GNB2016,Randall Cobb,2016,wr,26,25-28,GNB,3,139,13,10
AustinCollie24IND2009,Austin Collie,2009,wr,24,< 24,IND,5,23,16,5
KevinCurtis27STL2005,Kevin Curtis,2005,wr,27,25-28,STL,4,149,16,9
MarvinHarrison*36IND2008,Marvin Harrison*,2008,wr,36,32+,IND,1,62,15,15
PercyHarvin21MIN2009,Percy Harvin,2009,wr,21,< 24,MIN,1,79,15,8
IkeHilliard27NYG2003,Ike Hilliard,2003,wr,27,25-28,NYG,1,145,13,12
VincentJackson28SDG2011,Vincent Jackson,2011,wr,28,25-28,SDG,3,136,16,16
ShawnJefferson31ATL2000,Shawn Jefferson,2000,wr,31,29-32,ATL,10,89,16,14
AndreJohnson26HOU2007,Andre Johnson,2007,wr,26,25-28,HOU,1,101,9,9
MarioManningham24NYG2010,Mario Manningham,2010,wr,24,< 24,NYG,4,171,16,8
RandyMoss*28OAK2005,Randy Moss*,2005,wr,28,25-28,OAK,1,76,16,15
MuhsinMuhammad33CHI2006,Muhsin Muhammad,2006,wr,33,32+,CHI,3,116,16,16
ToddPinkston25PHI2002,Todd Pinkston,2002,wr,25,25-28,PHI,3,108,15,15
RodStreater25OAK2013,Rod Streater,2013,wr,25,25-28,OAK,Undrafted,Undrafted,16,14
AmaniToomer31NYG2005,Amani Toomer,2005,wr,31,29-32,NYG,3,106,16,15
MikeWallace24PIT2010,Mike Wallace,2010,wr,24,< 24,PIT,4,160,16,16
KevinWalter27HOU2008,Kevin Walter,2008,wr,27,25-28,HOU,8,96,16,16
SammyWatkins22BUF2015,Sammy Watkins,2015,wr,22,< 24,BUF,1,112,13,13
ArnazBattle26SFO2006,Arnaz Battle,2006,wr,26,25-28,SFO,7,69,16,15
DwayneBowe28KAN2012,Dwayne Bowe,2012,wr,28,25-28,KAN,1,83,13,12
ChrisChambers28MIA2006,Chris Chambers,2006,wr,28,25-28,MIA,3,126,16,16
LaveranuesColes24NYJ2001,Laveranues Coles,2001,wr,24,< 24,NYJ,4,153,16,16
MarquesColston31NOR2014,Marques Colston,2014,wr,31,29-32,NOR,8,94,16,13
JamisonCrowder22WAS2015,Jamison Crowder,2015,wr,22,< 24,WAS,5,7,16,6
RodGardner26WAS2003,Rod Gardner,2003,wr,26,25-28,WAS,1,40,16,16
DavidGivens25NWE2005,David Givens,2005,wr,25,25-28,NWE,8,95,13,10
VincentJackson25SDG2008,Vincent Jackson,2008,wr,25,25-28,SDG,3,136,16,16
GregJennings31MIN2014,Greg Jennings,2014,wr,31,29-32,MIN,3,126,16,13
JamesJones29GNB2013,James Jones,2013,wr,29,29-32,GNB,4,153,14,14
BrandonMarshall32NYJ2016,Brandon Marshall,2016,wr,32,29-32,NYJ,5,18,15,15
EddieRoyal24DEN2010,Eddie Royal,2010,wr,24,< 24,DEN,3,115,16,10
MohamedSanu27ATL2016,Mohamed Sanu,2016,wr,27,25-28,ATL,4,159,15,15
SterlingShepard24NYG2017,Sterling Shepard,2017,wr,24,< 24,NYG,3,113,11,10
AmaniToomer33NYG2007,Amani Toomer,2007,wr,33,32+,NYG,3,106,16,15
HinesWard34PIT2010,Hines Ward,2010,wr,34,32+,PIT,4,169,16,15
KendallWright28CHI2017,Kendall Wright,2017,wr,28,25-28,CHI,1,72,16,4
TavonAustin26LAR2016,Tavon Austin,2016,wr,26,25-28,LAR,1,155,15,15
DrewBennett27TEN2005,Drew Bennett,2005,wr,27,25-28,TEN,Undrafted,Undrafted,13,10
AntonioBryant232TM2004,Antonio Bryant,2004,wr,23,< 24,2TM,3,138,15,8
AustinCollie25IND2010,Austin Collie,2010,wr,25,25-28,IND,5,23,9,6
MichaelCrabtree30OAK2017,Michael Crabtree,2017,wr,30,29-32,OAK,1,2,14,14
StefonDiggs25MIN2018,Stefon Diggs,2018,wr,25,25-28,MIN,6,37,8,8
QuincyEnunwa24NYJ2016,Quincy Enunwa,2016,wr,24,< 24,NYJ,7,75,16,13
LarryFitzgerald21ARI2004,Larry Fitzgerald,2004,wr,21,< 24,ARI,1,101,16,16
DontrelleInman27SDG2016,Dontrelle Inman,2016,wr,27,25-28,SDG,Undrafted,Undrafted,16,16
DeSeanJackson25PHI2011,DeSean Jackson,2011,wr,25,25-28,PHI,3,122,15,15
KevinJohnson272TM2003,Kevin Johnson,2003,wr,27,25-28,2TM,3,103,15,9
BilalPowell28NYJ2016,Bilal Powell,2016,wr,28,25-28,NYJ,5,22,16,4
JoshReed23BUF2003,Josh Reed,2003,wr,23,< 24,BUF,3,108,16,16
JuJuSmith-Schuster21PIT2017,JuJu Smith-Schuster,2017,wr,21,< 24,PIT,3,137,14,7
Donte'Stallworth24NOR2004,Donte' Stallworth,2004,wr,24,< 24,NOR,1,26,16,10
KennyStills25MIA2017,Kenny Stills,2017,wr,25,25-28,MIA,6,36,16,16
MichaelThomas25NOR2018,Michael Thomas,2018,wr,25,25-28,NOR,3,120,7,7
NateWashington30TEN2013,Nate Washington,2013,wr,30,29-32,TEN,Undrafted,Undrafted,16,15
AnquanBoldin31BAL2011,Anquan Boldin,2011,wr,31,29-32,BAL,3,128,14,14
DwayneBowe29KAN2013,Dwayne Bowe,2013,wr,29,29-32,KAN,1,83,15,15
DeionBranch24NWE2003,Deion Branch,2003,wr,24,< 24,NWE,3,140,15,12
CurtisConway31SDG2002,Curtis Conway,2002,wr,31,29-32,SDG,1,145,13,13
JerrichoCotchery27NYJ2009,Jerricho Cotchery,2009,wr,27,25-28,NYJ,5,10,14,12
JoeyGalloway36TAM2007,Joey Galloway,2007,wr,36,32+,TAM,1,155,15,15
AnthonyGonzalez24IND2008,Anthony Gonzalez,2008,wr,24,< 24,IND,1,103,16,2
DevinHester27CHI2009,Devin Hester,2009,wr,27,25-28,CHI,3,131,13,12
T.Y.Hilton28IND2017,T.Y. Hilton,2017,wr,28,25-28,IND,4,169,16,16
AlshonJeffery27PHI2017,Alshon Jeffery,2017,wr,27,25-28,PHI,3,118,16,16
KevinJohnson24CLE2000,Kevin Johnson,2000,wr,24,< 24,CLE,3,103,16,16
MarioManningham23NYG2009,Mario Manningham,2009,wr,23,< 24,NYG,4,171,14,10
TeranceMathis33ATL2000,Terance Mathis,2000,wr,33,32+,ATL,7,33,16,16
EricMoulds33HOU2006,Eric Moulds,2006,wr,33,32+,HOU,1,88,16,16
DeVanteParker24MIA2017,DeVante Parker,2017,wr,24,< 24,MIA,1,32,13,12
EricParker26SDG2005,Eric Parker,2005,wr,26,25-28,SDG,Undrafted,Undrafted,15,9
RuebenRandle24NYG2015,Rueben Randle,2015,wr,24,< 24,NYG,3,138,16,16
DarnayScott29CIN2001,Darnay Scott,2001,wr,29,29-32,CIN,3,102,16,15
SteveSmith23NYG2008,Steve Smith,2008,wr,23,< 24,NYG,3,125,16,4
TravisTaylor27MIN2006,Travis Taylor,2006,wr,27,25-28,MIN,1,2,16,16
MichaelWestbrook29WAS2001,Michael Westbrook,2001,wr,29,29-32,WAS,1,112,16,16
KendallWright25TEN2014,Kendall Wright,2014,wr,25,25-28,TEN,1,72,14,11
AnquanBoldin24ARI2004,Anquan Boldin,2004,wr,24,< 24,ARI,3,128,10,9
WayneChrebet28NYJ2001,Wayne Chrebet,2001,wr,28,25-28,NYJ,Undrafted,Undrafted,15,15
BrianFinneran26ATL2002,Brian Finneran,2002,wr,26,25-28,ATL,Undrafted,Undrafted,16,16
MalcomFloyd31SDG2012,Malcom Floyd,2012,wr,31,29-32,SDG,Undrafted,Undrafted,14,14
OrondeGadsden29MIA2000,Oronde Gadsden,2000,wr,29,29-32,MIA,Undrafted,Undrafted,16,16
TedGinn23MIA2008,Ted Ginn,2008,wr,23,< 24,MIA,1,166,16,14
DavidGivens24NWE2004,David Givens,2004,wr,24,< 24,NWE,8,95,15,12
TerryGlenn28GNB2002,Terry Glenn,2002,wr,28,25-28,GNB,1,145,15,14
MarquiseGoodwin27SFO2017,Marquise Goodwin,2017,wr,27,25-28,SFO,4,153,16,16
DeSeanJackson28WAS2014,DeSean Jackson,2014,wr,28,25-28,WAS,3,122,15,13
DeSeanJackson30WAS2016,DeSean Jackson,2016,wr,30,29-32,WAS,3,122,15,15
CharlesJohnson28PHI2000,Charles Johnson,2000,wr,28,25-28,PHI,1,53,16,16
EddieKennison30KAN2003,Eddie Kennison,2003,wr,30,29-32,KAN,1,59,16,16
JeremyKerley24NYJ2012,Jeremy Kerley,2012,wr,24,< 24,NYJ,6,42,16,7
MarqiseLee26JAX2017,Marqise Lee,2017,wr,26,25-28,JAX,3,111,14,14
JeremyMaclin21PHI2009,Jeremy Maclin,2009,wr,21,< 24,PHI,1,62,15,13
JustinMcCareins26NYJ2004,Justin McCareins,2004,wr,26,25-28,NYJ,5,21,16,16
ZachMiller23OAK2008,Zach Miller,2008,wr,23,< 24,OAK,3,110,16,15
QuincyMorgan25CLE2002,Quincy Morgan,2002,wr,25,25-28,CLE,3,105,16,16
HakeemNicks25NYG2013,Hakeem Nicks,2013,wr,25,25-28,NYG,1,100,15,15
DeVanteParker23MIA2016,DeVante Parker,2016,wr,23,< 24,MIA,1,32,15,8
JoshReed28BUF2008,Josh Reed,2008,wr,28,25-28,BUF,3,108,13,13
MohamedSanu25CIN2014,Mohamed Sanu,2014,wr,25,25-28,CIN,4,159,16,13
BobbyShaw28BUF2003,Bobby Shaw,2003,wr,28,25-28,BUF,7,52,16,7
RobertWoods25LAR2017,Robert Woods,2017,wr,25,25-28,LAR,3,114,12,11
BernardBerrian29MIN2009,Bernard Berrian,2009,wr,29,29-32,MIN,4,153,16,15
MartyBooker30MIA2006,Marty Booker,2006,wr,30,29-32,MIA,4,153,14,13
SteveBreaston26ARI2009,Steve Breaston,2009,wr,26,25-28,ARI,6,34,15,6
IsaacBruce35STL2007,Isaac Bruce,2007,wr,35,32+,STL,3,105,14,12
NateBurleson29DET2010,Nate Burleson,2010,wr,29,29-32,DET,4,147,14,14
GregCamarillo26MIA2008,Greg Camarillo,2008,wr,26,25-28,MIA,Undrafted,Undrafted,11,11
LaveranuesColes30NYJ2007,Laveranues Coles,2007,wr,30,29-32,NYJ,4,153,12,10
RileyCooper27PHI2014,Riley Cooper,2014,wr,27,25-28,PHI,6,46,16,16
MichaelCrabtree23SFO2010,Michael Crabtree,2010,wr,23,< 24,SFO,1,2,16,15
RonaldCurry28OAK2007,Ronald Curry,2007,wr,28,25-28,OAK,8,86,16,13
BraylonEdwards25CLE2008,Braylon Edwards,2008,wr,25,25-28,CLE,1,101,16,16
LeeEvans26BUF2007,Lee Evans,2007,wr,26,25-28,BUF,1,26,16,16
OrondeGadsden30MIA2001,Oronde Gadsden,2001,wr,30,29-32,MIA,Undrafted,Undrafted,14,14
JabarGaffney25HOU2005,Jabar Gaffney,2005,wr,25,25-28,HOU,3,105,16,13
JustinGage26TEN2007,Justin Gage,2007,wr,26,25-28,TEN,6,35,16,8
JeffGraham31SDG2000,Jeff Graham,2000,wr,31,29-32,SDG,3,119,14,13
IkeHilliard24NYG2000,Ike Hilliard,2000,wr,24,< 24,NYG,1,145,14,14
SantonioHolmes24PIT2008,Santonio Holmes,2008,wr,24,< 24,PIT,1,92,15,15
AdamHumphries23TAM2016,Adam Humphries,2016,wr,23,< 24,TAM,Undrafted,Undrafted,15,4
MarvinJones26DET2016,Marvin Jones,2016,wr,26,25-28,DET,6,50,15,15
JoeJurevicius31SEA2005,Joe Jurevicius,2005,wr,31,29-32,SEA,3,129,16,12
EddieKennison27CHI2000,Eddie Kennison,2000,wr,27,25-28,CHI,1,59,16,10
JamesMcKnight29MIA2001,James McKnight,2001,wr,29,29-32,MIA,Undrafted,Undrafted,16,15
JohnnieMorton33KAN2004,Johnnie Morton,2004,wr,33,32+,KAN,1,76,13,12
SantanaMoss27WAS2006,Santana Moss,2006,wr,27,25-28,WAS,1,47,14,14
DennisNorthcutt27CLE2004,Dennis Northcutt,2004,wr,27,25-28,CLE,3,103,16,11
TerrellOwens*36BUF2009,Terrell Owens*,2009,wr,36,32+,BUF,4,165,16,16
PeerlessPrice25BUF2001,Peerless Price,2001,wr,25,25-28,BUF,3,127,16,16
MarcusRobinson25CHI2000,Marcus Robinson,2000,wr,25,25-28,CHI,5,10,11,11
CecilShorts25JAX2012,Cecil Shorts,2012,wr,25,25-28,JAX,5,15,14,9
DarrenSproles32PHI2015,Darren Sproles,2015,wr,32,29-32,PHI,5,27,16,4
RoydellWilliams26TEN2007,Roydell Williams,2007,wr,26,25-28,TEN,5,29,16,14
DannyAmendola28NWE2013,Danny Amendola,2013,wr,28,25-28,NWE,Undrafted,Undrafted,12,6
EarlBennett22CHI2009,Earl Bennett,2009,wr,22,< 24,CHI,4,146,16,15
DavoneBess23MIA2008,Davone Bess,2008,wr,23,< 24,MIA,Undrafted,Undrafted,16,6
TylerBoyd22CIN2016,Tyler Boyd,2016,wr,22,< 24,CIN,3,129,16,2
AustinCollie26IND2011,Austin Collie,2011,wr,26,25-28,IND,5,23,16,5
EricDecker30TEN2017,Eric Decker,2017,wr,30,29-32,TEN,4,163,16,8
EarlyDoucet26ARI2011,Early Doucet,2011,wr,26,25-28,ARI,4,157,16,6
KevinDyson26TEN2001,Kevin Dyson,2001,wr,26,25-28,TEN,1,47,16,16
CobyFleener27IND2015,Coby Fleener,2015,wr,27,25-28,IND,3,106,16,11
JabarGaffney29DEN2009,Jabar Gaffney,2009,wr,29,29-32,DEN,3,105,16,7
TedGinn31CAR2016,Ted Ginn,2016,wr,31,29-32,CAR,1,166,16,8
AlshonJeffery25CHI2015,Alshon Jeffery,2015,wr,25,25-28,CHI,3,118,9,8
JulioJones22ATL2011,Julio Jones,2011,wr,22,< 24,ATL,1,134,13,13
AshleyLelie24DEN2004,Ashley Lelie,2004,wr,24,< 24,DEN,1,62,16,16
MuhsinMuhammad30CAR2003,Muhsin Muhammad,2003,wr,30,29-32,CAR,3,116,15,15
DavidPatten33NOR2007,David Patten,2007,wr,33,32+,NOR,Undrafted,Undrafted,16,5
LaurentRobinson26DAL2011,Laurent Robinson,2011,wr,26,25-28,DAL,4,150,14,4
FrankSanders27ARI2000,Frank Sanders,2000,wr,27,25-28,ARI,3,120,16,16
JimmySmith34JAX2003,Jimmy Smith,2003,wr,34,32+,JAX,3,108,12,12
SteveSmith23CAR2002,Steve Smith,2002,wr,23,< 24,CAR,4,149,15,13
J.J.Stokes29SFO2001,J.J. Stokes,2001,wr,29,29-32,SFO,1,2,16,16
BobbyWade26MIN2007,Bobby Wade,2007,wr,26,25-28,MIN,6,31,16,12
DedricWard26NYJ2000,Dedric Ward,2000,wr,26,25-28,NYJ,4,164,16,16
RoyWilliams23DET2004,Roy Williams,2004,wr,23,< 24,DET,1,145,14,12
TimWright23TAM2013,Tim Wright,2013,wr,23,< 24,TAM,Undrafted,Undrafted,16,8
JasonAvant29PHI2012,Jason Avant,2012,wr,29,29-32,PHI,5,11,14,6
DonnieAvery24STL2008,Donnie Avery,2008,wr,24,< 24,STL,3,105,15,12
DeionBranch27SEA2006,Deion Branch,2006,wr,27,25-28,SEA,3,140,14,13
TarikCohen22CHI2017,Tarik Cohen,2017,wr,22,< 24,CHI,5,18,16,4
CurtisConway29SDG2000,Curtis Conway,2000,wr,29,29-32,SDG,1,145,14,14
BrandinCooks21NOR2014,Brandin Cooks,2014,wr,21,< 24,NOR,1,72,10,7
BraylonEdwards27NYJ2010,Braylon Edwards,2010,wr,27,25-28,NYJ,1,101,16,15
BrandonGibson23STL2010,Brandon Gibson,2010,wr,23,< 24,STL,7,67,14,12
TedGinn32NOR2017,Ted Ginn,2017,wr,32,29-32,NOR,1,166,15,10
Az-ZahirHakim23STL2000,Az-Zahir Hakim,2000,wr,23,< 24,STL,5,172,16,4
DeAndreHopkins26HOU2018,DeAndre Hopkins,2018,wr,26,25-28,HOU,1,98,8,8
RocketIsmail32DAL2001,Rocket Ismail,2001,wr,32,29-32,DAL,5,3,14,13
DarrellJackson22SEA2000,Darrell Jackson,2000,wr,22,< 24,SEA,4,156,16,9
MichaelJenkins25ATL2007,Michael Jenkins,2007,wr,25,25-28,ATL,1,100,15,6
GregJennings24GNB2007,Greg Jennings,2007,wr,24,< 24,GNB,3,126,13,13
ChadJohnson30CIN2008,Chad Johnson,2008,wr,30,29-32,CIN,3,108,13,10
JulioJones29ATL2018,Julio Jones,2018,wr,29,29-32,ATL,1,134,7,7
EddieKennison33KAN2006,Eddie Kennison,2006,wr,33,32+,KAN,1,59,16,16
EddieKennison29KAN2002,Eddie Kennison,2002,wr,29,29-32,KAN,1,59,16,14
GregLittle23CLE2012,Greg Little,2012,wr,23,< 24,CLE,3,133,16,16
RishardMatthews28TEN2017,Rishard Matthews,2017,wr,28,25-28,TEN,8,82,14,11
DexterMcCluster24KAN2013,Dexter McCluster,2013,wr,24,< 24,KAN,3,108,15,6
MuhsinMuhammad36CAR2009,Muhsin Muhammad,2009,wr,36,32+,CAR,3,116,14,13
JordyNelson32GNB2017,Jordy Nelson,2017,wr,32,29-32,GNB,3,108,15,15
HakeemNicks24NYG2012,Hakeem Nicks,2012,wr,24,< 24,NYG,1,100,13,11
AntwaanRandle El29WAS2008,Antwaan Randle El,2008,wr,29,29-32,WAS,3,137,16,16
BillSchroeder30GNB2001,Bill Schroeder,2001,wr,30,29-32,GNB,7,60,14,14
CecilShorts27JAX2014,Cecil Shorts,2014,wr,27,25-28,JAX,5,15,13,12
DerriusThompson25WAS2002,Derrius Thompson,2002,wr,25,25-28,WAS,Undrafted,Undrafted,16,14
BobbyWade27MIN2008,Bobby Wade,2008,wr,27,25-28,MIN,6,31,16,14
KevinWalter28HOU2009,Kevin Walter,2009,wr,28,25-28,HOU,8,96,14,14
PeterWarrick25CIN2002,Peter Warrick,2002,wr,25,25-28,CIN,1,112,15,10
MarkusWheaton23PIT2014,Markus Wheaton,2014,wr,23,< 24,PIT,4,154,16,11
TerranceWilliams28DAL2017,Terrance Williams,2017,wr,28,25-28,DAL,4,149,16,14
DavanteAdams26GNB2018,Davante Adams,2018,wr,26,25-28,GNB,3,127,7,7
TavonAustin25STL2015,Tavon Austin,2015,wr,25,25-28,STL,1,155,16,15
JasonAvant28PHI2011,Jason Avant,2011,wr,28,25-28,PHI,5,11,16,7
ColeBeasley26DAL2015,Cole Beasley,2015,wr,26,25-28,DAL,Undrafted,Undrafted,16,3
MartyBooker27CHI2003,Marty Booker,2003,wr,27,25-28,CHI,4,153,13,13
TimBrown*37OAK2003,Tim Brown*,2003,wr,37,32+,OAK,1,134,16,15
ChrisChambers24MIA2002,Chris Chambers,2002,wr,24,< 24,MIA,3,126,15,15
StefonDiggs22MIN2015,Stefon Diggs,2015,wr,22,< 24,MIN,6,37,13,9
DonaldDriver28GNB2003,Donald Driver,2003,wr,28,25-28,GNB,8,77,15,15
BobbyEngram30SEA2003,Bobby Engram,2003,wr,30,29-32,SEA,3,126,16,7
MalcomFloyd33SDG2014,Malcom Floyd,2014,wr,33,32+,SDG,Undrafted,Undrafted,16,16
MichaelFloyd26ARI2015,Michael Floyd,2015,wr,26,25-28,ARI,1,26,15,6
AntonioFreeman29GNB2001,Antonio Freeman,2001,wr,29,29-32,GNB,4,167,16,16
JoeyGalloway30DAL2001,Joey Galloway,2001,wr,30,29-32,DAL,1,155,16,16
TerryGlenn29DAL2003,Terry Glenn,2003,wr,29,29-32,DAL,1,145,16,14
JeffGraham32SDG2001,Jeff Graham,2001,wr,32,29-32,SDG,3,119,14,11
DonaldHayes26CAR2001,Donald Hayes,2001,wr,26,25-28,CAR,5,8,16,15
IkeHilliard25NYG2001,Ike Hilliard,2001,wr,25,25-28,NYG,1,145,14,10
SantonioHolmes23PIT2007,Santonio Holmes,2007,wr,23,< 24,PIT,1,92,13,13
SantonioHolmes26NYJ2010,Santonio Holmes,2010,wr,26,25-28,NYJ,1,92,12,10
DeAndreHopkins21HOU2013,DeAndre Hopkins,2013,wr,21,< 24,HOU,1,98,16,16
AlshonJeffery26CHI2016,Alshon Jeffery,2016,wr,26,25-28,CHI,3,118,12,12
SteveJohnson27BUF2013,Steve Johnson,2013,wr,27,25-28,BUF,8,80,12,12
BrandonLaFell31CIN2017,Brandon LaFell,2017,wr,31,29-32,CIN,4,153,16,15
DexterMcCluster23KAN2012,Dexter McCluster,2012,wr,23,< 24,KAN,3,108,16,6
JamesMcKnight28DAL2000,James McKnight,2000,wr,28,25-28,DAL,Undrafted,Undrafted,16,15
LanceMoore28NOR2011,Lance Moore,2011,wr,28,25-28,NOR,Undrafted,Undrafted,14,7
JoshMorgan24SFO2009,Josh Morgan,2009,wr,24,< 24,SFO,7,56,16,15
CordarrellePatterson25MIN2016,Cordarrelle Patterson,2016,wr,25,25-28,MIN,1,100,16,8
PeerlessPrice24BUF2000,Peerless Price,2000,wr,24,< 24,BUF,3,127,16,16
JordanShipley25CIN2010,Jordan Shipley,2010,wr,25,25-28,CIN,4,160,15,4
RodSmith36DEN2006,Rod Smith,2006,wr,36,32+,DEN,Undrafted,Undrafted,16,16
JamesThrash27PHI2002,James Thrash,2002,wr,27,25-28,PHI,Undrafted,Undrafted,16,16
MikeWallace31BAL2017,Mike Wallace,2017,wr,31,29-32,BAL,4,160,15,14
ReggieWilliams23JAX2006,Reggie Williams,2006,wr,23,< 24,JAX,1,166,16,14
TerranceWilliams26DAL2015,Terrance Williams,2015,wr,26,25-28,DAL,4,149,16,13
JasonAvant27PHI2010,Jason Avant,2010,wr,27,25-28,PHI,5,11,16,3
DougBaldwin23SEA2011,Doug Baldwin,2011,wr,23,< 24,SEA,Undrafted,Undrafted,16,1
BernardBerrian26CHI2006,Bernard Berrian,2006,wr,26,25-28,CHI,4,153,15,14
DavoneBess26MIA2011,Davone Bess,2011,wr,26,25-28,MIA,Undrafted,Undrafted,16,4
DeionBranch32NWE2011,Deion Branch,2011,wr,32,29-32,NWE,3,140,15,15
AndreCaldwell24CIN2009,Andre Caldwell,2009,wr,24,< 24,CIN,4,173,16,3
WayneChrebet29NYJ2002,Wayne Chrebet,2002,wr,29,29-32,NYJ,Undrafted,Undrafted,15,15
HarryDouglas30ATL2014,Harry Douglas,2014,wr,30,29-32,ATL,4,160,12,6
DonaldDriver35GNB2010,Donald Driver,2010,wr,35,32+,GNB,8,77,15,15
RodGardner27WAS2004,Rod Gardner,2004,wr,27,25-28,WAS,1,40,16,14
BrandonGibson25STL2012,Brandon Gibson,2012,wr,25,25-28,STL,7,67,16,13
JacquezGreen24TAM2000,Jacquez Green,2000,wr,24,< 24,TAM,3,106,16,16
PercyHarvin262TM2014,Percy Harvin,2014,wr,26,25-28,2TM,1,79,13,12
AndrewHawkins26CIN2012,Andrew Hawkins,2012,wr,26,25-28,CIN,Undrafted,Undrafted,14,2
DeveryHenderson27NOR2009,Devery Henderson,2009,wr,27,25-28,NOR,3,124,16,11
DevinHester26CHI2008,Devin Hester,2008,wr,26,25-28,CHI,3,131,15,8
SantonioHolmes27NYJ2011,Santonio Holmes,2011,wr,27,25-28,NYJ,1,92,16,16
TorryHolt33JAX2009,Torry Holt,2009,wr,33,32+,JAX,1,134,15,12
AllenHurns23JAX2014,Allen Hurns,2014,wr,23,< 24,JAX,Undrafted,Undrafted,16,8
JacobyJones26HOU2010,Jacoby Jones,2010,wr,26,25-28,HOU,4,148,15,7
MarvinJones23CIN2013,Marvin Jones,2013,wr,23,< 24,CIN,6,50,16,3
JoeJurevicius27NYG2001,Joe Jurevicius,2001,wr,27,25-28,NYG,3,129,14,9
JohnnyKnox24CHI2010,Johnny Knox,2010,wr,24,< 24,CHI,6,33,16,16
TylerLockett23SEA2015,Tyler Lockett,2015,wr,23,< 24,SEA,4,144,16,8
TeranceMathis34ATL2001,Terance Mathis,2001,wr,34,32+,ATL,7,33,16,16
DenariusMoore24OAK2012,Denarius Moore,2012,wr,24,< 24,OAK,6,38,15,15
DavidPatten27NWE2001,David Patten,2001,wr,27,25-28,NWE,Undrafted,Undrafted,16,14
JerryPorter24OAK2002,Jerry Porter,2002,wr,24,< 24,OAK,3,120,16,14
AntwaanRandle El28WAS2007,Antwaan Randle El,2007,wr,28,25-28,WAS,3,137,15,13
JoshReed27BUF2007,Josh Reed,2007,wr,27,25-28,BUF,3,108,15,9
AndreRoberts23ARI2011,Andre Roberts,2011,wr,23,< 24,ARI,4,164,16,16
AceSanders22JAX2013,Ace Sanders,2013,wr,22,< 24,JAX,5,4,15,4
AmaniToomer30NYG2004,Amani Toomer,2004,wr,30,29-32,NYG,3,106,15,14
KevinWalter29HOU2010,Kevin Walter,2010,wr,29,29-32,HOU,8,96,16,16
PeterWarrick23CIN2000,Peter Warrick,2000,wr,23,< 24,CIN,1,112,16,16
DezWhite23CHI2002,Dez White,2002,wr,23,< 24,CHI,4,144,16,14
RobertWoods24BUF2016,Robert Woods,2016,wr,24,< 24,BUF,3,114,13,10
DavanteAdams23GNB2015,Davante Adams,2015,wr,23,< 24,GNB,3,127,13,12
DougBaldwin25SEA2013,Doug Baldwin,2013,wr,25,25-28,SEA,Undrafted,Undrafted,16,9
D'WayneBates27MIN2002,D'Wayne Bates,2002,wr,27,25-28,MIN,4,147,14,11
ArnazBattle27SFO2007,Arnaz Battle,2007,wr,27,25-28,SFO,7,69,16,15
MartyBooker31MIA2007,Marty Booker,2007,wr,31,29-32,MIA,4,153,15,15
MartyBooker28MIA2004,Marty Booker,2004,wr,28,25-28,MIA,4,153,15,15
DezBryant28DAL2016,Dez Bryant,2016,wr,28,25-28,DAL,1,88,13,13
MartavisBryant24PIT2015,Martavis Bryant,2015,wr,24,< 24,PIT,5,17,11,5
MartavisBryant26PIT2017,Martavis Bryant,2017,wr,26,25-28,PIT,5,17,15,8
NateBurleson26SEA2007,Nate Burleson,2007,wr,26,25-28,SEA,4,147,16,12
GregCamarillo27MIA2009,Greg Camarillo,2009,wr,27,25-28,MIA,Undrafted,Undrafted,16,16
PatrickCrayton28DAL2007,Patrick Crayton,2007,wr,28,25-28,DAL,8,78,15,13
RonaldCurry25OAK2004,Ronald Curry,2004,wr,25,25-28,OAK,8,86,12,3
TimDwight27SDG2002,Tim Dwight,2002,wr,27,25-28,SDG,5,15,16,14
TroyEdwards27JAX2004,Troy Edwards,2004,wr,27,25-28,JAX,1,26,16,4
BobbyEngram29SEA2002,Bobby Engram,2002,wr,29,29-32,SEA,3,126,15,6
BrianFinneran29ATL2005,Brian Finneran,2005,wr,29,29-32,ATL,Undrafted,Undrafted,16,7
JoshGordon21CLE2012,Josh Gordon,2012,wr,21,< 24,CLE,3,1,16,13
T.Y.Hilton23IND2012,T.Y. Hilton,2012,wr,23,< 24,IND,4,169,15,1
DeSeanJackson31TAM2017,DeSean Jackson,2017,wr,31,29-32,TAM,3,122,14,13
MichaelJenkins26ATL2008,Michael Jenkins,2008,wr,26,25-28,ATL,1,100,16,12
MichaelJenkins27ATL2009,Michael Jenkins,2009,wr,27,25-28,ATL,1,100,15,9
JamesJones31GNB2015,James Jones,2015,wr,31,29-32,GNB,4,153,16,15
JamesJones26GNB2010,James Jones,2010,wr,26,25-28,GNB,4,153,16,3
JoeJurevicius33CLE2007,Joe Jurevicius,2007,wr,33,32+,CLE,3,129,16,12
JohnnieMorton32KAN2003,Johnnie Morton,2003,wr,32,29-32,KAN,1,76,16,16
MuhsinMuhammad28CAR2001,Muhsin Muhammad,2001,wr,28,25-28,CAR,3,116,11,11
JeromePathon25IND2000,Jerome Pathon,2000,wr,25,25-28,IND,3,103,16,10
AntwaanRandle El30WAS2009,Antwaan Randle El,2009,wr,30,29-32,WAS,3,137,16,3
SidneyRice26SEA2012,Sidney Rice,2012,wr,26,25-28,SEA,3,117,16,16
EmmanuelSanders31DEN2018,Emmanuel Sanders,2018,wr,31,29-32,DEN,4,158,8,8
JeromeSimpson25CIN2011,Jerome Simpson,2011,wr,25,25-28,CIN,3,119,16,14
TorreySmith22BAL2011,Torrey Smith,2011,wr,22,< 24,BAL,3,132,16,14
TravisTaylor26MIN2005,Travis Taylor,2005,wr,26,25-28,MIN,1,2,16,13
JamesThrash25WAS2000,James Thrash,2000,wr,25,25-28,WAS,Undrafted,Undrafted,16,9
TylerBoyd24CIN2018,Tyler Boyd,2018,wr,24,< 24,CIN,3,129,8,8
JarrettBoykin24GNB2013,Jarrett Boykin,2013,wr,24,< 24,GNB,Undrafted,Undrafted,16,8
DeionBranch28SEA2007,Deion Branch,2007,wr,28,25-28,SEA,3,140,11,11
MarlonBrown22BAL2013,Marlon Brown,2013,wr,22,< 24,BAL,Undrafted,Undrafted,14,12
AntonioChatman26GNB2005,Antonio Chatman,2005,wr,26,25-28,GNB,Undrafted,Undrafted,16,3
Az-ZahirHakim26DET2003,Az-Zahir Hakim,2003,wr,26,25-28,DET,5,172,14,12
IkeHilliard28NYG2004,Ike Hilliard,2004,wr,28,25-28,NYG,1,145,16,15
SantonioHolmes22PIT2006,Santonio Holmes,2006,wr,22,< 24,PIT,1,92,16,4
JoeHorn33NOR2005,Joe Horn,2005,wr,33,32+,NOR,6,28,13,13
QadryIsmail30BAL2000,Qadry Ismail,2000,wr,30,29-32,BAL,3,126,15,13
BryantJohnson23ARI2004,Bryant Johnson,2004,wr,23,< 24,ARI,1,53,16,11
JermaineKearse25SEA2015,Jermaine Kearse,2015,wr,25,25-28,SEA,Undrafted,Undrafted,16,16
BrandonLaFell27CAR2013,Brandon LaFell,2013,wr,27,25-28,CAR,4,153,16,16
JarvisLandry26CLE2018,Jarvis Landry,2018,wr,26,25-28,CLE,3,138,8,7
RandyMoss*27MIN2004,Randy Moss*,2004,wr,27,25-28,MIN,1,76,13,13
JordyNelson27GNB2012,Jordy Nelson,2012,wr,27,25-28,GNB,3,108,12,10
PeerlessPrice30BUF2006,Peerless Price,2006,wr,30,29-32,BUF,3,127,16,15
TorreySmith23BAL2012,Torrey Smith,2012,wr,23,< 24,BAL,3,132,16,16
TorreySmith25BAL2014,Torrey Smith,2014,wr,25,25-28,BAL,3,132,16,16
BrandonStokley32DEN2008,Brandon Stokley,2008,wr,32,29-32,DEN,5,7,15,2
JamesThrash28PHI2003,James Thrash,2003,wr,28,25-28,PHI,Undrafted,Undrafted,16,16
ReggieWayne24IND2002,Reggie Wayne,2002,wr,24,< 24,IND,1,102,16,7
WesWelker33DEN2014,Wes Welker,2014,wr,33,32+,DEN,Undrafted,Undrafted,14,8
DezWhite24CHI2003,Dez White,2003,wr,24,< 24,CHI,4,144,15,11
KelvinBenjamin262TM2017,Kelvin Benjamin,2017,wr,26,25-28,2TM,1,99,14,14
BernardBerrian28MIN2008,Bernard Berrian,2008,wr,28,25-28,MIN,4,153,16,13
KennyBritt26STL2014,Kenny Britt,2014,wr,26,25-28,STL,1,102,16,13
JohnBrown24ARI2014,John Brown,2014,wr,24,< 24,ARI,4,168,16,5
ChrisChambers23MIA2001,Chris Chambers,2001,wr,23,< 24,MIA,3,126,16,7
MarkClayton25BAL2007,Mark Clayton,2007,wr,25,25-28,BAL,1,79,16,12
AmariCooper23OAK2017,Amari Cooper,2017,wr,23,< 24,OAK,1,112,14,12
JerrichoCotchery32CAR2014,Jerricho Cotchery,2014,wr,32,29-32,CAR,5,10,15,13
MichaelCrabtree22SFO2009,Michael Crabtree,2009,wr,22,< 24,SFO,1,2,11,11
LeeEvans23BUF2004,Lee Evans,2004,wr,23,< 24,BUF,1,26,16,11
LeeEvans24BUF2005,Lee Evans,2005,wr,24,< 24,BUF,1,26,16,15
CalvinJohnson22DET2007,Calvin Johnson,2007,wr,22,< 24,DET,1,71,15,10
EricJohnson28NOR2007,Eric Johnson,2007,wr,28,25-28,NOR,8,80,14,12
GregLewis25PHI2005,Greg Lewis,2005,wr,25,25-28,PHI,Undrafted,Undrafted,16,16
BrandonLloyd24SFO2005,Brandon Lloyd,2005,wr,24,< 24,SFO,5,21,16,15
JoshMorgan27WAS2012,Josh Morgan,2012,wr,27,25-28,WAS,7,56,16,15
SylvesterMorris23KAN2000,Sylvester Morris,2000,wr,23,< 24,KAN,1,76,15,14
EricParker27SDG2006,Eric Parker,2006,wr,27,25-28,SDG,Undrafted,Undrafted,15,12
AllenRobinson21JAX2014,Allen Robinson,2014,wr,21,< 24,JAX,3,136,10,8
EliRogers24PIT2016,Eli Rogers,2016,wr,24,< 24,PIT,Undrafted,Undrafted,13,8
JeromeSimpson27MIN2013,Jerome Simpson,2013,wr,27,25-28,MIN,3,119,16,8
SteveSmith25NYG2010,Steve Smith,2010,wr,25,25-28,NYG,3,125,9,7
MikeThomas22JAX2009,Mike Thomas,2009,wr,22,< 24,JAX,5,9,14,4
AmaniToomer34NYG2008,Amani Toomer,2008,wr,34,32+,NYG,3,106,16,12
HinesWard24PIT2000,Hines Ward,2000,wr,24,< 24,PIT,4,169,16,15
TitusYoung22DET2011,Titus Young,2011,wr,22,< 24,DET,3,117,16,9
MilesAustin30CLE2014,Miles Austin,2014,wr,30,29-32,CLE,Undrafted,Undrafted,12,11
DonnieAvery25STL2009,Donnie Avery,2009,wr,25,25-28,STL,3,105,16,16
TravisBenjamin27SDG2016,Travis Benjamin,2016,wr,27,25-28,SDG,5,3,14,8
MartyBooker24CHI2000,Marty Booker,2000,wr,24,< 24,CHI,4,153,15,7
DwayneBowe25KAN2009,Dwayne Bowe,2009,wr,25,25-28,KAN,1,83,11,9
SteveBreaston27ARI2010,Steve Breaston,2010,wr,27,25-28,ARI,6,34,13,11
ReggieBush24NOR2009,Reggie Bush,2009,wr,24,< 24,NOR,1,71,14,8
KearyColbert22CAR2004,Keary Colbert,2004,wr,22,< 24,CAR,3,137,15,15
MarquesColston25NOR2008,Marques Colston,2008,wr,25,25-28,NOR,8,94,11,6
RileyCooper26PHI2013,Riley Cooper,2013,wr,26,25-28,PHI,6,46,16,15
RonDugans25CIN2002,Ron Dugans,2002,wr,25,25-28,CIN,4,141,16,5
BobbyEngram35SEA2008,Bobby Engram,2008,wr,35,32+,SEA,3,126,13,11
MichaelFloyd25ARI2014,Michael Floyd,2014,wr,25,25-28,ARI,1,26,16,14
WillFuller22HOU2016,Will Fuller,2016,wr,22,< 24,HOU,1,76,14,13
PierreGarcon23IND2009,Pierre Garcon,2009,wr,23,< 24,IND,7,74,14,13
LavelleHawkins25TEN2011,Lavelle Hawkins,2011,wr,25,25-28,TEN,5,22,16,2
IkeHilliard32TAM2008,Ike Hilliard,2008,wr,32,29-32,TAM,1,145,16,2
AndreHolmes26OAK2014,Andre Holmes,2014,wr,26,25-28,OAK,Undrafted,Undrafted,16,13
DeSeanJackson24PHI2010,DeSean Jackson,2010,wr,24,< 24,PHI,3,122,14,14
JamesJones23GNB2007,James Jones,2007,wr,23,< 24,GNB,4,153,16,9
DaneLooker27STL2003,Dane Looker,2003,wr,27,25-28,STL,Undrafted,Undrafted,16,2
JustinMcCareins25TEN2003,Justin McCareins,2003,wr,25,25-28,TEN,5,21,16,10
HakeemNicks21NYG2009,Hakeem Nicks,2009,wr,21,< 24,NYG,1,100,14,6
TerrellOwens*32PHI2005,Terrell Owens*,2005,wr,32,29-32,PHI,4,165,7,7
EricParker25SDG2004,Eric Parker,2004,wr,25,25-28,SDG,Undrafted,Undrafted,15,13
AntwaanRandle El23PIT2002,Antwaan Randle El,2002,wr,23,< 24,PIT,3,137,16,0
MarcusRobinson29MIN2004,Marcus Robinson,2004,wr,29,29-32,MIN,5,10,16,7
EddieRoyal27SDG2013,Eddie Royal,2013,wr,27,25-28,SDG,3,115,15,3
EmmanuelSanders30DEN2017,Emmanuel Sanders,2017,wr,30,29-32,DEN,4,158,12,11
MohamedSanu24CIN2013,Mohamed Sanu,2013,wr,24,< 24,CIN,4,159,16,14
TaiStreets26SFO2003,Tai Streets,2003,wr,26,25-28,SFO,7,54,16,16
NateWashington26TEN2009,Nate Washington,2009,wr,26,25-28,TEN,Undrafted,Undrafted,16,15
NateWashington32HOU2015,Nate Washington,2015,wr,32,29-32,HOU,Undrafted,Undrafted,14,14
CedrickWilson26SFO2004,Cedrick Wilson,2004,wr,26,25-28,SFO,7,52,15,15
RobertWoods23BUF2015,Robert Woods,2015,wr,23,< 24,BUF,3,114,14,9
DrewBennett28TEN2006,Drew Bennett,2006,wr,28,25-28,TEN,Undrafted,Undrafted,16,15
EarlBennett23CHI2010,Earl Bennett,2010,wr,23,< 24,CHI,4,146,14,3
AntonioBrown30PIT2018,Antonio Brown,2018,wr,30,29-32,PIT,7,68,7,7
ReggieBrown25PHI2006,Reggie Brown,2006,wr,25,25-28,PHI,3,107,16,15
CurtisConway32NYJ2003,Curtis Conway,2003,wr,32,29-32,NYJ,1,145,16,15
JerrichoCotchery31PIT2013,Jerricho Cotchery,2013,wr,31,29-32,PIT,5,10,16,6
MikeEvans25TAM2018,Mike Evans,2018,wr,25,25-28,TAM,1,145,7,7
AntonioFreeman30PHI2002,Antonio Freeman,2002,wr,30,29-32,PHI,4,167,16,1
RodGardner24WAS2001,Rod Gardner,2001,wr,24,< 24,WAS,1,40,16,16
BrianHartline29CLE2015,Brian Hartline,2015,wr,29,29-32,CLE,5,10,12,4
DarrellJackson29SFO2007,Darrell Jackson,2007,wr,29,29-32,SFO,4,156,15,15
FredJackson28BUF2009,Fred Jackson,2009,wr,28,25-28,BUF,Undrafted,Undrafted,16,11
BryantJohnson26ARI2007,Bryant Johnson,2007,wr,26,25-28,ARI,1,53,16,8
DexterMcCluster22KAN2011,Dexter McCluster,2011,wr,22,< 24,KAN,3,108,16,4
ShaunMcDonald24STL2005,Shaun McDonald,2005,wr,24,< 24,STL,5,8,16,2
DenariusMoore25OAK2013,Denarius Moore,2013,wr,25,25-28,OAK,6,38,13,10
SantanaMoss32WAS2011,Santana Moss,2011,wr,32,29-32,WAS,1,47,12,12
SteveSmith31CAR2010,Steve Smith,2010,wr,31,29-32,CAR,4,149,14,14
SteveSmith36BAL2015,Steve Smith,2015,wr,36,32+,BAL,4,149,7,7
JuJuSmith-Schuster22PIT2018,JuJu Smith-Schuster,2018,wr,22,< 24,PIT,3,137,7,5
Donte'Stallworth27NWE2007,Donte' Stallworth,2007,wr,27,25-28,NWE,1,26,16,9
HinesWard35PIT2011,Hines Ward,2011,wr,35,32+,PIT,4,169,15,9
NateWashington29TEN2012,Nate Washington,2012,wr,29,29-32,TEN,Undrafted,Undrafted,16,14
RobertWoods26LAR2018,Robert Woods,2018,wr,26,25-28,LAR,3,114,8,8
CoreyBradford27HOU2002,Corey Bradford,2002,wr,27,25-28,HOU,6,41,16,16
DeionBranch30SEA2009,Deion Branch,2009,wr,30,29-32,SEA,3,140,14,5
KennyBritt24TEN2012,Kenny Britt,2012,wr,24,< 24,TEN,1,102,14,11
DezBryant22DAL2010,Dez Bryant,2010,wr,22,< 24,DAL,1,88,12,2
PlaxicoBurress34NYJ2011,Plaxico Burress,2011,wr,34,32+,NYJ,1,155,16,13
ChrisChambers312TM2009,Chris Chambers,2009,wr,31,29-32,2TM,3,126,16,14
JamaalCharles24KAN2010,Jamaal Charles,2010,wr,24,< 24,KAN,4,148,16,6
MarquesColston32NOR2015,Marques Colston,2015,wr,32,29-32,NOR,8,94,13,5
BraylonEdwards262TM2009,Braylon Edwards,2009,wr,26,25-28,2TM,1,101,16,15
MalcomFloyd28SDG2009,Malcom Floyd,2009,wr,28,25-28,SDG,Undrafted,Undrafted,16,9
MichaelFloyd23ARI2012,Michael Floyd,2012,wr,23,< 24,ARI,1,26,16,3
RyanGrant27WAS2017,Ryan Grant,2017,wr,27,25-28,WAS,6,34,16,7
A.J.Green30CIN2018,A.J. Green,2018,wr,30,29-32,CIN,1,112,8,8
D.J.Hackett25SEA2006,D.J. Hackett,2006,wr,25,25-28,SEA,6,45,14,5
DeSeanJackson26PHI2012,DeSean Jackson,2012,wr,26,25-28,PHI,3,122,11,11
GregJennings23GNB2006,Greg Jennings,2006,wr,23,< 24,GNB,3,126,14,11
BryantJohnson27SFO2008,Bryant Johnson,2008,wr,27,25-28,SFO,1,53,16,12
KeyshawnJohnson31TAM2003,Keyshawn Johnson,2003,wr,31,29-32,TAM,1,1,10,10
SteveJohnson29SDG2015,Steve Johnson,2015,wr,29,29-32,SDG,8,80,10,8
JohnnyKnox23CHI2009,Johnny Knox,2009,wr,23,< 24,CHI,6,33,15,0
TylerLockett25SEA2017,Tyler Lockett,2017,wr,25,25-28,SEA,4,144,16,8
RobertMeachem25NOR2009,Robert Meachem,2009,wr,25,25-28,NOR,1,98,16,7
SantanaMoss25NYJ2004,Santana Moss,2004,wr,25,25-28,NYJ,1,47,15,14
JordyNelson25GNB2010,Jordy Nelson,2010,wr,25,25-28,GNB,3,108,16,4
CordarrellePatterson22MIN2013,Cordarrelle Patterson,2013,wr,22,< 24,MIN,1,100,16,6
PeerlessPrice28ATL2004,Peerless Price,2004,wr,28,25-28,ATL,3,127,16,15
BrandonStokley36DEN2012,Brandon Stokley,2012,wr,36,32+,DEN,5,7,15,9
GoldenTate24SEA2012,Golden Tate,2012,wr,24,< 24,SEA,3,135,15,15
DezWhite22CHI2001,Dez White,2001,wr,22,< 24,CHI,4,144,14,6
ErnestWilford28JAX2007,Ernest Wilford,2007,wr,28,25-28,JAX,5,20,16,14
DamianWilliams23TEN2011,Damian Williams,2011,wr,23,< 24,TEN,4,152,15,13
RoyWilliams24DET2005,Roy Williams,2005,wr,24,< 24,DET,1,145,13,12
AnthonyArmstrong27WAS2010,Anthony Armstrong,2010,wr,27,25-28,WAS,Undrafted,Undrafted,15,11
AntonioBryant21DAL2002,Antonio Bryant,2002,wr,21,< 24,DAL,3,138,16,15
MarkClayton23BAL2005,Mark Clayton,2005,wr,23,< 24,BAL,1,79,14,10
ChrisConley24KAN2016,Chris Conley,2016,wr,24,< 24,KAN,4,151,16,11
VernonDavis32WAS2016,Vernon Davis,2016,wr,32,29-32,WAS,1,134,16,14
EricDecker24DEN2011,Eric Decker,2011,wr,24,< 24,DEN,4,163,16,13
LeeEvans28BUF2009,Lee Evans,2009,wr,28,25-28,BUF,1,26,16,16
PierreGarcon26WAS2012,Pierre Garcon,2012,wr,26,25-28,WAS,7,74,10,10
TedGinn30CAR2015,Ted Ginn,2015,wr,30,29-32,CAR,1,166,15,13
TyreekHill24KAN2018,Tyreek Hill,2018,wr,24,< 24,KAN,6,49,8,8
QadryIsmail32IND2002,Qadry Ismail,2002,wr,32,29-32,IND,3,126,14,14
BrandonLaFell26CAR2012,Brandon LaFell,2012,wr,26,25-28,CAR,4,153,14,12
JeremyMaclin28KAN2016,Jeremy Maclin,2016,wr,28,25-28,KAN,1,62,12,12
RobertMeachem26NOR2010,Robert Meachem,2010,wr,26,25-28,NOR,1,98,16,7
TyMontgomery23GNB2016,Ty Montgomery,2016,wr,23,< 24,GNB,4,170,15,6
JoshMorgan25SFO2010,Josh Morgan,2010,wr,25,25-28,SFO,7,56,16,11
LegeduNaanee28CAR2011,Legedu Naanee,2011,wr,28,25-28,CAR,6,55,15,10
DennisNorthcutt31JAX2008,Dennis Northcutt,2008,wr,31,29-32,JAX,3,103,14,3
DennisNorthcutt30JAX2007,Dennis Northcutt,2007,wr,30,29-32,JAX,3,103,15,11
JeromePathon28NOR2003,Jerome Pathon,2003,wr,28,25-28,NOR,3,103,16,12
DavidPatten30NWE2004,David Patten,2004,wr,30,29-32,NWE,Undrafted,Undrafted,16,11
JerryPorter29OAK2007,Jerry Porter,2007,wr,29,29-32,OAK,3,120,16,16
PaulRichardson25SEA2017,Paul Richardson,2017,wr,25,25-28,SEA,3,118,16,13
EmmanuelSanders25PIT2012,Emmanuel Sanders,2012,wr,25,25-28,PIT,4,158,16,7
BobbyShaw27JAX2002,Bobby Shaw,2002,wr,27,25-28,JAX,7,52,16,10
GoldenTate30DET2018,Golden Tate,2018,wr,30,29-32,DET,3,135,7,4
MikeThomas24JAX2011,Mike Thomas,2011,wr,24,< 24,JAX,5,9,15,13
MarkusWheaton24PIT2015,Markus Wheaton,2015,wr,24,< 24,PIT,4,154,16,8
TerranceWilliams24DAL2013,Terrance Williams,2013,wr,24,< 24,DAL,4,149,16,8
TerranceWilliams27DAL2016,Terrance Williams,2016,wr,27,25-28,DAL,4,149,16,15
DannyAmendola24STL2009,Danny Amendola,2009,wr,24,< 24,STL,Undrafted,Undrafted,14,2
MilesAustin27DAL2011,Miles Austin,2011,wr,27,25-28,DAL,Undrafted,Undrafted,10,10
DeionBranch23NWE2002,Deion Branch,2002,wr,23,< 24,NWE,3,140,13,7
ReggieBrown24PHI2005,Reggie Brown,2005,wr,24,< 24,PHI,3,107,16,11
TroyBrown35NWE2006,Troy Brown,2006,wr,35,32+,NWE,9,70,16,9
LaveranuesColes32CIN2009,Laveranues Coles,2009,wr,32,29-32,CIN,4,153,16,13
VernonDavis33WAS2017,Vernon Davis,2017,wr,33,32+,WAS,1,134,16,16
MalcomFloyd30SDG2011,Malcom Floyd,2011,wr,30,29-32,SDG,Undrafted,Undrafted,12,9
BrianHartline24MIA2010,Brian Hartline,2010,wr,24,< 24,MIA,5,10,12,11
DomenikHixon24NYG2008,Domenik Hixon,2008,wr,24,< 24,NYG,5,27,16,7
JeremyKerley25NYJ2013,Jeremy Kerley,2013,wr,25,25-28,NYJ,6,42,12,8
BrandonLloyd23SFO2004,Brandon Lloyd,2004,wr,23,< 24,SFO,5,21,13,13
RishardMatthews26MIA2015,Rishard Matthews,2015,wr,26,25-28,MIA,8,82,11,11
JustinMcCareins27NYJ2005,Justin McCareins,2005,wr,27,25-28,NYJ,5,21,16,16
JeremyMcDaniel24BUF2000,Jeremy McDaniel,2000,wr,24,< 24,BUF,Undrafted,Undrafted,16,6
JeromePathon27NOR2002,Jerome Pathon,2002,wr,27,25-28,NOR,3,103,14,13
RickyProehl34STL2002,Ricky Proehl,2002,wr,34,32+,STL,4,132,16,2
AntwaanRandle El25PIT2004,Antwaan Randle El,2004,wr,25,25-28,PIT,3,137,16,7
AndreRoberts25ARI2013,Andre Roberts,2013,wr,25,25-28,ARI,4,164,16,2
SethRoberts26OAK2017,Seth Roberts,2017,wr,26,25-28,OAK,Undrafted,Undrafted,15,7
MikeSims-Walker26JAX2010,Mike Sims-Walker,2010,wr,26,25-28,JAX,4,154,14,13
TrentTaylor23SFO2017,Trent Taylor,2017,wr,23,< 24,SFO,6,58,15,1
DavidTerrell24CHI2003,David Terrell,2003,wr,24,< 24,CHI,1,155,16,7
RoddyWhite34ATL2015,Roddy White,2015,wr,34,32+,ATL,1,98,16,16
TerrenceWilkins25IND2000,Terrence Wilkins,2000,wr,25,25-28,IND,Undrafted,Undrafted,14,7
TyrellWilliams25LAC2017,Tyrell Williams,2017,wr,25,25-28,LAC,Undrafted,Undrafted,16,15
RobbyAnderson23NYJ2016,Robby Anderson,2016,wr,23,< 24,NYJ,Undrafted,Undrafted,16,8
DavoneBess28CLE2013,Davone Bess,2013,wr,28,25-28,CLE,Undrafted,Undrafted,14,3
KennyBritt21TEN2009,Kenny Britt,2009,wr,21,< 24,TEN,1,102,16,6
KennyBritt22TEN2010,Kenny Britt,2010,wr,22,< 24,TEN,1,102,12,7
KeelanCole24JAX2017,Keelan Cole,2017,wr,24,< 24,JAX,Undrafted,Undrafted,16,6
ChrisGivens23STL2012,Chris Givens,2012,wr,23,< 24,STL,5,172,15,12
RoyHelu26WAS2014,Roy Helu,2014,wr,26,25-28,WAS,5,7,14,0
AshleyLelie25DEN2005,Ashley Lelie,2005,wr,25,25-28,DEN,1,62,16,13
MarioManningham26SFO2012,Mario Manningham,2012,wr,26,25-28,SFO,4,171,12,10
RandyMoss*29OAK2006,Randy Moss*,2006,wr,29,29-32,OAK,1,76,13,13
SantanaMoss34WAS2013,Santana Moss,2013,wr,34,32+,WAS,1,47,16,1
DennisNorthcutt28CLE2005,Dennis Northcutt,2005,wr,28,25-28,CLE,3,103,16,7
ToddPinkston24PHI2001,Todd Pinkston,2001,wr,24,< 24,PHI,3,108,15,15
CecilShorts28HOU2015,Cecil Shorts,2015,wr,28,25-28,HOU,5,15,11,4
Donte'Stallworth22NOR2002,Donte' Stallworth,2002,wr,22,< 24,NOR,1,26,13,7
KennyStills24MIA2016,Kenny Stills,2016,wr,24,< 24,MIA,6,36,16,16
TravisTaylor22BAL2001,Travis Taylor,2001,wr,22,< 24,BAL,1,2,16,13
DavidTerrell25CHI2004,David Terrell,2004,wr,25,25-28,CHI,1,155,16,15
WillTye24NYG2015,Will Tye,2015,wr,24,< 24,NYG,Undrafted,Undrafted,13,7
BobbyWade23CHI2004,Bobby Wade,2004,wr,23,< 24,CHI,6,31,16,14
NateWashington27TEN2010,Nate Washington,2010,wr,27,25-28,TEN,Undrafted,Undrafted,16,16
AlbertWilson25KAN2017,Albert Wilson,2017,wr,25,25-28,KAN,Undrafted,Undrafted,13,7
JariusWright25MIN2014,Jarius Wright,2014,wr,25,25-28,MIN,5,17,16,7
NelsonAgholor25PHI2018,Nelson Agholor,2018,wr,25,25-28,PHI,1,72,8,8
KeenanAllen26LAC2018,Keenan Allen,2018,wr,26,25-28,LAC,4,151,7,7
JasonAvant26PHI2009,Jason Avant,2009,wr,26,25-28,PHI,5,11,16,9
VincentBrown24SDG2013,Vincent Brown,2013,wr,24,< 24,SDG,4,158,16,12
MarkClayton26BAL2008,Mark Clayton,2008,wr,26,25-28,BAL,1,79,16,13
JerrichoCotchery28NYJ2010,Jerricho Cotchery,2010,wr,28,25-28,NYJ,5,10,14,5
JoshCribbs28CLE2011,Josh Cribbs,2011,wr,28,25-28,CLE,Undrafted,Undrafted,16,7
KevinDyson27TEN2002,Kevin Dyson,2002,wr,27,25-28,TEN,1,47,11,11
IrvingFryar38WAS2000,Irving Fryar,2000,wr,38,32+,WAS,1,1,14,6
JabarGaffney22HOU2002,Jabar Gaffney,2002,wr,22,< 24,HOU,3,105,16,14
JabarGaffney24HOU2004,Jabar Gaffney,2004,wr,24,< 24,HOU,3,105,16,12
DarriusHeyward-Bey25OAK2012,Darrius Heyward-Bey,2012,wr,25,25-28,OAK,1,145,15,14
ChrisHogan26BUF2014,Chris Hogan,2014,wr,26,25-28,BUF,Undrafted,Undrafted,16,2
T.J.Houshmandzadeh25CIN2002,T.J. Houshmandzadeh,2002,wr,25,25-28,CIN,8,73,16,5
VincentJackson24SDG2007,Vincent Jackson,2007,wr,24,< 24,SDG,3,136,16,16
MichaelJenkins28ATL2010,Michael Jenkins,2010,wr,28,25-28,ATL,1,100,11,9
AndreJohnson34IND2015,Andre Johnson,2015,wr,34,32+,IND,1,101,16,14
BrandonJones26TEN2008,Brandon Jones,2008,wr,26,25-28,TEN,4,172,16,7
DonaldJones25BUF2012,Donald Jones,2012,wr,25,25-28,BUF,Undrafted,Undrafted,12,10
JulioJones24ATL2013,Julio Jones,2013,wr,24,< 24,ATL,1,134,5,5
MattJones23JAX2006,Matt Jones,2006,wr,23,< 24,JAX,1,76,14,4
JermaineKearse26SEA2016,Jermaine Kearse,2016,wr,26,25-28,SEA,Undrafted,Undrafted,16,15
GregLittle24CLE2013,Greg Little,2013,wr,24,< 24,CLE,3,133,16,13
TylerLockett24SEA2016,Tyler Lockett,2016,wr,24,< 24,SEA,4,144,15,9
RishardMatthews24MIA2013,Rishard Matthews,2013,wr,24,< 24,MIA,8,82,16,5
SantanaMoss33WAS2012,Santana Moss,2012,wr,33,32+,WAS,1,47,16,1
LouisMurphy23OAK2010,Louis Murphy,2010,wr,23,< 24,OAK,5,21,14,9
SamieParker25KAN2006,Samie Parker,2006,wr,25,25-28,KAN,5,7,16,15
BrianQuick27LAR2016,Brian Quick,2016,wr,27,25-28,LAR,3,105,16,8
RuebenRandle22NYG2013,Rueben Randle,2013,wr,22,< 24,NYG,3,138,16,3
AndreRison33OAK2000,Andre Rison,2000,wr,33,32+,OAK,1,79,16,0
FrankSanders28ARI2001,Frank Sanders,2001,wr,28,25-28,ARI,3,120,15,13
TajaeSharpe22TEN2016,Tajae Sharpe,2016,wr,22,< 24,TEN,6,33,16,10
BrandonStokley29IND2005,Brandon Stokley,2005,wr,29,29-32,IND,5,7,15,4
JavonWalker25GNB2003,Javon Walker,2003,wr,25,25-28,GNB,1,72,16,3
KevinWalter31HOU2012,Kevin Walter,2012,wr,31,29-32,HOU,8,96,16,14
ErnestWilford26JAX2005,Ernest Wilford,2005,wr,26,25-28,JAX,5,20,16,8
TavonAustin23STL2013,Tavon Austin,2013,wr,23,< 24,STL,1,155,13,3
DonnieAvery29KAN2013,Donnie Avery,2013,wr,29,29-32,KAN,3,105,16,14
TroyBrown32NWE2003,Troy Brown,2003,wr,32,29-32,NWE,9,70,12,10
AntonioBryant25SFO2006,Antonio Bryant,2006,wr,25,25-28,SFO,3,138,14,13
KevinCurtis28STL2006,Kevin Curtis,2006,wr,28,25-28,STL,4,149,16,1
Andre'Davis24CLE2003,Andre' Davis,2003,wr,24,< 24,CLE,3,120,16,8
PierreGarcon31SFO2017,Pierre Garcon,2017,wr,31,29-32,SFO,7,74,8,8
DanteHall25KAN2003,Dante Hall,2003,wr,25,25-28,KAN,6,42,16,2
DevinHester28CHI2010,Devin Hester,2010,wr,28,25-28,CHI,3,131,16,13
MichaelJenkins30MIN2012,Michael Jenkins,2012,wr,30,29-32,MIN,1,100,16,8
BryantJohnson24ARI2005,Bryant Johnson,2005,wr,24,< 24,ARI,1,53,14,4
BryantJohnson25ARI2006,Bryant Johnson,2006,wr,25,25-28,ARI,1,53,16,8
JoeJurevicius32CLE2006,Joe Jurevicius,2006,wr,32,29-32,CLE,3,129,13,8
JeremyMaclin29BAL2017,Jeremy Maclin,2017,wr,29,29-32,BAL,1,62,12,12
RobertMeachem27NOR2011,Robert Meachem,2011,wr,27,25-28,NOR,1,98,16,8
HermanMoore31DET2000,Herman Moore,2000,wr,31,29-32,DET,1,2,15,11
MuhsinMuhammad34CHI2007,Muhsin Muhammad,2007,wr,34,32+,CHI,3,116,16,16
PrestonParker24TAM2011,Preston Parker,2011,wr,24,< 24,TAM,Undrafted,Undrafted,16,0
RickyProehl33STL2001,Ricky Proehl,2001,wr,33,32+,STL,4,132,16,2
BobbyShaw25PIT2000,Bobby Shaw,2000,wr,25,25-28,PIT,7,52,16,0
SterlingShepard25NYG2018,Sterling Shepard,2018,wr,25,25-28,NYG,3,113,8,8
TorranceSmall30PHI2000,Torrance Small,2000,wr,30,29-32,PHI,6,30,14,14
BrandonStokley31DEN2007,Brandon Stokley,2007,wr,31,29-32,DEN,5,7,13,9
ChansiStuckey27CLE2010,Chansi Stuckey,2010,wr,27,25-28,CLE,8,86,16,5
ScottieVines26DET2005,Scottie Vines,2005,wr,26,25-28,DET,Undrafted,Undrafted,13,11
NateWashington31TEN2014,Nate Washington,2014,wr,31,29-32,TEN,Undrafted,Undrafted,16,11
NateWashington25PIT2008,Nate Washington,2008,wr,25,25-28,PIT,Undrafted,Undrafted,16,1
RobertWoods21BUF2013,Robert Woods,2013,wr,21,< 24,BUF,3,114,14,14
ColeBeasley24DAL2013,Cole Beasley,2013,wr,24,< 24,DAL,Undrafted,Undrafted,14,3
MartyBooker29MIA2005,Marty Booker,2005,wr,29,29-32,MIA,4,153,15,12
JohnBrown26ARI2016,John Brown,2016,wr,26,25-28,ARI,4,168,15,6
TroyBrown34NWE2005,Troy Brown,2005,wr,34,32+,NWE,9,70,13,3
AntonioBryant28TAM2009,Antonio Bryant,2009,wr,28,25-28,TAM,3,138,13,11
AntonioBryant22DAL2003,Antonio Bryant,2003,wr,22,< 24,DAL,3,138,16,5
NateBurleson32DET2013,Nate Burleson,2013,wr,32,29-32,DET,4,147,9,8
AlbertConnell26WAS2000,Albert Connell,2000,wr,26,25-28,WAS,5,16,16,12
JerrichoCotchery33CAR2015,Jerricho Cotchery,2015,wr,33,32+,CAR,5,10,14,3
PatrickCrayton29DAL2008,Patrick Crayton,2008,wr,29,29-32,DAL,8,78,16,7
VictorCruz30NYG2016,Victor Cruz,2016,wr,30,29-32,NYG,Undrafted,Undrafted,15,12
HarryDouglas27ATL2011,Harry Douglas,2011,wr,27,25-28,ATL,4,160,16,4
Az-ZahirHakim24STL2001,Az-Zahir Hakim,2001,wr,24,< 24,STL,5,172,16,1
BrianHartline28MIA2014,Brian Hartline,2014,wr,28,25-28,MIA,5,10,16,16
DomenikHixon28NYG2012,Domenik Hixon,2012,wr,28,25-28,NYG,5,27,13,3
AllenHurns26JAX2017,Allen Hurns,2017,wr,26,25-28,JAX,Undrafted,Undrafted,10,8
MichaelJenkins24ATL2006,Michael Jenkins,2006,wr,24,< 24,ATL,1,100,16,16
MarioManningham25NYG2011,Mario Manningham,2011,wr,25,25-28,NYG,4,171,12,10
DennisNorthcutt23CLE2000,Dennis Northcutt,2000,wr,23,< 24,CLE,3,103,15,8
NilesPaul25WAS2014,Niles Paul,2014,wr,25,25-28,WAS,6,44,16,7
KorenRobinson21SEA2001,Koren Robinson,2001,wr,21,< 24,SEA,1,166,16,13
C.J.Spiller24BUF2011,C.J. Spiller,2011,wr,24,< 24,BUF,1,166,16,11
RodStreater24OAK2012,Rod Streater,2012,wr,24,< 24,OAK,Undrafted,Undrafted,16,2
TravisTaylor24BAL2003,Travis Taylor,2003,wr,24,< 24,BAL,1,2,16,16
MikeWallace29MIN2015,Mike Wallace,2015,wr,29,29-32,MIN,4,160,16,12
MikeWallace23PIT2009,Mike Wallace,2009,wr,23,< 24,PIT,4,160,16,4
KevinWalter30HOU2011,Kevin Walter,2011,wr,30,29-32,HOU,8,96,15,14
SammyWatkins24LAR2017,Sammy Watkins,2017,wr,24,< 24,LAR,1,112,15,14
GeorgeWrighster25JAX2006,George Wrighster,2006,wr,25,25-28,JAX,5,6,16,10
DavanteAdams22GNB2014,Davante Adams,2014,wr,22,< 24,GNB,3,127,16,11
JaceAmaro22NYJ2014,Jace Amaro,2014,wr,22,< 24,NYJ,3,122,14,4
DavidAnderson26HOU2009,David Anderson,2009,wr,26,25-28,HOU,8,93,16,8
JasonAvant30PHI2013,Jason Avant,2013,wr,30,29-32,PHI,5,11,16,13
DrewCarter26CAR2007,Drew Carter,2007,wr,26,25-28,CAR,6,48,16,7
MichaelClayton26TAM2008,Michael Clayton,2008,wr,26,25-28,TAM,1,40,15,9
CurtisConway33SFO2004,Curtis Conway,2004,wr,33,32+,SFO,1,145,16,5
MichaelCrabtree31BAL2018,Michael Crabtree,2018,wr,31,29-32,BAL,1,2,8,8
HarryDouglas28ATL2012,Harry Douglas,2012,wr,28,25-28,ATL,4,160,15,1
KrisDurham25DET2013,Kris Durham,2013,wr,25,25-28,DET,5,9,16,13
RobertFerguson24GNB2003,Robert Ferguson,2003,wr,24,< 24,GNB,3,114,15,12
JabarGaffney28NWE2008,Jabar Gaffney,2008,wr,28,25-28,NWE,3,105,16,7
TedGinn24MIA2009,Ted Ginn,2009,wr,24,< 24,MIA,1,166,16,12
LeonardHankerson24WAS2012,Leonard Hankerson,2012,wr,24,< 24,WAS,4,154,16,5
DevinHester32ATL2014,Devin Hester,2014,wr,32,29-32,ATL,3,131,16,1
ChrisHogan28NWE2016,Chris Hogan,2016,wr,28,25-28,NWE,Undrafted,Undrafted,15,14
DarrellJackson27SEA2005,Darrell Jackson,2005,wr,27,25-28,SEA,4,156,6,6
MichaelJenkins29MIN2011,Michael Jenkins,2011,wr,29,29-32,MIN,1,100,11,7
JamesJones27GNB2011,James Jones,2011,wr,27,25-28,GNB,4,153,16,0
JermaineKearse24SEA2014,Jermaine Kearse,2014,wr,24,< 24,SEA,Undrafted,Undrafted,15,14
JeremyKerley26NYJ2014,Jeremy Kerley,2014,wr,26,25-28,NYJ,6,42,16,7
BrandonLaFell24CAR2010,Brandon LaFell,2010,wr,24,< 24,CAR,4,153,14,2
QuincyMorgan26CLE2003,Quincy Morgan,2003,wr,26,25-28,CLE,3,105,16,15
HakeemNicks26IND2014,Hakeem Nicks,2014,wr,26,25-28,IND,1,100,16,6
DennisNorthcutt25CLE2002,Dennis Northcutt,2002,wr,25,25-28,CLE,3,103,13,0
DavidPatten26CLE2000,David Patten,2000,wr,26,25-28,CLE,Undrafted,Undrafted,14,11
AustinPettis25STL2013,Austin Pettis,2013,wr,25,25-28,STL,4,153,16,6
SethRoberts25OAK2016,Seth Roberts,2016,wr,25,25-28,OAK,Undrafted,Undrafted,16,6
MarcelShipp24ARI2002,Marcel Shipp,2002,wr,24,< 24,ARI,Undrafted,Undrafted,15,6
WillieSnead26BAL2018,Willie Snead,2018,wr,26,25-28,BAL,Undrafted,Undrafted,8,4
Donte'Stallworth26PHI2006,Donte' Stallworth,2006,wr,26,25-28,PHI,1,26,12,11
DeonteThompson282TM2017,Deonte Thompson,2017,wr,28,25-28,2TM,Undrafted,Undrafted,16,10
ReggieWayne35IND2013,Reggie Wayne,2013,wr,35,32+,IND,1,102,7,7
ReggieWilliams24JAX2007,Reggie Williams,2007,wr,24,< 24,JAX,1,166,15,6
RoyWilliams28DAL2009,Roy Williams,2009,wr,28,25-28,DAL,1,145,15,13
DanarioAlexander26SDG2012,Danario Alexander,2012,wr,26,25-28,SDG,Undrafted,Undrafted,10,6
ColeBeasley25DAL2014,Cole Beasley,2014,wr,25,25-28,DAL,Undrafted,Undrafted,16,2
IsaacByrd27CAR2001,Isaac Byrd,2001,wr,27,25-28,CAR,7,68,15,5
AndreCaldwell26CIN2011,Andre Caldwell,2011,wr,26,25-28,CIN,4,173,13,2
PatrickCrayton30DAL2009,Patrick Crayton,2009,wr,30,29-32,DAL,8,78,16,6
Andre'Davis23CLE2002,Andre' Davis,2002,wr,23,< 24,CLE,3,120,16,4
AaronDobson22NWE2013,Aaron Dobson,2013,wr,22,< 24,NWE,3,133,12,9
DonaldDriver36GNB2011,Donald Driver,2011,wr,36,32+,GNB,8,77,16,15
JulianEdelman23NWE2009,Julian Edelman,2009,wr,23,< 24,NWE,8,84,11,7
LeeEvans29BUF2010,Lee Evans,2010,wr,29,29-32,BUF,1,26,13,13
MalcomFloyd29SDG2010,Malcom Floyd,2010,wr,29,29-32,SDG,Undrafted,Undrafted,11,9
MichaelFloyd272TM2016,Michael Floyd,2016,wr,27,25-28,2TM,1,26,15,8
DougGabriel25OAK2005,Doug Gabriel,2005,wr,25,25-28,OAK,6,51,14,2
DavidGettis23CAR2010,David Gettis,2010,wr,23,< 24,CAR,7,70,15,13
AnthonyGonzalez23IND2007,Anthony Gonzalez,2007,wr,23,< 24,IND,1,103,13,9
Az-ZahirHakim25DET2002,Az-Zahir Hakim,2002,wr,25,25-28,DET,5,172,10,10
JoeHorn34NOR2006,Joe Horn,2006,wr,34,32+,NOR,6,28,10,9
WillieJackson29NOR2000,Willie Jackson,2000,wr,29,29-32,NOR,5,11,15,7
ShawnJefferson32ATL2001,Shawn Jefferson,2001,wr,32,29-32,ATL,10,89,16,6
JacobyJones29BAL2013,Jacoby Jones,2013,wr,29,29-32,BAL,4,148,12,9
JoeJurevicius28TAM2002,Joe Jurevicius,2002,wr,28,25-28,TAM,3,129,15,3
JohnnyKnox25CHI2011,Johnny Knox,2011,wr,25,25-28,CHI,6,33,14,11
BrandonLaFell29NWE2015,Brandon LaFell,2015,wr,29,29-32,NWE,4,153,11,7
MarqiseLee23JAX2014,Marqise Lee,2014,wr,23,< 24,JAX,3,111,13,8
AshleyLelie23DEN2003,Ashley Lelie,2003,wr,23,< 24,DEN,1,62,16,10
TonyMartin36ATL2001,Tony Martin,2001,wr,36,32+,ATL,6,22,11,9
ShaunMcDonald23STL2004,Shaun McDonald,2004,wr,23,< 24,STL,5,8,16,0
LanceMoore30NOR2013,Lance Moore,2013,wr,30,29-32,NOR,Undrafted,Undrafted,13,5
BenObomanu28SEA2011,Ben Obomanu,2011,wr,28,25-28,SEA,8,91,16,7
QuintonPatton26SFO2016,Quinton Patton,2016,wr,26,25-28,SFO,5,24,14,14
JebPutzier26DEN2005,Jeb Putzier,2005,wr,26,25-28,DEN,7,64,16,4
AntwaanRandle El24PIT2003,Antwaan Randle El,2003,wr,24,< 24,PIT,3,137,16,1
JoshReed22BUF2002,Josh Reed,2002,wr,22,< 24,BUF,3,108,16,2
LaurentRobinson22ATL2007,Laurent Robinson,2007,wr,22,< 24,ATL,4,150,15,6
EddieRoyal29CHI2015,Eddie Royal,2015,wr,29,29-32,CHI,3,115,9,9
EddieRoyal23DEN2009,Eddie Royal,2009,wr,23,< 24,DEN,3,115,14,12
ReggieWilliams25JAX2008,Reggie Williams,2008,wr,25,25-28,JAX,1,166,16,11
RoyWilliams29DAL2010,Roy Williams,2010,wr,29,29-32,DAL,1,145,15,9
RoyWilliams30CHI2011,Roy Williams,2011,wr,30,29-32,CHI,1,145,15,9
TerranceWilliams25DAL2014,Terrance Williams,2014,wr,25,25-28,DAL,4,149,16,16
TroyWilliamson23MIN2006,Troy Williamson,2006,wr,23,< 24,MIN,1,145,14,11
CedrickWilson28PIT2006,Cedrick Wilson,2006,wr,28,25-28,PIT,7,52,15,12
NelsonAgholor23PHI2016,Nelson Agholor,2016,wr,23,< 24,PHI,1,72,15,14
ColeBeasley28DAL2017,Cole Beasley,2017,wr,28,25-28,DAL,Undrafted,Undrafted,15,4
KennyBritt27STL2015,Kenny Britt,2015,wr,27,25-28,STL,1,102,16,14
IsaacBruce33STL2005,Isaac Bruce,2005,wr,33,32+,STL,3,105,11,10
DeonButler24SEA2010,Deon Butler,2010,wr,24,< 24,SEA,4,168,13,8
PatrickCrayton27DAL2006,Patrick Crayton,2006,wr,27,25-28,DAL,8,78,16,7
AlgeCrumpler25ATL2002,Alge Crumpler,2002,wr,25,25-28,ATL,3,107,16,9
HarryDouglas31TEN2015,Harry Douglas,2015,wr,31,29-32,TEN,4,160,14,12
BobbyEngram31SEA2004,Bobby Engram,2004,wr,31,29-32,SEA,3,126,13,7
TaylorGabriel23CLE2014,Taylor Gabriel,2014,wr,23,< 24,CLE,Undrafted,Undrafted,16,2
JabarGaffney27NWE2007,Jabar Gaffney,2007,wr,27,25-28,NWE,3,105,16,7
BrandonGibson24STL2011,Brandon Gibson,2011,wr,24,< 24,STL,7,67,15,9
TedGinn28CAR2013,Ted Ginn,2013,wr,28,25-28,CAR,1,166,16,2
JacquezGreen25TAM2001,Jacquez Green,2001,wr,25,25-28,TAM,3,106,12,10
DorialGreen-Beckham23PHI2016,Dorial Green-Beckham,2016,wr,23,< 24,PHI,3,113,15,7
DwayneHarris28NYG2015,Dwayne Harris,2015,wr,28,25-28,NYG,7,57,15,6
ChrisHenry23CIN2006,Chris Henry,2006,wr,23,< 24,CIN,4,159,13,4
ChrisHogan27BUF2015,Chris Hogan,2015,wr,27,25-28,BUF,Undrafted,Undrafted,16,4
MichaelJenkins23ATL2005,Michael Jenkins,2005,wr,23,< 24,ATL,1,100,14,12
GregJennings29GNB2012,Greg Jennings,2012,wr,29,29-32,GNB,3,126,8,5
EricJohnson23SFO2002,Eric Johnson,2002,wr,23,< 24,SFO,8,80,12,10
MattJones22JAX2005,Matt Jones,2005,wr,22,< 24,JAX,1,76,16,1
BrandonLaFell25CAR2011,Brandon LaFell,2011,wr,25,25-28,CAR,4,153,16,6
RogerLewis24NYG2017,Roger Lewis,2017,wr,24,< 24,NYG,Undrafted,Undrafted,15,8
MohamedMassaquoi24CLE2010,Mohamed Massaquoi,2010,wr,24,< 24,CLE,3,124,15,14
KeenanMcCardell36SDG2006,Keenan McCardell,2006,wr,36,32+,SDG,2,104,14,11
DavidNelson27NYJ2013,David Nelson,2013,wr,27,25-28,NYJ,Undrafted,Undrafted,12,6
PrestonParker27NYG2014,Preston Parker,2014,wr,27,25-28,NYG,Undrafted,Undrafted,16,7
SamieParker24KAN2005,Samie Parker,2005,wr,24,< 24,KAN,5,7,12,9
ToddPinkston26PHI2003,Todd Pinkston,2003,wr,26,25-28,PHI,3,108,16,15
ToddPinkston27PHI2004,Todd Pinkston,2004,wr,27,25-28,PHI,3,108,16,16
AndreRoberts26WAS2014,Andre Roberts,2014,wr,26,25-28,WAS,4,164,16,4
BillSchroeder31DET2002,Bill Schroeder,2002,wr,31,29-32,DET,7,60,14,13
BillSchroeder32DET2003,Bill Schroeder,2003,wr,32,29-32,DET,7,60,16,13
TorreySmith28PHI2017,Torrey Smith,2017,wr,28,25-28,PHI,3,132,16,14
DemaryiusThomas31DEN2018,Demaryius Thomas,2018,wr,31,29-32,DEN,1,79,8,8
BobbyWade28KAN2009,Bobby Wade,2009,wr,28,25-28,KAN,6,31,12,6
TroyWalters27IND2003,Troy Walters,2003,wr,27,25-28,IND,6,49,15,4
BlairWhite23IND2010,Blair White,2010,wr,23,< 24,IND,Undrafted,Undrafted,13,4
ErnestWilford27JAX2006,Ernest Wilford,2006,wr,27,25-28,JAX,5,20,16,12
RoyWilliams272TM2008,Roy Williams,2008,wr,27,25-28,2TM,1,145,15,11
KendallWright26TEN2015,Kendall Wright,2015,wr,26,25-28,TEN,1,72,10,9
DannyAmendola33MIA2018,Danny Amendola,2018,wr,33,32+,MIA,Undrafted,Undrafted,8,8
DeionBranch25NWE2004,Deion Branch,2004,wr,25,25-28,NWE,3,140,9,9
DezmonBriscoe22TAM2011,Dezmon Briscoe,2011,wr,22,< 24,TAM,7,64,16,2
PlaxicoBurress31NYG2008,Plaxico Burress,2008,wr,31,29-32,NYG,1,155,10,9
PlaxicoBurress27PIT2004,Plaxico Burress,2004,wr,27,25-28,PIT,1,155,11,11
BrandinCooks25LAR2018,Brandin Cooks,2018,wr,25,25-28,LAR,1,72,8,8
RashiedDavis29CHI2008,Rashied Davis,2008,wr,29,29-32,CHI,Undrafted,Undrafted,16,12
JoshDoctson25WAS2017,Josh Doctson,2017,wr,25,25-28,WAS,1,79,16,14
TroyEdwards26JAX2003,Troy Edwards,2003,wr,26,25-28,JAX,1,26,13,11
TaylorGabriel25ATL2016,Taylor Gabriel,2016,wr,25,25-28,ATL,Undrafted,Undrafted,13,3
BrianHartline25MIA2011,Brian Hartline,2011,wr,25,25-28,MIA,5,10,16,10
IkeHilliard29TAM2005,Ike Hilliard,2005,wr,29,29-32,TAM,1,145,16,2
AllenHurns25JAX2016,Allen Hurns,2016,wr,25,25-28,JAX,Undrafted,Undrafted,11,11
DontrelleInman26SDG2015,Dontrelle Inman,2015,wr,26,25-28,SDG,Undrafted,Undrafted,14,7
BryantJohnson28DET2009,Bryant Johnson,2009,wr,28,25-28,DET,1,53,16,16
BryantJohnson22ARI2003,Bryant Johnson,2003,wr,22,< 24,ARI,1,53,15,8
KevinJohnson28BAL2004,Kevin Johnson,2004,wr,28,25-28,BAL,3,103,16,5
SteveJohnson28SFO2014,Steve Johnson,2014,wr,28,25-28,SFO,8,80,13,1
AshleyLelie22DEN2002,Ashley Lelie,2002,wr,22,< 24,DEN,1,62,16,1
ShaunMcDonald27DET2008,Shaun McDonald,2008,wr,27,25-28,DET,5,8,12,7
FreddieMitchell25PHI2003,Freddie Mitchell,2003,wr,25,25-28,PHI,1,92,16,6
DennisNorthcutt32DET2009,Dennis Northcutt,2009,wr,32,29-32,DET,3,103,16,2
RoscoeParrish25BUF2007,Roscoe Parrish,2007,wr,25,25-28,BUF,3,129,16,3
AntwaanRandle El26PIT2005,Antwaan Randle El,2005,wr,26,25-28,PIT,3,137,16,15
LeslieShepherd31MIA2000,Leslie Shepherd,2000,wr,31,29-32,MIA,Undrafted,Undrafted,13,11
GoldenTate23SEA2011,Golden Tate,2011,wr,23,< 24,SEA,3,135,16,5
NateWashington23PIT2006,Nate Washington,2006,wr,23,< 24,PIT,Undrafted,Undrafted,16,2
ReggieWilliams22JAX2005,Reggie Williams,2005,wr,22,< 24,JAX,1,166,16,7
AlbertWilson23KAN2015,Albert Wilson,2015,wr,23,< 24,KAN,Undrafted,Undrafted,14,12
CedrickWilson25SFO2003,Cedrick Wilson,2003,wr,25,25-28,SFO,7,52,16,4
JasonWitten21DAL2003,Jason Witten,2003,wr,21,< 24,DAL,4,144,15,7
JasonAvant312TM2014,Jason Avant,2014,wr,31,29-32,2TM,5,11,16,0
TravisBenjamin28LAC2017,Travis Benjamin,2017,wr,28,25-28,LAC,5,3,16,3
CoreyBradford30HOU2005,Corey Bradford,2005,wr,30,29-32,HOU,6,41,16,6
MarkClayton27BAL2009,Mark Clayton,2009,wr,27,25-28,BAL,1,79,14,12
GermaneCrowell24DET2000,Germane Crowell,2000,wr,24,< 24,DET,3,124,9,7
CoreyDavis22TEN2017,Corey Davis,2017,wr,22,< 24,TEN,1,123,11,9
LarryFitzgerald35ARI2018,Larry Fitzgerald,2018,wr,35,32+,ARI,1,101,8,8
TaylorGabriel27CHI2018,Taylor Gabriel,2018,wr,27,25-28,CHI,Undrafted,Undrafted,7,5
JabarGaffney23HOU2003,Jabar Gaffney,2003,wr,23,< 24,HOU,3,105,16,11
JustinGage27TEN2008,Justin Gage,2008,wr,27,25-28,TEN,6,35,12,11
JoeyGalloway32DAL2003,Joey Galloway,2003,wr,32,29-32,DAL,1,155,15,13
BrandonGibson222TM2009,Brandon Gibson,2009,wr,22,< 24,2TM,7,67,10,4
TedGinn22MIA2007,Ted Ginn,2007,wr,22,< 24,MIA,1,166,16,9
ChrisGivens24STL2013,Chris Givens,2013,wr,24,< 24,STL,5,172,16,13
DavidGivens23NWE2003,David Givens,2003,wr,23,< 24,NWE,8,95,13,5
ChrisGodwin21TAM2017,Chris Godwin,2017,wr,21,< 24,TAM,4,160,16,2
Az-ZahirHakim28NOR2005,Az-Zahir Hakim,2005,wr,28,25-28,NOR,5,172,12,2
DanteHall27KAN2005,Dante Hall,2005,wr,27,25-28,KAN,6,42,16,2
DeveryHenderson28NOR2010,Devery Henderson,2010,wr,28,25-28,NOR,3,124,16,11
IkeHilliard30TAM2006,Ike Hilliard,2006,wr,30,29-32,TAM,1,145,16,0
ChrisHogan29NWE2017,Chris Hogan,2017,wr,29,29-32,NWE,Undrafted,Undrafted,9,7
MohamedMassaquoi23CLE2009,Mohamed Massaquoi,2009,wr,23,< 24,CLE,3,124,16,11
LouisMurphy22OAK2009,Louis Murphy,2009,wr,22,< 24,OAK,5,21,16,9
JJNelson24ARI2016,JJ Nelson,2016,wr,24,< 24,ARI,6,46,15,6
JeromePathon29NOR2004,Jerome Pathon,2004,wr,29,29-32,NOR,3,103,15,7
RickyProehl36CAR2004,Ricky Proehl,2004,wr,36,32+,CAR,4,132,16,3
JoshReed26BUF2006,Josh Reed,2006,wr,26,25-28,BUF,3,108,13,1
LaurentRobinson25STL2010,Laurent Robinson,2010,wr,25,25-28,STL,4,150,14,11
FrankSanders29ARI2002,Frank Sanders,2002,wr,29,29-32,ARI,3,120,12,12
L.J.Smith24PHI2004,L.J. Smith,2004,wr,24,< 24,PHI,3,136,16,8
TravisTaylor25BAL2004,Travis Taylor,2004,wr,25,25-28,BAL,1,2,10,9
DavidTerrell22CHI2001,David Terrell,2001,wr,22,< 24,CHI,1,155,16,6
JerhemeUrban28ARI2008,Jerheme Urban,2008,wr,28,25-28,ARI,Undrafted,Undrafted,16,2
KelleyWashington30BAL2009,Kelley Washington,2009,wr,30,29-32,BAL,4,140,15,2
SammyWatkins25KAN2018,Sammy Watkins,2018,wr,25,25-28,KAN,1,112,8,8
TerrenceWilkins26IND2001,Terrence Wilkins,2001,wr,26,25-28,IND,Undrafted,Undrafted,11,4
JariusWright26MIN2015,Jarius Wright,2015,wr,26,25-28,MIN,5,17,16,3
HankBaskett26PHI2008,Hank Baskett,2008,wr,26,25-28,PHI,Undrafted,Undrafted,15,6
ColeBeasley29DAL2018,Cole Beasley,2018,wr,29,29-32,DAL,Undrafted,Undrafted,7,2
DrewBennett29STL2007,Drew Bennett,2007,wr,29,29-32,STL,Undrafted,Undrafted,14,1
DrewBennett24TEN2002,Drew Bennett,2002,wr,24,< 24,TEN,Undrafted,Undrafted,16,7
MartellusBennett23DAL2010,Martellus Bennett,2010,wr,23,< 24,DAL,3,136,16,11
ChrisChambers30SDG2008,Chris Chambers,2008,wr,30,29-32,SDG,3,126,14,9
MichaelClayton24TAM2006,Michael Clayton,2006,wr,24,< 24,TAM,1,40,12,9
CoreyColeman22CLE2016,Corey Coleman,2016,wr,22,< 24,CLE,1,40,10,10
KevinCurtis30PHI2008,Kevin Curtis,2008,wr,30,29-32,PHI,4,149,9,8
Andre'Davis28HOU2007,Andre' Davis,2007,wr,28,25-28,HOU,3,120,14,8
PhillipDorsett23IND2016,Phillip Dorsett,2016,wr,23,< 24,IND,1,100,15,7
DougGabriel24OAK2004,Doug Gabriel,2004,wr,24,< 24,OAK,6,51,16,5
TaylorGabriel26ATL2017,Taylor Gabriel,2017,wr,26,25-28,ATL,Undrafted,Undrafted,16,4
JoeyGalloway33TAM2004,Joey Galloway,2004,wr,33,32+,TAM,1,155,10,7
AndrewHawkins30CLE2016,Andrew Hawkins,2016,wr,30,29-32,CLE,Undrafted,Undrafted,16,5
VincentJackson32TAM2015,Vincent Jackson,2015,wr,32,29-32,TAM,3,136,10,9
AndreJohnson30HOU2011,Andre Johnson,2011,wr,30,29-32,HOU,1,101,7,7
CharlesLee26TAM2003,Charles Lee,2003,wr,26,25-28,TAM,8,90,8,5
KevinLockett26KAN2000,Kevin Lockett,2000,wr,26,25-28,KAN,3,120,16,2
SnoopMinnis24KAN2001,Snoop Minnis,2001,wr,24,< 24,KAN,4,152,13,11
DenariusMoore23OAK2011,Denarius Moore,2011,wr,23,< 24,OAK,6,38,13,10
JordyNelson23GNB2008,Jordy Nelson,2008,wr,23,< 24,GNB,3,108,16,2
RoscoeParrish28BUF2010,Roscoe Parrish,2010,wr,28,25-28,BUF,3,129,8,6
CordarrellePatterson23MIN2014,Cordarrelle Patterson,2014,wr,23,< 24,MIN,1,100,16,7
BreshadPerriman23BAL2016,Breshad Perriman,2016,wr,23,< 24,BAL,1,97,16,1
EddieRoyal30CHI2016,Eddie Royal,2016,wr,30,29-32,CHI,3,115,9,1
ChrisSanders28TEN2000,Chris Sanders,2000,wr,28,25-28,TEN,4,142,16,14
MohamedSanu26CIN2015,Mohamed Sanu,2015,wr,26,25-28,CIN,4,159,16,4
TorreySmith26SFO2015,Torrey Smith,2015,wr,26,25-28,SFO,3,132,16,12
BobbyWade25TEN2006,Bobby Wade,2006,wr,25,25-28,TEN,6,31,16,2
CliveWalford25OAK2016,Clive Walford,2016,wr,25,25-28,OAK,4,143,15,8
DedeWestbrook25JAX2018,Dede Westbrook,2018,wr,25,25-28,JAX,5,12,8,3
TitusYoung23DET2012,Titus Young,2012,wr,23,< 24,DET,3,117,10,8
JasonAvant25PHI2008,Jason Avant,2008,wr,25,25-28,PHI,5,11,15,6
ArnazBattle25SFO2005,Arnaz Battle,2005,wr,25,25-28,SFO,7,69,10,8
DrewBennett25TEN2003,Drew Bennett,2003,wr,25,25-28,TEN,Undrafted,Undrafted,12,8
EarlBennett26CHI2013,Earl Bennett,2013,wr,26,25-28,CHI,4,146,15,3
DavidBoston24ARI2002,David Boston,2002,wr,24,< 24,ARI,1,155,8,8
MikeBrown24JAX2013,Mike Brown,2013,wr,24,< 24,JAX,Undrafted,Undrafted,11,6
MichaelClayton23TAM2005,Michael Clayton,2005,wr,23,< 24,TAM,1,40,14,10
KearyColbert25CAR2007,Keary Colbert,2007,wr,25,25-28,CAR,3,137,12,8
KevinCurtis26STL2004,Kevin Curtis,2004,wr,26,25-28,STL,4,149,15,0
BraylonEdwards22CLE2005,Braylon Edwards,2005,wr,22,< 24,CLE,1,101,10,7
RobertFerguson28MIN2007,Robert Ferguson,2007,wr,28,25-28,MIN,3,114,15,8
WillFuller24HOU2018,Will Fuller,2018,wr,24,< 24,HOU,1,76,7,7
DevinFunchess24CAR2018,Devin Funchess,2018,wr,24,< 24,CAR,3,114,7,7
DorialGreen-Beckham22TEN2015,Dorial Green-Beckham,2015,wr,22,< 24,TEN,3,113,16,5
D.J.Hackett26SEA2007,D.J. Hackett,2007,wr,26,25-28,SEA,6,45,6,6
DeveryHenderson26NOR2008,Devery Henderson,2008,wr,26,25-28,NOR,3,124,16,13
DeveryHenderson29NOR2011,Devery Henderson,2011,wr,29,29-32,NOR,3,124,16,13
DeveryHenderson24NOR2006,Devery Henderson,2006,wr,24,< 24,NOR,3,124,13,7
MarTayJenkins26ARI2001,MarTay Jenkins,2001,wr,26,25-28,ARI,7,66,13,3
JamesJones25GNB2009,James Jones,2009,wr,25,25-28,GNB,4,153,16,3
MalcolmMitchell24NWE2016,Malcolm Mitchell,2016,wr,24,< 24,NWE,5,14,14,6
DonteMoncrief21IND2014,Donte Moncrief,2014,wr,21,< 24,IND,4,167,16,2
LanceMoore24NOR2007,Lance Moore,2007,wr,24,< 24,NOR,Undrafted,Undrafted,16,4
EricMoulds34TEN2007,Eric Moulds,2007,wr,34,32+,TEN,1,88,16,8
KevinOgletree25DAL2012,Kevin Ogletree,2012,wr,25,25-28,DAL,Undrafted,Undrafted,15,1
AntwaanRandle El27WAS2006,Antwaan Randle El,2006,wr,27,25-28,WAS,3,137,16,16
JoshReed25BUF2005,Josh Reed,2005,wr,25,25-28,BUF,3,108,16,6
SidneyRice25SEA2011,Sidney Rice,2011,wr,25,25-28,SEA,3,117,9,9
SethRoberts24OAK2015,Seth Roberts,2015,wr,24,< 24,OAK,Undrafted,Undrafted,16,5
ChesterRogers24IND2018,Chester Rogers,2018,wr,24,< 24,IND,Undrafted,Undrafted,8,4
BradSmith24NYJ2007,Brad Smith,2007,wr,24,< 24,NYJ,5,5,16,9
KennyStills21NOR2013,Kenny Stills,2013,wr,21,< 24,NOR,6,36,16,10
J.J.Stokes30SFO2002,J.J. Stokes,2002,wr,30,29-32,SFO,1,2,13,8
ChansiStuckey25NYJ2008,Chansi Stuckey,2008,wr,25,25-28,NYJ,8,86,15,2
DemaryiusThomas24DEN2011,Demaryius Thomas,2011,wr,24,< 24,DEN,1,79,11,5
KenbrellThompkins25NWE2013,Kenbrell Thompkins,2013,wr,25,25-28,NWE,Undrafted,Undrafted,12,8
AmaniToomer32NYG2006,Amani Toomer,2006,wr,32,29-32,NYG,3,106,8,8
BryanWalters28JAX2015,Bryan Walters,2015,wr,28,25-28,JAX,Undrafted,Undrafted,11,1
TavonAustin24STL2014,Tavon Austin,2014,wr,24,< 24,STL,1,155,15,8
CoreyBradford26GNB2001,Corey Bradford,2001,wr,26,25-28,GNB,6,41,16,6
CoreyBrown24CAR2015,Corey Brown,2015,wr,24,< 24,CAR,Undrafted,Undrafted,14,11
JaronBrown27ARI2017,Jaron Brown,2017,wr,27,25-28,ARI,Undrafted,Undrafted,16,8
JohnBrown28BAL2018,John Brown,2018,wr,28,25-28,BAL,4,168,8,7
DezBryant27DAL2015,Dez Bryant,2015,wr,27,25-28,DAL,1,88,9,9
JeremyButler24BAL2015,Jeremy Butler,2015,wr,24,< 24,BAL,Undrafted,Undrafted,8,0
WayneChrebet31NYJ2004,Wayne Chrebet,2004,wr,31,29-32,NYJ,Undrafted,Undrafted,16,1
RandallCobb23GNB2013,Randall Cobb,2013,wr,23,< 24,GNB,3,139,6,4
DevinFunchess21CAR2015,Devin Funchess,2015,wr,21,< 24,CAR,3,114,16,5
JustinGage24CHI2005,Justin Gage,2005,wr,24,< 24,CHI,6,35,15,11
T.J.Graham23BUF2012,T.J. Graham,2012,wr,23,< 24,BUF,4,144,15,11
Az-ZahirHakim27DET2004,Az-Zahir Hakim,2004,wr,27,25-28,DET,5,172,12,5
BrianHartline23MIA2009,Brian Hartline,2009,wr,23,< 24,MIA,5,10,16,2
ChrisHenry22CIN2005,Chris Henry,2005,wr,22,< 24,CIN,4,159,14,5
CharlesJohnson25MIN2014,Charles Johnson,2014,wr,25,25-28,MIN,8,78,12,6
DamarisJohnson25HOU2014,Damaris Johnson,2014,wr,25,25-28,HOU,Undrafted,Undrafted,16,8
JacobyJones27HOU2011,Jacoby Jones,2011,wr,27,25-28,HOU,4,148,16,10
EddieKennison282TM2001,Eddie Kennison,2001,wr,28,25-28,2TM,1,59,13,7
ChristianKirk22ARI2018,Christian Kirk,2018,wr,22,< 24,ARI,Undrafted,Undrafted,8,4
DavidMartin29MIA2008,David Martin,2008,wr,29,29-32,MIA,7,70,16,7
MohamedMassaquoi25CLE2011,Mohamed Massaquoi,2011,wr,25,25-28,CLE,3,124,14,13
KeenanMcCardell34SDG2004,Keenan McCardell,2004,wr,34,32+,SDG,2,104,7,6
DexterMcCluster26TEN2015,Dexter McCluster,2015,wr,26,25-28,TEN,3,108,11,2
QuincyMorgan272TM2004,Quincy Morgan,2004,wr,27,25-28,2TM,3,105,15,12
LouisMurphy27TAM2014,Louis Murphy,2014,wr,27,25-28,TAM,5,21,11,3
DavidNelson24BUF2010,David Nelson,2010,wr,24,< 24,BUF,Undrafted,Undrafted,15,3
CordarrellePatterson26OAK2017,Cordarrelle Patterson,2017,wr,26,25-28,OAK,1,100,16,2
RickyProehl32STL2000,Ricky Proehl,2000,wr,32,29-32,STL,4,132,12,4
SidneyRice21MIN2007,Sidney Rice,2007,wr,21,< 24,MIN,3,117,13,4
KorenRobinson24SEA2004,Koren Robinson,2004,wr,24,< 24,SEA,1,166,10,8
KorenRobinson28SEA2008,Koren Robinson,2008,wr,28,25-28,SEA,1,166,12,12
MarcusRobinson28BAL2003,Marcus Robinson,2003,wr,28,25-28,BAL,5,10,15,5
MarcusRobinson30MIN2005,Marcus Robinson,2005,wr,30,29-32,MIN,5,10,15,9
BrandonStokley34SEA2010,Brandon Stokley,2010,wr,34,32+,SEA,5,7,11,0
SammieStroughter23TAM2009,Sammie Stroughter,2009,wr,23,< 24,TAM,8,85,13,0
KelleyWashington25CIN2004,Kelley Washington,2004,wr,25,25-28,CIN,4,140,16,2
DariusWatts23DEN2004,Darius Watts,2004,wr,23,< 24,DEN,3,128,16,2
AlbertWilson24KAN2016,Albert Wilson,2016,wr,24,< 24,KAN,Undrafted,Undrafted,16,5
StedmanBailey24STL2014,Stedman Bailey,2014,wr,24,< 24,STL,4,169,14,3
ArreliousBenn23TAM2011,Arrelious Benn,2011,wr,23,< 24,TAM,3,111,14,14
MarkBradley262TM2008,Mark Bradley,2008,wr,26,25-28,2TM,3,111,12,8
DeionBranch29SEA2008,Deion Branch,2008,wr,29,29-32,SEA,3,140,8,8
NateBurleson24MIN2005,Nate Burleson,2005,wr,24,< 24,MIN,4,147,12,9
BrandonColeman23NOR2015,Brandon Coleman,2015,wr,23,< 24,NOR,Undrafted,Undrafted,16,4
CoreyDavis23TEN2018,Corey Davis,2018,wr,23,< 24,TEN,1,123,7,7
MalcomFloyd34SDG2015,Malcom Floyd,2015,wr,34,32+,SDG,Undrafted,Undrafted,15,13
DougGabriel262TM2006,Doug Gabriel,2006,wr,26,25-28,2TM,6,51,15,5
BrandonGibson26MIA2013,Brandon Gibson,2013,wr,26,25-28,MIA,7,67,7,3
KennyGolladay25DET2018,Kenny Golladay,2018,wr,25,25-28,DET,4,172,7,5
LeonardHankerson25WAS2013,Leonard Hankerson,2013,wr,25,25-28,WAS,4,154,10,7
JasonHill23SFO2008,Jason Hill,2008,wr,23,< 24,SFO,4,151,16,2
T.J.Houshmandzadeh33BAL2010,T.J. Houshmandzadeh,2010,wr,33,32+,BAL,8,73,16,2
DeSeanJackson29WAS2015,DeSean Jackson,2015,wr,29,29-32,WAS,3,122,10,9
JacobyJones28BAL2012,Jacoby Jones,2012,wr,28,25-28,BAL,4,148,16,3
T.J.Jones25DET2017,T.J. Jones,2017,wr,25,25-28,DET,7,61,14,6
CooperKupp25LAR2018,Cooper Kupp,2018,wr,25,25-28,LAR,4,144,6,6
JustinMcCareins30TEN2008,Justin McCareins,2008,wr,30,29-32,TEN,5,21,14,10
VanceMcDonald25SFO2015,Vance McDonald,2015,wr,25,25-28,SFO,3,129,14,11
DonteMoncrief23IND2016,Donte Moncrief,2016,wr,23,< 24,IND,4,167,9,7
QuincyMorgan24CLE2001,Quincy Morgan,2001,wr,24,< 24,CLE,3,105,16,9
SantanaMoss23NYJ2002,Santana Moss,2002,wr,23,< 24,NYJ,1,47,15,3
BenObomanu27SEA2010,Ben Obomanu,2010,wr,27,25-28,SEA,8,91,15,6
QuintonPatton25SFO2015,Quinton Patton,2015,wr,25,25-28,SFO,5,24,16,4
AustinPettis24STL2012,Austin Pettis,2012,wr,24,< 24,STL,4,153,14,2
MarcusPollard28IND2000,Marcus Pollard,2000,wr,28,25-28,IND,Undrafted,Undrafted,16,14
JerryRice*422TM2004,Jerry Rice*,2004,wr,42,32+,2TM,1,47,17,14
J.J.Stokes28SFO2000,J.J. Stokes,2000,wr,28,25-28,SFO,1,2,16,3
ChansiStuckey262TM2009,Chansi Stuckey,2009,wr,26,25-28,2TM,8,86,15,3
DezWhite25ATL2004,Dez White,2004,wr,25,25-28,ATL,4,144,16,15
RoddyWhite25ATL2006,Roddy White,2006,wr,25,25-28,ATL,1,98,16,5
DamianWilliams24TEN2012,Damian Williams,2012,wr,24,< 24,TEN,4,152,13,2
KamarAiken27BAL2016,Kamar Aiken,2016,wr,27,25-28,BAL,Undrafted,Undrafted,16,6
DerickArmstrong25HOU2004,Derick Armstrong,2004,wr,25,25-28,HOU,Undrafted,Undrafted,14,1
DougBaldwin24SEA2012,Doug Baldwin,2012,wr,24,< 24,SEA,Undrafted,Undrafted,14,4
EarlBennett25CHI2012,Earl Bennett,2012,wr,25,25-28,CHI,4,146,12,4
JustinBlackmon23JAX2013,Justin Blackmon,2013,wr,23,< 24,JAX,1,123,4,4
NateBurleson22MIN2003,Nate Burleson,2003,wr,22,< 24,MIN,4,147,16,9
KeelanCole25JAX2018,Keelan Cole,2018,wr,25,25-28,JAX,Undrafted,Undrafted,8,7
JeffCumberland25NYJ2012,Jeff Cumberland,2012,wr,25,25-28,NYJ,Undrafted,Undrafted,15,12
JarettDillard26JAX2011,Jarett Dillard,2011,wr,26,25-28,JAX,6,36,14,5
BruceEllington26HOU2017,Bruce Ellington,2017,wr,26,25-28,HOU,5,8,11,6
BobbyEngram28SEA2001,Bobby Engram,2001,wr,28,25-28,SEA,3,126,16,4
BennieFowler26DEN2017,Bennie Fowler,2017,wr,26,25-28,DEN,Undrafted,Undrafted,16,4
BrandonGibson27MIA2014,Brandon Gibson,2014,wr,27,25-28,MIA,7,67,14,5
MarquiseGoodwin26BUF2016,Marquise Goodwin,2016,wr,26,25-28,BUF,4,153,15,9
DerekHagan23MIA2007,Derek Hagan,2007,wr,23,< 24,MIA,4,158,16,1
DarriusHeyward-Bey26IND2013,Darrius Heyward-Bey,2013,wr,26,25-28,IND,1,145,16,11
AlshonJeffery28PHI2018,Alshon Jeffery,2018,wr,28,25-28,PHI,3,118,5,5
JerrelJernigan24NYG2013,Jerrel Jernigan,2013,wr,24,< 24,NYG,4,159,15,3
JeremyKerley23NYJ2011,Jeremy Kerley,2011,wr,23,< 24,NYJ,6,42,14,1
BrandonManumaleuna23STL2003,Brandon Manumaleuna,2003,wr,23,< 24,STL,5,25,16,15
DerrickMayes26SEA2000,Derrick Mayes,2000,wr,26,25-28,SEA,3,130,13,8
JamesMcKnight30MIA2002,James McKnight,2002,wr,30,29-32,MIA,Undrafted,Undrafted,15,9
DonteMoncrief25JAX2018,Donte Moncrief,2018,wr,25,25-28,JAX,4,167,8,8
LanceMoore32DET2015,Lance Moore,2015,wr,32,29-32,DET,Undrafted,Undrafted,14,8
JohnnieMorton31KAN2002,Johnnie Morton,2002,wr,31,29-32,KAN,1,76,14,14
JJNelson25ARI2017,JJ Nelson,2017,wr,25,25-28,ARI,6,46,16,5
JustinPeelle28MIA2007,Justin Peelle,2007,wr,28,25-28,MIA,5,5,16,10
PaulRichardson22SEA2014,Paul Richardson,2014,wr,22,< 24,SEA,3,118,15,6
MarcusRobinson31MIN2006,Marcus Robinson,2006,wr,31,29-32,MIN,5,10,10,3
BrianRobiskie23CLE2010,Brian Robiskie,2010,wr,23,< 24,CLE,3,108,14,11
ChazSchilens24OAK2009,Chaz Schilens,2009,wr,24,< 24,OAK,8,81,8,8
MackStrong35SEA2006,Mack Strong,2006,wr,35,32+,SEA,Undrafted,Undrafted,16,10
NateWashington24PIT2007,Nate Washington,2007,wr,24,< 24,PIT,Undrafted,Undrafted,16,4
WesWelker24MIA2005,Wes Welker,2005,wr,24,< 24,MIA,Undrafted,Undrafted,16,1
RoddyWhite24ATL2005,Roddy White,2005,wr,24,< 24,ATL,1,98,16,8
MikeWilliams21DET2005,Mike Williams,2005,wr,21,< 24,DET,1,2,14,4
KendallWright27TEN2016,Kendall Wright,2016,wr,27,25-28,TEN,1,72,11,4
AnthonyBecht25NYJ2002,Anthony Becht,2002,wr,25,25-28,NYJ,1,98,16,15
BernardBerrian30MIN2010,Bernard Berrian,2010,wr,30,29-32,MIN,4,153,14,9
RecheCaldwell26SDG2005,Reche Caldwell,2005,wr,26,25-28,SDG,3,121,16,2
DrewCarter25CAR2006,Drew Carter,2006,wr,25,25-28,CAR,6,48,14,2
PatrickCrayton31SDG2010,Patrick Crayton,2010,wr,31,29-32,SDG,8,78,9,2
EarlyDoucet27ARI2012,Early Doucet,2012,wr,27,25-28,ARI,4,157,12,3
RonDugans24CIN2001,Ron Dugans,2001,wr,24,< 24,CIN,4,141,16,3
WillFuller23HOU2017,Will Fuller,2017,wr,23,< 24,HOU,1,76,10,10
TaylorGabriel24CLE2015,Taylor Gabriel,2015,wr,24,< 24,CLE,Undrafted,Undrafted,13,4
JustinGage28TEN2009,Justin Gage,2009,wr,28,25-28,TEN,6,35,12,10
ChrisGodwin22TAM2018,Chris Godwin,2018,wr,22,< 24,TAM,4,160,7,0
KennyGolladay24DET2017,Kenny Golladay,2017,wr,24,< 24,DET,4,172,11,5
D.J.Hackett24SEA2005,D.J. Hackett,2005,wr,24,< 24,SEA,6,45,13,3
JustinHunter23TEN2014,Justin Hunter,2014,wr,23,< 24,TEN,3,106,12,8
ChadJohnson23CIN2001,Chad Johnson,2001,wr,23,< 24,CIN,3,108,12,3
AshleyLelie26ATL2006,Ashley Lelie,2006,wr,26,25-28,ATL,1,62,15,10
RandyMoss*333TM2010,Randy Moss*,2010,wr,33,32+,3TM,1,76,16,11
RandyMoss*35SFO2012,Randy Moss*,2012,wr,35,32+,SFO,1,76,16,2
JerryPorter25OAK2003,Jerry Porter,2003,wr,25,25-28,OAK,3,120,10,1
EmmanuelSanders23PIT2010,Emmanuel Sanders,2010,wr,23,< 24,PIT,4,158,13,1
ChazSchilens27NYJ2012,Chaz Schilens,2012,wr,27,25-28,NYJ,8,81,15,6
TaiStreets24SFO2001,Tai Streets,2001,wr,24,< 24,SFO,7,54,16,3
TaiStreets27DET2004,Tai Streets,2004,wr,27,25-28,DET,7,54,13,12
TravisTaylor21BAL2000,Travis Taylor,2000,wr,21,< 24,BAL,1,2,9,8
TiquanUnderwood25TAM2012,Tiquan Underwood,2012,wr,25,25-28,TAM,8,95,14,3
SammyWatkins23BUF2016,Sammy Watkins,2016,wr,23,< 24,BUF,1,112,8,8
JeffWebb25KAN2007,Jeff Webb,2007,wr,25,25-28,KAN,7,63,16,2
MarquessWilson23CHI2015,Marquess Wilson,2015,wr,23,< 24,CHI,8,87,11,6
DerrickAlexander30KAN2001,Derrick Alexander,2001,wr,30,29-32,KAN,1,100,13,11
DannyAmendola29NWE2014,Danny Amendola,2014,wr,29,29-32,NWE,Undrafted,Undrafted,16,4
CoreyBradford29HOU2004,Corey Bradford,2004,wr,29,29-32,HOU,6,41,15,10
CoreyBrown25CAR2016,Corey Brown,2016,wr,25,25-28,CAR,Undrafted,Undrafted,16,8
NateBurleson31DET2012,Nate Burleson,2012,wr,31,29-32,DET,4,147,6,5
WayneChrebet30NYJ2003,Wayne Chrebet,2003,wr,30,29-32,NYJ,Undrafted,Undrafted,7,5
RobertFerguson26GNB2005,Robert Ferguson,2005,wr,26,25-28,GNB,3,114,11,7
MalcomFloyd27SDG2008,Malcom Floyd,2008,wr,27,25-28,SDG,Undrafted,Undrafted,13,2
AndrewHawkins29CLE2015,Andrew Hawkins,2015,wr,29,29-32,CLE,Undrafted,Undrafted,8,8
RashardHiggins23CLE2017,Rashard Higgins,2017,wr,23,< 24,CLE,6,55,15,4
IkeHilliard26NYG2002,Ike Hilliard,2002,wr,26,25-28,NYG,1,145,7,7
JoeHorn35ATL2007,Joe Horn,2007,wr,35,32+,ATL,6,28,12,12
JoshHuff24PHI2015,Josh Huff,2015,wr,24,< 24,PHI,4,162,15,4
AdamHumphries22TAM2015,Adam Humphries,2015,wr,22,< 24,TAM,Undrafted,Undrafted,13,0
AdamHumphries25TAM2018,Adam Humphries,2018,wr,25,25-28,TAM,Undrafted,Undrafted,7,3
VincentJackson23SDG2006,Vincent Jackson,2006,wr,23,< 24,SDG,3,136,16,7
ShawnJefferson33ATL2002,Shawn Jefferson,2002,wr,33,32+,ATL,10,89,13,7
BrandonJones24TEN2006,Brandon Jones,2006,wr,24,< 24,TEN,4,172,16,10
JacobyJones25HOU2009,Jacoby Jones,2009,wr,25,25-28,HOU,4,148,14,1
ZayJones22BUF2017,Zay Jones,2017,wr,22,< 24,BUF,3,109,15,10
JoeJurevicius30TAM2004,Joe Jurevicius,2004,wr,30,29-32,TAM,3,129,10,3
LanceKendricks26STL2014,Lance Kendricks,2014,wr,26,25-28,STL,3,120,16,14
JamalLewis21BAL2000,Jamal Lewis,2000,wr,21,< 24,BAL,1,123,16,13
RicardoLouis23CLE2017,Ricardo Louis,2017,wr,23,< 24,CLE,5,15,16,9
DarnerienMcCants25WAS2003,Darnerien McCants,2003,wr,25,25-28,WAS,6,43,15,1
AustinPettis23STL2011,Austin Pettis,2011,wr,23,< 24,STL,4,153,12,3
RickyProehl35CAR2003,Ricky Proehl,2003,wr,35,32+,CAR,4,132,16,2
JakeReed34MIN2001,Jake Reed,2001,wr,34,32+,MIN,4,143,16,0
JoshReed29BUF2009,Josh Reed,2009,wr,29,29-32,BUF,3,108,14,4
CalvinRidley24ATL2018,Calvin Ridley,2018,wr,24,< 24,ATL,Undrafted,Undrafted,7,0
GregSalas23STL2011,Greg Salas,2011,wr,23,< 24,STL,5,14,6,0
DaneSanzenbacher23CHI2011,Dane Sanzenbacher,2011,wr,23,< 24,CHI,Undrafted,Undrafted,16,1
KennyStills23MIA2015,Kenny Stills,2015,wr,23,< 24,MIA,6,36,16,8
ReggieWayne23IND2001,Reggie Wayne,2001,wr,23,< 24,IND,1,102,13,9
DedeWestbrook24JAX2017,Dede Westbrook,2017,wr,24,< 24,JAX,5,12,7,5
AlvisWhitted32OAK2006,Alvis Whitted,2006,wr,32,29-32,OAK,8,65,14,13
ReggieWilliams21JAX2004,Reggie Williams,2004,wr,21,< 24,JAX,1,166,16,15
DanarioAlexander25STL2011,Danario Alexander,2011,wr,25,25-28,STL,Undrafted,Undrafted,10,5
DevinAromashodu27MIN2011,Devin Aromashodu,2011,wr,27,25-28,MIN,8,85,16,6
MaceyBrooks25CHI2000,Macey Brooks,2000,wr,25,25-28,CHI,5,23,16,3
MartavisBryant23PIT2014,Martavis Bryant,2014,wr,23,< 24,PIT,5,17,10,3
TimCarter24NYG2003,Tim Carter,2003,wr,24,< 24,NYG,3,119,12,2
BrandonColeman24NOR2016,Brandon Coleman,2016,wr,24,< 24,NOR,Undrafted,Undrafted,16,4
EarlyDoucet25ARI2010,Early Doucet,2010,wr,25,25-28,ARI,4,157,10,5
TimDwight25ATL2000,Tim Dwight,2000,wr,25,25-28,ATL,5,15,14,1
BrianFinneran27ATL2003,Brian Finneran,2003,wr,27,25-28,ATL,Undrafted,Undrafted,12,10
RyanGrant28IND2018,Ryan Grant,2018,wr,28,25-28,IND,6,34,6,5
DanteHall28KAN2006,Dante Hall,2006,wr,28,25-28,KAN,6,42,15,0
LeonardHankerson273TM2015,Leonard Hankerson,2015,wr,27,25-28,3TM,4,154,10,0
DevinHester29CHI2011,Devin Hester,2011,wr,29,29-32,CHI,3,131,16,8
DarriusHeyward-Bey23OAK2010,Darrius Heyward-Bey,2010,wr,23,< 24,OAK,1,145,15,14
T.Y.Hilton29IND2018,T.Y. Hilton,2018,wr,29,29-32,IND,4,169,6,6
RandyHymes25BAL2004,Randy Hymes,2004,wr,25,25-28,BAL,Undrafted,Undrafted,14,7
DeSeanJackson32TAM2018,DeSean Jackson,2018,wr,32,29-32,TAM,3,122,7,6
MarvinJones28DET2018,Marvin Jones,2018,wr,28,25-28,DET,6,50,7,7
BrandonLloyd27CHI2008,Brandon Lloyd,2008,wr,27,25-28,CHI,5,21,11,5
TonyMartin35MIA2000,Tony Martin,2000,wr,35,32+,MIA,6,22,10,5
DonteMoncrief24IND2017,Donte Moncrief,2017,wr,24,< 24,IND,4,167,12,8
DeVanteParker22MIA2015,DeVante Parker,2015,wr,22,< 24,MIA,1,32,15,4
JeromeSimpson26MIN2012,Jerome Simpson,2012,wr,26,25-28,MIN,3,119,12,10
DerriusThompson26MIA2003,Derrius Thompson,2003,wr,26,25-28,MIA,Undrafted,Undrafted,16,12
JavonWalker29DEN2007,Javon Walker,2007,wr,29,29-32,DEN,1,72,8,5
AlbertWilson26MIA2018,Albert Wilson,2018,wr,26,25-28,MIA,Undrafted,Undrafted,7,3
CedrickWilson27PIT2005,Cedrick Wilson,2005,wr,27,25-28,PIT,7,52,16,1
JariusWright24MIN2013,Jarius Wright,2013,wr,24,< 24,MIN,5,17,16,3
TimWright24NWE2014,Tim Wright,2014,wr,24,< 24,NWE,Undrafted,Undrafted,16,2
ScottyAnderson23DET2002,Scotty Anderson,2002,wr,23,< 24,DET,6,38,16,4
OdellBeckham25NYG2017,Odell Beckham,2017,wr,25,25-28,NYG,1,19,4,2
ArreliousBenn22TAM2010,Arrelious Benn,2010,wr,22,< 24,TAM,3,111,15,9
KeenanBurton25STL2009,Keenan Burton,2009,wr,25,25-28,STL,5,24,9,6
AndreCaldwell25CIN2010,Andre Caldwell,2010,wr,25,25-28,CIN,4,173,15,5
KellyCampbell23MIN2003,Kelly Campbell,2003,wr,23,< 24,MIN,Undrafted,Undrafted,15,6
RandallCobb21GNB2011,Randall Cobb,2011,wr,21,< 24,GNB,3,139,15,0
KearyColbert23CAR2005,Keary Colbert,2005,wr,23,< 24,CAR,3,137,16,16
TimDwight26SDG2001,Tim Dwight,2001,wr,26,25-28,SDG,5,15,10,2
JulianEdelman32NWE2018,Julian Edelman,2018,wr,32,29-32,NWE,8,84,4,4
MarcEdwards27NWE2001,Marc Edwards,2001,wr,27,25-28,NWE,3,129,16,13
JacobyFord23OAK2010,Jacoby Ford,2010,wr,23,< 24,OAK,5,10,16,9
TrevorGaylor25ATL2002,Trevor Gaylor,2002,wr,25,25-28,ATL,5,13,13,2
DanteHall26KAN2004,Dante Hall,2004,wr,26,25-28,KAN,6,42,16,6
JasonHill26JAX2011,Jason Hill,2011,wr,26,25-28,JAX,4,151,10,10
AndreHolmes25OAK2013,Andre Holmes,2013,wr,25,25-28,OAK,Undrafted,Undrafted,10,4
DontrelleInman282TM2017,Dontrelle Inman,2017,wr,28,25-28,2TM,Undrafted,Undrafted,12,7
RocketIsmail31DAL2000,Rocket Ismail,2000,wr,31,29-32,DAL,5,3,9,9
WillieJackson312TM2002,Willie Jackson,2002,wr,31,29-32,2TM,5,11,12,2
ZayJones23BUF2018,Zay Jones,2018,wr,23,< 24,BUF,3,109,8,8
MalcolmKelly23WAS2009,Malcolm Kelly,2009,wr,23,< 24,WAS,3,125,16,10
LanceKendricks27STL2015,Lance Kendricks,2015,wr,27,25-28,STL,3,120,15,12
TylerLockett26SEA2018,Tyler Lockett,2018,wr,26,25-28,SEA,4,144,7,7
JordanMatthews25BUF2017,Jordan Matthews,2017,wr,25,25-28,BUF,3,115,10,7
JasonMcAddley23ARI2002,Jason McAddley,2002,wr,23,< 24,ARI,6,39,9,8
WaneMcGarity24DAL2000,Wane McGarity,2000,wr,24,< 24,DAL,5,17,14,0
LouisMurphy25CAR2012,Louis Murphy,2012,wr,25,25-28,CAR,5,21,16,5
JordyNelson33OAK2018,Jordy Nelson,2018,wr,33,32+,OAK,3,108,8,7
RickyProehl37CAR2005,Ricky Proehl,2005,wr,37,32+,CAR,4,132,16,0
BrianQuick25STL2014,Brian Quick,2014,wr,25,25-28,STL,3,105,7,7
AllenRobinson25CHI2018,Allen Robinson,2018,wr,25,25-28,CHI,3,136,6,5
Donte'Stallworth23NOR2003,Donte' Stallworth,2003,wr,23,< 24,NOR,1,26,11,3
DevinThomas23WAS2009,Devin Thomas,2009,wr,23,< 24,WAS,3,106,14,10
LaquonTreadwell23MIN2018,Laquon Treadwell,2018,wr,23,< 24,MIN,1,83,8,3
DanielWilcox27BAL2004,Daniel Wilcox,2004,wr,27,25-28,BAL,Undrafted,Undrafted,16,5
JasonWitten30DAL2012,Jason Witten,2012,te,30,29-32,DAL,4,126,16,16
TonyGonzalez28KAN2004,Tony Gonzalez,2004,te,28,25-28,KAN,1,23,16,16
DallasClark30IND2009,Dallas Clark,2009,te,30,29-32,IND,1,85,16,16
TonyGonzalez31KAN2007,Tony Gonzalez,2007,te,31,29-32,KAN,1,23,16,16
JimmyGraham25NOR2011,Jimmy Graham,2011,te,25,25-28,NOR,4,145,16,11
TonyGonzalez32KAN2008,Tony Gonzalez,2008,te,32,29-32,KAN,1,23,16,16
JasonWitten25DAL2007,Jason Witten,2007,te,25,25-28,DAL,4,126,16,16
DelanieWalker31TEN2015,Delanie Walker,2015,te,31,29-32,TEN,7,51,15,10
JasonWitten27DAL2009,Jason Witten,2009,te,27,25-28,DAL,4,126,16,16
JasonWitten28DAL2010,Jason Witten,2010,te,28,25-28,DAL,4,126,16,16
TonyGonzalez36ATL2012,Tony Gonzalez,2012,te,36,32+,ATL,1,23,16,16
TonyGonzalez24KAN2000,Tony Gonzalez,2000,te,24,< 24,KAN,1,23,16,16
MartellusBennett27CHI2014,Martellus Bennett,2014,te,27,25-28,CHI,3,120,16,15
RobGronkowski22NWE2011,Rob Gronkowski,2011,te,22,< 24,NWE,3,105,16,16
AntonioGates25SDG2005,Antonio Gates,2005,te,25,25-28,SDG,Undrafted,Undrafted,15,15
KellenWinslow23CLE2006,Kellen Winslow,2006,te,23,< 24,CLE,1,119,16,16
JordanReed25WAS2015,Jordan Reed,2015,te,25,25-28,WAS,4,134,14,9
JasonWitten22DAL2004,Jason Witten,2004,te,22,< 24,DAL,4,126,16,15
JimmyGraham27NOR2013,Jimmy Graham,2013,te,27,25-28,NOR,4,145,16,12
DennisPitta31BAL2016,Dennis Pitta,2016,te,31,29-32,BAL,5,11,16,12
JimmyGraham26NOR2012,Jimmy Graham,2012,te,26,25-28,NOR,4,145,15,9
JimmyGraham28NOR2014,Jimmy Graham,2014,te,28,25-28,NOR,4,145,16,13
TravisKelce27KAN2016,Travis Kelce,2016,te,27,25-28,KAN,4,121,16,15
GregOlsen29CAR2014,Greg Olsen,2014,te,29,29-32,CAR,1,97,16,16
ChrisCooley26WAS2008,Chris Cooley,2008,te,26,25-28,WAS,4,133,16,16
TonyGonzalez33ATL2009,Tony Gonzalez,2009,te,33,32+,ATL,1,23,16,16
TonyGonzalez37ATL2013,Tony Gonzalez,2013,te,37,32+,ATL,1,23,16,16
TravisKelce28KAN2017,Travis Kelce,2017,te,28,25-28,KAN,4,121,15,15
BrandonPettigrew26DET2011,Brandon Pettigrew,2011,te,26,25-28,DET,1,66,16,16
KyleRudolph27MIN2016,Kyle Rudolph,2016,te,27,25-28,MIN,3,106,16,16
RobGronkowski25NWE2014,Rob Gronkowski,2014,te,25,25-28,NWE,3,105,15,10
EricJohnson25SFO2004,Eric Johnson,2004,te,25,25-28,SFO,8,78,16,14
KellenWinslow24CLE2007,Kellen Winslow,2007,te,24,< 24,CLE,1,119,16,14
AntonioGates24SDG2004,Antonio Gates,2004,te,24,< 24,SDG,Undrafted,Undrafted,15,15
JasonWitten26DAL2008,Jason Witten,2008,te,26,25-28,DAL,4,126,16,16
JordanCameron25CLE2013,Jordan Cameron,2013,te,25,25-28,CLE,5,3,15,14
JackDoyle27IND2017,Jack Doyle,2017,te,27,25-28,IND,Undrafted,Undrafted,15,15
TonyGonzalez35ATL2011,Tony Gonzalez,2011,te,35,32+,ATL,1,23,16,16
GregOlsen31CAR2016,Greg Olsen,2016,te,31,29-32,CAR,1,97,16,16
GaryBarnidge30CLE2015,Gary Barnidge,2015,te,30,29-32,CLE,6,30,16,13
AntonioGates29SDG2009,Antonio Gates,2009,te,29,29-32,SDG,Undrafted,Undrafted,16,16
AaronHernandez22NWE2011,Aaron Hernandez,2011,te,22,< 24,NWE,5,10,14,12
BrandonMyers27OAK2012,Brandon Myers,2012,te,27,25-28,OAK,7,68,16,16
JasonWitten29DAL2011,Jason Witten,2011,te,29,29-32,DAL,4,126,16,16
VernonDavis25SFO2009,Vernon Davis,2009,te,25,25-28,SFO,1,119,16,16
ZachErtz26PHI2016,Zach Ertz,2016,te,26,25-28,PHI,3,100,14,12
TonyGonzalez29KAN2005,Tony Gonzalez,2005,te,29,29-32,KAN,1,23,16,16
DallasClark29IND2008,Dallas Clark,2008,te,29,29-32,IND,1,85,15,15
ChrisCooley28WAS2010,Chris Cooley,2010,te,28,25-28,WAS,4,133,16,16
AntonioGates33SDG2013,Antonio Gates,2013,te,33,32+,SDG,Undrafted,Undrafted,16,15
GregOlsen30CAR2015,Greg Olsen,2015,te,30,29-32,CAR,1,97,16,16
KellenWinslow26TAM2009,Kellen Winslow,2009,te,26,25-28,TAM,1,119,16,14
JasonWitten33DAL2015,Jason Witten,2015,te,33,32+,DAL,4,126,16,16
BrentCelek24PHI2009,Brent Celek,2009,te,24,< 24,PHI,6,45,16,15
HeathMiller27PIT2009,Heath Miller,2009,te,27,25-28,PIT,1,96,16,16
ZachErtz25PHI2015,Zach Ertz,2015,te,25,25-28,PHI,3,100,15,7
AntonioGates27SDG2007,Antonio Gates,2007,te,27,25-28,SDG,Undrafted,Undrafted,16,16
ToddHeap25BAL2005,Todd Heap,2005,te,25,25-28,BAL,1,97,16,16
KellenWinslow28TAM2011,Kellen Winslow,2011,te,28,25-28,TAM,1,119,16,15
ZachErtz27PHI2017,Zach Ertz,2017,te,27,25-28,PHI,3,100,14,13
JeremyShockey22NYG2002,Jeremy Shockey,2002,te,22,< 24,NYG,1,29,15,14
DelanieWalker33TEN2017,Delanie Walker,2017,te,33,32+,TEN,7,51,16,11
BenWatson35NOR2015,Ben Watson,2015,te,35,32+,NOR,1,98,16,16
TonyGonzalez30KAN2006,Tony Gonzalez,2006,te,30,29-32,KAN,1,23,15,15
TonyGonzalez25KAN2001,Tony Gonzalez,2001,te,25,25-28,KAN,1,23,16,16
ToddHeap26BAL2006,Todd Heap,2006,te,26,25-28,BAL,1,97,16,16
RandyMcMichael25MIA2004,Randy McMichael,2004,te,25,25-28,MIA,5,11,16,16
GregOlsen28CAR2013,Greg Olsen,2013,te,28,25-28,CAR,1,97,16,16
ShannonSharpe*33BAL2001,Shannon Sharpe*,2001,te,33,32+,BAL,8,61,16,15
JasonWitten31DAL2013,Jason Witten,2013,te,31,29-32,DAL,4,126,16,16
RobGronkowski26NWE2015,Rob Gronkowski,2015,te,26,25-28,NWE,3,105,15,15
TravisKelce26KAN2015,Travis Kelce,2015,te,26,25-28,KAN,4,121,16,16
AntonioGates26SDG2006,Antonio Gates,2006,te,26,25-28,SDG,Undrafted,Undrafted,16,16
TonyGonzalez27KAN2003,Tony Gonzalez,2003,te,27,25-28,KAN,1,23,16,16
FreddieJones26SDG2000,Freddie Jones,2000,te,26,25-28,SDG,3,108,16,16
HeathMiller30PIT2012,Heath Miller,2012,te,30,29-32,PIT,1,96,15,15
BrandonPettigrew25DET2010,Brandon Pettigrew,2010,te,25,25-28,DET,1,66,16,16
JermaineWiggins29MIN2004,Jermaine Wiggins,2004,te,29,29-32,MIN,Undrafted,Undrafted,14,13
OwenDaniels26HOU2008,Owen Daniels,2008,te,26,25-28,HOU,5,146,16,16
TonyGonzalez34ATL2010,Tony Gonzalez,2010,te,34,32+,ATL,1,23,16,16
FrankWycheck29TEN2000,Frank Wycheck,2000,te,29,29-32,TEN,7,43,16,16
CharlesClay24MIA2013,Charles Clay,2013,te,24,< 24,MIA,7,50,16,15
AntonioGates34SDG2014,Antonio Gates,2014,te,34,32+,SDG,Undrafted,Undrafted,16,14
RobGronkowski28NWE2017,Rob Gronkowski,2017,te,28,25-28,NWE,3,105,14,14
ChadLewis29PHI2000,Chad Lewis,2000,te,29,29-32,PHI,Undrafted,Undrafted,16,16
GregOlsen27CAR2012,Greg Olsen,2012,te,27,25-28,CAR,1,97,16,16
JermaineWiggins30MIN2005,Jermaine Wiggins,2005,te,30,29-32,MIN,Undrafted,Undrafted,16,8
JasonWitten34DAL2016,Jason Witten,2016,te,34,32+,DAL,4,126,16,16
ToddHeap22BAL2002,Todd Heap,2002,te,22,< 24,BAL,1,97,16,16
BenWatson30CLE2010,Ben Watson,2010,te,30,29-32,CLE,1,98,16,16
VernonDavis27SFO2011,Vernon Davis,2011,te,27,25-28,SFO,1,119,16,16
TravisKelce25KAN2014,Travis Kelce,2014,te,25,25-28,KAN,4,121,16,11
ShannonSharpe*32BAL2000,Shannon Sharpe*,2000,te,32,29-32,BAL,8,61,16,15
JacobTamme25IND2010,Jacob Tamme,2010,te,25,25-28,IND,5,20,16,8
ChrisCooley25WAS2007,Chris Cooley,2007,te,25,25-28,WAS,4,133,16,16
HeathMiller32PIT2014,Heath Miller,2014,te,32,29-32,PIT,1,96,16,16
ZachMiller24OAK2009,Zach Miller,2009,te,24,< 24,OAK,3,102,15,15
JordanReed26WAS2016,Jordan Reed,2016,te,26,25-28,WAS,4,134,12,8
JeremyShockey26NYG2006,Jeremy Shockey,2006,te,26,25-28,NYG,1,29,15,15
KellenWinslow27TAM2010,Kellen Winslow,2010,te,27,25-28,TAM,1,119,16,11
JasonWitten23DAL2005,Jason Witten,2005,te,23,< 24,DAL,4,126,16,16
MartellusBennett26CHI2013,Martellus Bennett,2013,te,26,25-28,CHI,3,120,16,15
AlgeCrumpler28ATL2005,Alge Crumpler,2005,te,28,25-28,ATL,3,100,16,16
JimmyGraham30SEA2016,Jimmy Graham,2016,te,30,29-32,SEA,4,145,16,15
DustinKeller27NYJ2011,Dustin Keller,2011,te,27,25-28,NYJ,1,96,16,12
JeremyShockey25NYG2005,Jeremy Shockey,2005,te,25,25-28,NYG,1,29,15,15
JuliusThomas25DEN2013,Julius Thomas,2013,te,25,25-28,DEN,5,22,14,14
DelanieWalker32TEN2016,Delanie Walker,2016,te,32,29-32,TEN,7,51,15,10
KyleBrady28JAX2000,Kyle Brady,2000,te,28,25-28,JAX,1,139,16,15
EvanEngram23NYG2017,Evan Engram,2017,te,23,< 24,NYG,1,81,15,11
AntonioGates31SDG2011,Antonio Gates,2011,te,31,29-32,SDG,Undrafted,Undrafted,13,13
JermaineGresham24CIN2012,Jermaine Gresham,2012,te,24,< 24,CIN,1,71,16,15
JasonWitten24DAL2006,Jason Witten,2006,te,24,< 24,DAL,4,126,16,15
JasonWitten32DAL2014,Jason Witten,2014,te,32,29-32,DAL,4,126,16,16
OwenDaniels25HOU2007,Owen Daniels,2007,te,25,25-28,HOU,5,146,16,16
LarryDonnell26NYG2014,Larry Donnell,2014,te,26,25-28,NYG,Undrafted,Undrafted,16,12
TonyGonzalez26KAN2002,Tony Gonzalez,2002,te,26,25-28,KAN,1,23,16,16
DelanieWalker30TEN2014,Delanie Walker,2014,te,30,29-32,TEN,7,51,15,14
JasonWitten35DAL2017,Jason Witten,2017,te,35,32+,DAL,4,126,16,16
BrentCelek26PHI2011,Brent Celek,2011,te,26,25-28,PHI,6,45,16,16
OwenDaniels30HOU2012,Owen Daniels,2012,te,30,29-32,HOU,5,146,15,14
JermaineGresham26CIN2014,Jermaine Gresham,2014,te,26,25-28,CIN,1,71,15,15
RandyMcMichael27MIA2006,Randy McMichael,2006,te,27,25-28,MIA,5,11,16,16
ShannonSharpe*35DEN2003,Shannon Sharpe*,2003,te,35,32+,DEN,8,61,15,15
EricEbron23DET2016,Eric Ebron,2016,te,23,< 24,DET,1,1,13,13
ZachErtz28PHI2018,Zach Ertz,2018,te,28,25-28,PHI,3,100,8,8
JermichaelFinley25GNB2012,Jermichael Finley,2012,te,25,25-28,GNB,4,141,16,14
DennisPitta27BAL2012,Dennis Pitta,2012,te,27,25-28,BAL,5,11,16,5
ShannonSharpe*34DEN2002,Shannon Sharpe*,2002,te,34,32+,DEN,8,61,13,13
JeremyShockey24NYG2004,Jeremy Shockey,2004,te,24,< 24,NYG,1,29,15,15
L.J.Smith25PHI2005,L.J. Smith,2005,te,25,25-28,PHI,3,120,16,16
BenWatson37BAL2017,Ben Watson,2017,te,37,32+,BAL,1,98,16,12
AntonioGates28SDG2008,Antonio Gates,2008,te,28,25-28,SDG,Undrafted,Undrafted,16,16
RandyMcMichael26MIA2005,Randy McMichael,2005,te,26,25-28,MIA,5,11,16,16
HeathMiller33PIT2015,Heath Miller,2015,te,33,32+,PIT,1,96,15,15
ZachMiller25OAK2010,Zach Miller,2010,te,25,25-28,OAK,3,102,15,15
GregOlsen24CHI2009,Greg Olsen,2009,te,24,< 24,CHI,1,97,16,15
DelanieWalker29TEN2013,Delanie Walker,2013,te,29,29-32,TEN,7,51,15,11
FrankWycheck30TEN2001,Frank Wycheck,2001,te,30,29-32,TEN,7,43,16,16
FredDavis25WAS2011,Fred Davis,2011,te,25,25-28,WAS,3,111,12,12
JackDoyle26IND2016,Jack Doyle,2016,te,26,25-28,IND,Undrafted,Undrafted,16,14
BrandonPettigrew27DET2012,Brandon Pettigrew,2012,te,27,25-28,DET,1,66,14,11
JacobTamme30ATL2015,Jacob Tamme,2015,te,30,29-32,ATL,5,20,15,8
DallasClark28IND2007,Dallas Clark,2007,te,28,25-28,IND,1,85,15,15
CharlesClay25MIA2014,Charles Clay,2014,te,25,25-28,MIA,7,50,14,14
ZachErtz24PHI2014,Zach Ertz,2014,te,24,< 24,PHI,3,100,16,5
MarcedesLewis26JAX2010,Marcedes Lewis,2010,te,26,25-28,JAX,1,94,16,16
HeathMiller31PIT2013,Heath Miller,2013,te,31,29-32,PIT,1,96,14,14
MychalRivera24OAK2014,Mychal Rivera,2014,te,24,< 24,OAK,7,54,16,10
RichardRodgers23GNB2015,Richard Rodgers,2015,te,23,< 24,GNB,4,146,16,12
BoScaife27TEN2008,Bo Scaife,2008,te,27,25-28,TEN,7,52,16,7
CameronBrate25TAM2016,Cameron Brate,2016,te,25,25-28,TAM,Undrafted,Undrafted,15,10
BrentCelek27PHI2012,Brent Celek,2012,te,27,25-28,PHI,6,45,15,14
ByronChamberlain30MIN2001,Byron Chamberlain,2001,te,30,29-32,MIN,8,77,16,15
CharlesClay27BUF2016,Charles Clay,2016,te,27,25-28,BUF,7,50,15,15
ChrisCooley24WAS2006,Chris Cooley,2006,te,24,< 24,WAS,4,133,16,16
JimmyGraham31SEA2017,Jimmy Graham,2017,te,31,29-32,SEA,4,145,16,13
ToddHeap23BAL2003,Todd Heap,2003,te,23,< 24,BAL,1,97,16,16
KyleRudolph28MIN2017,Kyle Rudolph,2017,te,28,25-28,MIN,3,106,16,16
JeremyShockey27NYG2007,Jeremy Shockey,2007,te,27,25-28,NYG,1,29,14,14
AlgeCrumpler29ATL2006,Alge Crumpler,2006,te,29,29-32,ATL,3,100,16,16
VernonDavis26SFO2010,Vernon Davis,2010,te,26,25-28,SFO,1,119,16,16
AntonioGates35SDG2015,Antonio Gates,2015,te,35,32+,SDG,Undrafted,Undrafted,11,4
JermaineGresham23CIN2011,Jermaine Gresham,2011,te,23,< 24,CIN,1,71,14,13
ZachMiller23OAK2008,Zach Miller,2008,te,23,< 24,OAK,3,102,16,15
VisantheShiancoe29MIN2009,Visanthe Shiancoe,2009,te,29,29-32,MIN,4,141,16,13
GaryBarnidge31CLE2016,Gary Barnidge,2016,te,31,29-32,CLE,6,30,16,16
MartellusBennett25NYG2012,Martellus Bennett,2012,te,25,25-28,NYG,3,120,16,16
MartellusBennett29NWE2016,Martellus Bennett,2016,te,29,29-32,NWE,3,120,16,12
JohnCarlson24SEA2008,John Carlson,2008,te,24,< 24,SEA,3,102,16,9
JermichaelFinley22GNB2009,Jermichael Finley,2009,te,22,< 24,GNB,4,141,13,10
JermichaelFinley24GNB2011,Jermichael Finley,2011,te,24,< 24,GNB,4,141,16,13
RobGronkowski23NWE2012,Rob Gronkowski,2012,te,23,< 24,NWE,3,105,11,11
FreddieJones29ARI2003,Freddie Jones,2003,te,29,29-32,ARI,3,108,16,16
DustinKeller26NYJ2010,Dustin Keller,2010,te,26,25-28,NYJ,1,96,16,13
ErronKinney28TEN2005,Erron Kinney,2005,te,28,25-28,TEN,4,125,14,14
BenTroupe23TEN2005,Ben Troupe,2005,te,23,< 24,TEN,3,104,15,11
JaredCook30OAK2017,Jared Cook,2017,te,30,29-32,OAK,4,138,16,16
OwenDaniels29HOU2011,Owen Daniels,2011,te,29,29-32,HOU,5,146,15,15
EdDickson24BAL2011,Ed Dickson,2011,te,24,< 24,BAL,4,127,16,16
C.J.Fiedorowicz25HOU2016,C.J. Fiedorowicz,2016,te,25,25-28,HOU,4,123,15,15
CobyFleener27IND2015,Coby Fleener,2015,te,27,25-28,IND,3,99,16,11
BubbaFranks24GNB2002,Bubba Franks,2002,te,24,< 24,GNB,1,29,16,15
GregOlsen23CHI2008,Greg Olsen,2008,te,23,< 24,CHI,1,97,16,7
TimWright23TAM2013,Tim Wright,2013,te,23,< 24,TAM,Undrafted,Undrafted,16,8
MartellusBennett28CHI2015,Martellus Bennett,2015,te,28,25-28,CHI,3,120,11,11
ScottChandler28BUF2013,Scott Chandler,2013,te,28,25-28,BUF,5,22,16,7
EricEbron24DET2017,Eric Ebron,2017,te,24,< 24,DET,1,1,16,9
AntonioGates36SDG2016,Antonio Gates,2016,te,36,32+,SDG,Undrafted,Undrafted,14,9
ToddHeap29BAL2009,Todd Heap,2009,te,29,29-32,BAL,1,97,16,16
JayRiemersma28BUF2001,Jay Riemersma,2001,te,28,25-28,BUF,8,87,16,15
KyleRudolph23MIN2012,Kyle Rudolph,2012,te,23,< 24,MIN,3,106,16,16
JaredCook27STL2014,Jared Cook,2014,te,27,25-28,STL,4,138,16,6
VernonDavis29SFO2013,Vernon Davis,2013,te,29,29-32,SFO,1,119,15,15
VernonDavis23SFO2007,Vernon Davis,2007,te,23,< 24,SFO,1,119,14,14
TylerEifert25CIN2015,Tyler Eifert,2015,te,25,25-28,CIN,1,71,13,12
CobyFleener25IND2013,Coby Fleener,2013,te,25,25-28,IND,3,99,16,12
JermaineGresham22CIN2010,Jermaine Gresham,2010,te,22,< 24,CIN,1,71,15,10
MarcedesLewis28JAX2012,Marcedes Lewis,2012,te,28,25-28,JAX,1,94,16,15
JacobTamme27DEN2012,Jacob Tamme,2012,te,27,25-28,DEN,5,20,16,8
JohnCarlson25SEA2009,John Carlson,2009,te,25,25-28,SEA,3,102,16,16
DesmondClark24DEN2001,Desmond Clark,2001,te,24,< 24,DEN,7,52,16,4
CharlesClay26BUF2015,Charles Clay,2015,te,26,25-28,BUF,7,50,13,13
JaredCook26STL2013,Jared Cook,2013,te,26,25-28,STL,4,138,16,13
CobyFleener26IND2014,Coby Fleener,2014,te,26,25-28,IND,3,99,16,12
AaronHernandez23NWE2012,Aaron Hernandez,2012,te,23,< 24,NWE,5,10,10,10
BillyMiller25HOU2002,Billy Miller,2002,te,25,25-28,HOU,8,74,16,7
HeathMiller29PIT2011,Heath Miller,2011,te,29,29-32,PIT,1,96,16,16
CobyFleener28NOR2016,Coby Fleener,2016,te,28,25-28,NOR,3,99,16,8
AntonioGates30SDG2010,Antonio Gates,2010,te,30,29-32,SDG,Undrafted,Undrafted,10,10
RyanGriffin26HOU2016,Ryan Griffin,2016,te,26,25-28,HOU,7,67,16,5
LanceKendricks28LAR2016,Lance Kendricks,2016,te,28,25-28,LAR,3,110,16,16
JordanReed24WAS2014,Jordan Reed,2014,te,24,< 24,WAS,4,134,11,2
AustinSeferian-Jenkins25NYJ2017,Austin Seferian-Jenkins,2017,te,25,25-28,NYJ,3,102,13,10
JeremyShockey28NOR2008,Jeremy Shockey,2008,te,28,25-28,NOR,1,29,12,11
L.J.Smith26PHI2006,L.J. Smith,2006,te,26,25-28,PHI,3,120,16,15
DwayneCarswell28DEN2000,Dwayne Carswell,2000,te,28,25-28,DEN,Undrafted,Undrafted,16,16
CharlesClay28BUF2017,Charles Clay,2017,te,28,25-28,BUF,7,50,13,13
JaredCook24TEN2011,Jared Cook,2011,te,24,< 24,TEN,4,138,16,5
AntonioGates32SDG2012,Antonio Gates,2012,te,32,29-32,SDG,Undrafted,Undrafted,15,15
GarrettGraham27HOU2013,Garrett Graham,2013,te,27,25-28,HOU,5,15,13,11
AustinHooper23ATL2017,Austin Hooper,2017,te,23,< 24,ATL,4,133,16,8
RandyMcMichael24MIA2003,Randy McMichael,2003,te,24,< 24,MIA,5,11,16,16
KyleRudolph26MIN2015,Kyle Rudolph,2015,te,26,25-28,MIN,3,106,16,16
TonyScheffler24DEN2007,Tony Scheffler,2007,te,24,< 24,DEN,3,120,16,7
BenWatson32CLE2012,Ben Watson,2012,te,32,29-32,CLE,1,98,16,14
BenWatson26NWE2006,Ben Watson,2006,te,26,25-28,NWE,1,98,13,13
CameronBrate26TAM2017,Cameron Brate,2017,te,26,25-28,TAM,Undrafted,Undrafted,16,6
AlgeCrumpler27ATL2004,Alge Crumpler,2004,te,27,25-28,ATL,3,100,14,14
OwenDaniels32BAL2014,Owen Daniels,2014,te,32,29-32,BAL,5,146,15,13
FredDavis23WAS2009,Fred Davis,2009,te,23,< 24,WAS,3,111,16,10
JimmyGraham29SEA2015,Jimmy Graham,2015,te,29,29-32,SEA,4,145,11,11
EricJohnson28NOR2007,Eric Johnson,2007,te,28,25-28,NOR,8,78,14,12
DustinKeller24NYJ2008,Dustin Keller,2008,te,24,< 24,NYJ,1,96,16,6
DonaldLee27GNB2007,Donald Lee,2007,te,27,25-28,GNB,6,39,15,12
HeathMiller26PIT2008,Heath Miller,2008,te,26,25-28,PIT,1,96,14,14
JeremyShockey29NOR2009,Jeremy Shockey,2009,te,29,29-32,NOR,1,29,13,12
JeremyShockey23NYG2003,Jeremy Shockey,2003,te,23,< 24,NYG,1,29,9,9
WillTye25NYG2016,Will Tye,2016,te,25,25-28,NYG,Undrafted,Undrafted,16,10
StephenAlexander25WAS2000,Stephen Alexander,2000,te,25,25-28,WAS,3,111,16,16
ScottChandler29BUF2014,Scott Chandler,2014,te,29,29-32,BUF,5,22,16,5
DallasClark33TAM2012,Dallas Clark,2012,te,33,32+,TAM,1,85,16,7
KenDilger29IND2000,Ken Dilger,2000,te,29,29-32,IND,3,111,16,16
EricEbron22DET2015,Eric Ebron,2015,te,22,< 24,DET,1,1,14,8
HeathMiller25PIT2007,Heath Miller,2007,te,25,25-28,PIT,1,96,16,16
ZachMiller32CHI2016,Zach Miller,2016,te,32,29-32,CHI,7,53,10,8
TonyMoeaki23KAN2010,Tony Moeaki,2010,te,23,< 24,KAN,4,143,15,15
BrandonMyers28NYG2013,Brandon Myers,2013,te,28,25-28,NYG,7,68,16,14
MarcusPollard29IND2001,Marcus Pollard,2001,te,29,29-32,IND,Undrafted,Undrafted,16,16
VisantheShiancoe30MIN2010,Visanthe Shiancoe,2010,te,30,29-32,MIN,4,141,16,9
OwenDaniels33DEN2015,Owen Daniels,2015,te,33,32+,DEN,5,146,16,16
JermaineGresham25CIN2013,Jermaine Gresham,2013,te,25,25-28,CIN,1,71,14,14
JeffKing24CAR2007,Jeff King,2007,te,24,< 24,CAR,6,38,16,16
JimKleinsasser26MIN2003,Jim Kleinsasser,2003,te,26,25-28,MIN,3,107,16,16
ItulaMili30SEA2003,Itula Mili,2003,te,30,29-32,SEA,7,50,16,12
MarcusPollard33DET2005,Marcus Pollard,2005,te,33,32+,DET,Undrafted,Undrafted,16,16
BoScaife26TEN2007,Bo Scaife,2007,te,26,25-28,TEN,7,52,16,15
JuliusThomas27JAX2015,Julius Thomas,2015,te,27,25-28,JAX,5,22,12,11
JermaineWiggins31MIN2006,Jermaine Wiggins,2006,te,31,29-32,MIN,Undrafted,Undrafted,16,3
StephenAlexander27SDG2002,Stephen Alexander,2002,te,27,25-28,SDG,3,111,14,14
DwayneAllen22IND2012,Dwayne Allen,2012,te,22,< 24,IND,4,122,16,16
DesmondClark29CHI2006,Desmond Clark,2006,te,29,29-32,CHI,7,52,16,16
HunterHenry23LAC2017,Hunter Henry,2017,te,23,< 24,LAC,3,100,14,13
AaronHernandez21NWE2010,Aaron Hernandez,2010,te,21,< 24,NWE,5,10,14,7
RobHousler24ARI2012,Rob Housler,2012,te,24,< 24,ARI,4,126,15,9
FreddieJones30ARI2004,Freddie Jones,2004,te,30,29-32,ARI,3,108,16,15
DustinKeller25NYJ2009,Dustin Keller,2009,te,25,25-28,NYJ,1,96,16,12
BillyMiller31NOR2008,Billy Miller,2008,te,31,29-32,NOR,8,74,15,5
GregOlsen26CAR2011,Greg Olsen,2011,te,26,25-28,CAR,1,97,16,13
JordanReed23WAS2013,Jordan Reed,2013,te,23,< 24,WAS,4,134,9,4
BoScaife28TEN2009,Bo Scaife,2009,te,28,25-28,TEN,7,52,14,10
TonyScheffler27DET2010,Tony Scheffler,2010,te,27,25-28,DET,3,120,15,4
JerramyStevens26SEA2005,Jerramy Stevens,2005,te,26,25-28,SEA,1,94,16,11
DesmondClark26CHI2003,Desmond Clark,2003,te,26,25-28,CHI,7,52,15,15
DesmondClark30CHI2007,Desmond Clark,2007,te,30,29-32,CHI,7,52,16,16
JaredCook25TEN2012,Jared Cook,2012,te,25,25-28,TEN,4,138,13,5
AlgeCrumpler26ATL2003,Alge Crumpler,2003,te,26,25-28,ATL,3,100,16,16
VernonDavis32WAS2016,Vernon Davis,2016,te,32,29-32,WAS,1,119,16,14
FreddieJones28ARI2002,Freddie Jones,2002,te,28,25-28,ARI,3,108,16,16
TravisKelce29KAN2018,Travis Kelce,2018,te,29,29-32,KAN,4,121,8,8
ZachMiller22OAK2007,Zach Miller,2007,te,22,< 24,OAK,3,102,16,16
KyleBrady30JAX2002,Kyle Brady,2002,te,30,29-32,JAX,1,139,16,16
ScottChandler27BUF2012,Scott Chandler,2012,te,27,25-28,BUF,5,22,15,13
VernonDavis33WAS2017,Vernon Davis,2017,te,33,32+,WAS,1,119,16,16
SteveHeiden29CLE2005,Steve Heiden,2005,te,29,29-32,CLE,4,126,15,13
JesseJames23PIT2017,Jesse James,2017,te,23,< 24,PIT,6,43,16,14
GeorgeKittle24SFO2017,George Kittle,2017,te,24,< 24,SFO,6,33,15,7
ItulaMili29SEA2002,Itula Mili,2002,te,29,29-32,SEA,7,50,16,12
MarcusPollard30IND2002,Marcus Pollard,2002,te,30,29-32,IND,Undrafted,Undrafted,15,15
JuliusThomas26DEN2014,Julius Thomas,2014,te,26,25-28,DEN,5,22,13,10
WesleyWalls35CAR2001,Wesley Walls,2001,te,35,32+,CAR,3,117,14,14
KellenWinslow25CLE2008,Kellen Winslow,2008,te,25,25-28,CLE,1,119,10,8
KevinBoss25NYG2009,Kevin Boss,2009,te,25,25-28,NYG,6,36,15,15
BrentCelek25PHI2010,Brent Celek,2010,te,25,25-28,PHI,6,45,16,15
AlgeCrumpler30ATL2007,Alge Crumpler,2007,te,30,29-32,ATL,3,100,14,10
RobGronkowski21NWE2010,Rob Gronkowski,2010,te,21,< 24,NWE,3,105,16,11
LanceKendricks24STL2012,Lance Kendricks,2012,te,24,< 24,STL,3,110,16,14
TylerKroft25CIN2017,Tyler Kroft,2017,te,25,25-28,CIN,4,134,16,16
ChadLewis31PHI2002,Chad Lewis,2002,te,31,29-32,PHI,Undrafted,Undrafted,16,16
HeathMiller28PIT2010,Heath Miller,2010,te,28,25-28,PIT,1,96,14,14
TonyScheffler29DET2012,Tony Scheffler,2012,te,29,29-32,DET,3,120,15,4
VisantheShiancoe28MIN2008,Visanthe Shiancoe,2008,te,28,25-28,MIN,4,141,16,15
WillTye24NYG2015,Will Tye,2015,te,24,< 24,NYG,Undrafted,Undrafted,13,7
StephenAlexander29DET2004,Stephen Alexander,2004,te,29,29-32,DET,3,111,16,15
ChrisBaker28NYJ2007,Chris Baker,2007,te,28,25-28,NYJ,4,137,15,15
DesmondClark31CHI2008,Desmond Clark,2008,te,31,29-32,CHI,7,52,16,16
VernonDavis28SFO2012,Vernon Davis,2012,te,28,25-28,SFO,1,119,16,16
JoelDreessen30DEN2012,Joel Dreessen,2012,te,30,29-32,DEN,7,64,16,15
AnthonyFasano28MIA2012,Anthony Fasano,2012,te,28,25-28,MIA,3,114,16,16
DanielFells27STL2010,Daniel Fells,2010,te,27,25-28,STL,Undrafted,Undrafted,16,6
ErronKinney26TEN2003,Erron Kinney,2003,te,26,25-28,TEN,4,125,16,16
GeorgeKittle25SFO2018,George Kittle,2018,te,25,25-28,SFO,6,33,9,9
ChadLewis30PHI2001,Chad Lewis,2001,te,30,29-32,PHI,Undrafted,Undrafted,15,15
MarcedesLewis24JAX2008,Marcedes Lewis,2008,te,24,< 24,JAX,1,94,16,16
GregOlsen25CHI2010,Greg Olsen,2010,te,25,25-28,CHI,1,97,16,13
BrandonPettigrew28DET2013,Brandon Pettigrew,2013,te,28,25-28,DET,1,66,14,14
JeremyShockey30NOR2010,Jeremy Shockey,2010,te,30,29-32,NOR,1,29,13,11
AlexSmith23TAM2005,Alex Smith,2005,te,23,< 24,TAM,4,128,16,10
JuliusThomas29MIA2017,Julius Thomas,2017,te,29,29-32,MIA,5,22,14,13
BooWilliams24NOR2003,Boo Williams,2003,te,24,< 24,NOR,Undrafted,Undrafted,16,6
AnthonyBecht26NYJ2003,Anthony Becht,2003,te,26,25-28,NYJ,1,92,16,16
OwenDaniels27HOU2009,Owen Daniels,2009,te,27,25-28,HOU,5,146,8,8
ToddHeap30BAL2010,Todd Heap,2010,te,30,29-32,BAL,1,97,13,13
EricJohnson22SFO2001,Eric Johnson,2001,te,22,< 24,SFO,8,78,16,14
BillyMiller26HOU2003,Billy Miller,2003,te,26,25-28,HOU,8,74,16,6
DennisPitta26BAL2011,Dennis Pitta,2011,te,26,25-28,BAL,5,11,16,2
MarcusPollard31IND2003,Marcus Pollard,2003,te,31,29-32,IND,Undrafted,Undrafted,14,13
TonyScheffler25DEN2008,Tony Scheffler,2008,te,25,25-28,DEN,3,120,13,7
FrankWycheck31TEN2002,Frank Wycheck,2002,te,31,29-32,TEN,7,43,15,15
GregComella26NYG2001,Greg Comella,2001,te,26,25-28,NYG,Undrafted,Undrafted,16,13
JaredCook28STL2015,Jared Cook,2015,te,28,25-28,STL,4,138,16,12
KenDilger33TAM2004,Ken Dilger,2004,te,33,32+,TAM,3,111,16,14
TylerEifert23CIN2013,Tyler Eifert,2013,te,23,< 24,CIN,1,71,15,15
AnthonyFasano26MIA2010,Anthony Fasano,2010,te,26,25-28,MIA,3,114,15,15
RobGronkowski24NWE2013,Rob Gronkowski,2013,te,24,< 24,NWE,3,105,7,6
JackieHarris32DAL2000,Jackie Harris,2000,te,32,29-32,DAL,5,3,16,7
RobHousler25ARI2013,Rob Housler,2013,te,25,25-28,ARI,4,126,13,10
JesseJames22PIT2016,Jesse James,2016,te,22,< 24,PIT,6,43,16,13
DonaldLee28GNB2008,Donald Lee,2008,te,28,25-28,GNB,6,39,16,14
MarcedesLewis27JAX2011,Marcedes Lewis,2011,te,27,25-28,JAX,1,94,15,15
RandyMcMichael23MIA2002,Randy McMichael,2002,te,23,< 24,MIA,5,11,16,16
RandyMcMichael28STL2007,Randy McMichael,2007,te,28,25-28,STL,5,11,16,15
HeathMiller23PIT2005,Heath Miller,2005,te,23,< 24,PIT,1,96,16,15
GregOlsen22CHI2007,Greg Olsen,2007,te,22,< 24,CHI,1,97,14,4
NilesPaul25WAS2014,Niles Paul,2014,te,25,25-28,WAS,6,38,16,7
GeorgeWrighster25JAX2006,George Wrighster,2006,te,25,25-28,JAX,5,5,16,10
JaceAmaro22NYJ2014,Jace Amaro,2014,te,22,< 24,NYJ,3,112,14,4
JakeBallard24NYG2011,Jake Ballard,2011,te,24,< 24,NYG,Undrafted,Undrafted,14,13
ScottChandler26BUF2011,Scott Chandler,2011,te,26,25-28,BUF,5,22,14,9
GregClark28SFO2000,Greg Clark,2000,te,28,25-28,SFO,4,131,15,15
ErnieConwell29STL2001,Ernie Conwell,2001,te,29,29-32,STL,3,118,16,14
JaredCook31OAK2018,Jared Cook,2018,te,31,29-32,OAK,4,138,8,7
OwenDaniels28HOU2010,Owen Daniels,2010,te,28,25-28,HOU,5,146,11,10
VernonDavis312TM2015,Vernon Davis,2015,te,31,29-32,2TM,1,119,15,9
DanielGraham25NWE2003,Daniel Graham,2003,te,25,25-28,NWE,1,71,14,9
ZachMiller27SEA2012,Zach Miller,2012,te,27,25-28,SEA,3,102,16,15
MychalRivera23OAK2013,Mychal Rivera,2013,te,23,< 24,OAK,7,54,16,3
TreyBurton25PHI2016,Trey Burton,2016,te,25,25-28,PHI,Undrafted,Undrafted,15,4
DallasClark26IND2005,Dallas Clark,2005,te,26,25-28,IND,1,85,15,14
DallasClark31IND2010,Dallas Clark,2010,te,31,29-32,IND,1,85,6,6
ChrisCooley22WAS2004,Chris Cooley,2004,te,22,< 24,WAS,4,133,16,9
LadariusGreen25SDG2015,Ladarius Green,2015,te,25,25-28,SDG,5,9,13,11
JermaineGresham28ARI2016,Jermaine Gresham,2016,te,28,25-28,ARI,1,71,16,14
JimKleinsasser25MIN2002,Jim Kleinsasser,2002,te,25,25-28,MIN,3,107,14,12
DonaldLee29GNB2009,Donald Lee,2009,te,29,29-32,GNB,6,39,16,10
MarcedesLewis23JAX2007,Marcedes Lewis,2007,te,23,< 24,JAX,1,94,16,16
JebPutzier26DEN2005,Jeb Putzier,2005,te,26,25-28,DEN,7,60,16,4
MikhaelRicks29DET2003,Mikhael Ricks,2003,te,29,29-32,DET,3,118,16,6
BoScaife24TEN2005,Bo Scaife,2005,te,24,< 24,TEN,7,52,16,5
JeremyShockey31CAR2011,Jeremy Shockey,2011,te,31,29-32,CAR,1,29,15,13
DavidSloan29DET2001,David Sloan,2001,te,29,29-32,DET,4,127,15,15
L.J.Smith28PHI2008,L.J. Smith,2008,te,28,25-28,PHI,3,120,13,12
BenUtecht25IND2006,Ben Utecht,2006,te,25,25-28,IND,Undrafted,Undrafted,15,15
BenWatson31CLE2011,Ben Watson,2011,te,31,29-32,CLE,1,98,13,11
AnthonyBecht24NYJ2001,Anthony Becht,2001,te,24,< 24,NYJ,1,92,16,15
KyleBrady29JAX2001,Kyle Brady,2001,te,29,29-32,JAX,1,139,16,16
AlgeCrumpler25ATL2002,Alge Crumpler,2002,te,25,25-28,ATL,3,100,16,9
JoelDreessen28HOU2010,Joel Dreessen,2010,te,28,25-28,HOU,7,64,16,10
EricEbron25IND2018,Eric Ebron,2018,te,25,25-28,IND,1,1,8,5
ZachErtz23PHI2013,Zach Ertz,2013,te,23,< 24,PHI,3,100,16,3
BubbaFranks23GNB2001,Bubba Franks,2001,te,23,< 24,GNB,1,29,16,14
SteveHeiden30CLE2006,Steve Heiden,2006,te,30,29-32,CLE,4,126,16,6
HunterHenry22SDG2016,Hunter Henry,2016,te,22,< 24,SDG,3,100,15,10
EricJohnson23SFO2002,Eric Johnson,2002,te,23,< 24,SFO,8,78,12,10
JebPutzier25DEN2004,Jeb Putzier,2004,te,25,25-28,DEN,7,60,16,5
BoScaife29TEN2010,Bo Scaife,2010,te,29,29-32,TEN,7,52,14,13
VisantheShiancoe31MIN2011,Visanthe Shiancoe,2011,te,31,29-32,MIN,4,141,16,14
JerramyStevens29TAM2008,Jerramy Stevens,2008,te,29,29-32,TAM,1,94,15,3
BenWatson27NWE2007,Ben Watson,2007,te,27,25-28,NWE,1,98,12,8
DwayneAllen26IND2016,Dwayne Allen,2016,te,26,25-28,IND,4,122,14,14
KevinBoss26NYG2010,Kevin Boss,2010,te,26,25-28,NYG,6,36,15,13
JordanCameron27MIA2015,Jordan Cameron,2015,te,27,25-28,MIA,5,3,16,16
ToddHeap28BAL2008,Todd Heap,2008,te,28,25-28,BAL,1,97,16,16
ZacharyHilton25NOR2005,Zachary Hilton,2005,te,25,25-28,NOR,Undrafted,Undrafted,15,6
FreddieJones27SDG2001,Freddie Jones,2001,te,27,25-28,SDG,3,108,14,9
DaveMoore32TAM2001,Dave Moore,2001,te,32,29-32,TAM,8,60,16,16
AlexSmith24TAM2006,Alex Smith,2006,te,24,< 24,TAM,4,128,14,7
DavidThomas26NOR2009,David Thomas,2009,te,26,25-28,NOR,4,135,15,8
JedWeaver27SFO2003,Jed Weaver,2003,te,27,25-28,SFO,8,70,16,15
JasonWitten21DAL2003,Jason Witten,2003,te,21,< 24,DAL,4,126,15,7
MarkCampbell28BUF2003,Mark Campbell,2003,te,28,25-28,BUF,Undrafted,Undrafted,16,11
DwayneCarswell29DEN2001,Dwayne Carswell,2001,te,29,29-32,DEN,Undrafted,Undrafted,16,16
JamesCasey28HOU2012,James Casey,2012,te,28,25-28,HOU,6,35,16,9
ByronChamberlain31MIN2002,Byron Chamberlain,2002,te,31,29-32,MIN,8,77,13,9
DallasClark32IND2011,Dallas Clark,2011,te,32,29-32,IND,1,85,11,10
ErnieConwell30STL2002,Ernie Conwell,2002,te,30,29-32,STL,3,118,16,11
OwenDaniels24HOU2006,Owen Daniels,2006,te,24,< 24,HOU,5,146,14,12
KenDilger31TAM2002,Ken Dilger,2002,te,31,29-32,TAM,3,111,16,15
AnthonyFasano24MIA2008,Anthony Fasano,2008,te,24,< 24,MIA,3,114,16,16
BubbaFranks26GNB2004,Bubba Franks,2004,te,26,25-28,GNB,1,29,16,14
BubbaFranks22GNB2000,Bubba Franks,2000,te,22,< 24,GNB,1,29,16,13
EricJohnson27SFO2006,Eric Johnson,2006,te,27,25-28,SFO,8,78,13,9
RobKonrad26MIA2002,Rob Konrad,2002,te,26,25-28,MIA,3,106,16,12
KrisMangum31CAR2004,Kris Mangum,2004,te,31,29-32,CAR,8,79,15,10
DavidMartin28MIA2007,David Martin,2007,te,28,25-28,MIA,7,64,15,15
RandyMcMichael30STL2009,Randy McMichael,2009,te,30,29-32,STL,5,11,16,16
HeathMiller24PIT2006,Heath Miller,2006,te,24,< 24,PIT,1,96,16,16
ZachMiller31CHI2015,Zach Miller,2015,te,31,29-32,CHI,7,53,15,14
EvanMoore26CLE2011,Evan Moore,2011,te,26,25-28,CLE,Undrafted,Undrafted,16,4
L.J.Smith24PHI2004,L.J. Smith,2004,te,24,< 24,PHI,3,120,16,8
QuinnSypniewski25BAL2007,Quinn Sypniewski,2007,te,25,25-28,BAL,6,46,15,9
MartellusBennett23DAL2010,Martellus Bennett,2010,te,23,< 24,DAL,3,120,16,11
KevinBoss24NYG2008,Kevin Boss,2008,te,24,< 24,NYG,6,36,15,15
JohnCarlson30ARI2014,John Carlson,2014,te,30,29-32,ARI,3,102,16,12
SethDevalve24CLE2017,Seth Devalve,2017,te,24,< 24,CLE,5,28,16,4
CrockettGillmore24BAL2015,Crockett Gillmore,2015,te,24,< 24,BAL,4,147,10,10
JermaineGresham29ARI2017,Jermaine Gresham,2017,te,29,29-32,ARI,1,71,14,14
AustinHooper24ATL2018,Austin Hooper,2018,te,24,< 24,ATL,4,133,7,2
DonaldLee25GNB2005,Donald Lee,2005,te,25,25-28,GNB,6,39,15,5
ZachMiller28SEA2013,Zach Miller,2013,te,28,25-28,SEA,3,102,14,12
TonyMoeaki25KAN2012,Tony Moeaki,2012,te,25,25-28,KAN,4,143,15,14
RobertRoyal29BUF2008,Robert Royal,2008,te,29,29-32,BUF,6,43,15,7
BenTroupe22TEN2004,Ben Troupe,2004,te,22,< 24,TEN,3,104,14,7
CliveWalford25OAK2016,Clive Walford,2016,te,25,25-28,OAK,4,125,15,8
BooWilliams25NOR2004,Boo Williams,2004,te,25,25-28,NOR,Undrafted,Undrafted,16,7
RolandWilliams26OAK2001,Roland Williams,2001,te,26,25-28,OAK,5,146,16,15
JohnCarlson29MIN2013,John Carlson,2013,te,29,29-32,MIN,3,102,13,8
BrentCelek28PHI2013,Brent Celek,2013,te,28,25-28,PHI,6,45,16,15
BrentCelek29PHI2014,Brent Celek,2014,te,29,29-32,PHI,6,45,16,15
KenDilger30IND2001,Ken Dilger,2001,te,30,29-32,IND,3,111,16,16
AnthonyFasano27MIA2011,Anthony Fasano,2011,te,27,25-28,MIA,3,114,15,15
DanielGraham30DEN2008,Daniel Graham,2008,te,30,29-32,DEN,1,71,16,16
DougJolley23OAK2002,Doug Jolley,2002,te,23,< 24,OAK,3,116,16,3
LanceKendricks25STL2013,Lance Kendricks,2013,te,25,25-28,STL,3,110,15,13
MarcedesLewis25JAX2009,Marcedes Lewis,2009,te,25,25-28,JAX,1,94,15,15
DavidNjoku21CLE2017,David Njoku,2017,te,21,< 24,CLE,1,95,16,5
AndrewQuarless25GNB2013,Andrew Quarless,2013,te,25,25-28,GNB,6,37,16,10
JayRiemersma29BUF2002,Jay Riemersma,2002,te,29,29-32,BUF,8,87,16,15
MychalRivera25OAK2015,Mychal Rivera,2015,te,25,25-28,OAK,7,54,16,0
DanteRosario26CAR2010,Dante Rosario,2010,te,26,25-28,CAR,6,38,16,6
KyleRudolph29MIN2018,Kyle Rudolph,2018,te,29,29-32,MIN,3,106,8,8
DavidSloan28DET2000,David Sloan,2000,te,28,25-28,DET,4,127,15,10
AlexSmith25TAM2007,Alex Smith,2007,te,25,25-28,TAM,4,128,14,14
MaxxWilliams21BAL2015,Maxx Williams,2015,te,21,< 24,BAL,3,116,14,7
ChrisBaker27NYJ2006,Chris Baker,2006,te,27,25-28,NYJ,4,137,16,14
JohnCarlson26SEA2010,John Carlson,2010,te,26,25-28,SEA,3,102,15,13
DallasClark34BAL2013,Dallas Clark,2013,te,34,32+,BAL,1,85,12,0
VernonDavis24SFO2008,Vernon Davis,2008,te,24,< 24,SFO,1,119,16,16
AnthonyFasano25MIA2009,Anthony Fasano,2009,te,25,25-28,MIA,3,114,14,14
JimmyGraham24NOR2010,Jimmy Graham,2010,te,24,< 24,NOR,4,145,15,5
DougJolley24OAK2003,Doug Jolley,2003,te,24,< 24,OAK,3,116,15,9
ReggieKelly23ATL2000,Reggie Kelly,2000,te,23,< 24,ATL,3,105,16,16
ReggieKelly31CIN2008,Reggie Kelly,2008,te,31,29-32,CIN,3,105,16,15
DavidMartin29MIA2008,David Martin,2008,te,29,29-32,MIA,7,64,16,7
DavidNjoku22CLE2018,David Njoku,2018,te,22,< 24,CLE,1,95,8,7
JayRiemersma27BUF2000,Jay Riemersma,2000,te,27,25-28,BUF,8,87,12,12
TonyScheffler26DEN2009,Tony Scheffler,2009,te,26,25-28,DEN,3,120,15,9
AntowainSmith30NWE2002,Antowain Smith,2002,te,30,29-32,NWE,1,81,16,15
JerramyStevens25SEA2004,Jerramy Stevens,2004,te,25,25-28,SEA,1,94,16,5
LevineToilolo23ATL2014,Levine Toilolo,2014,te,23,< 24,ATL,5,25,16,16
BenUtecht26IND2007,Ben Utecht,2007,te,26,25-28,IND,Undrafted,Undrafted,14,13
WesleyWalls34CAR2000,Wesley Walls,2000,te,34,32+,CAR,3,117,8,8
KellenWinslow30NYJ2013,Kellen Winslow,2013,te,30,29-32,NYJ,1,119,12,3
MartellusBennett302TM2017,Martellus Bennett,2017,te,30,29-32,2TM,3,120,9,7
DallasClark27IND2006,Dallas Clark,2006,te,27,25-28,IND,1,85,12,12
JaredCook29GNB2016,Jared Cook,2016,te,29,29-32,GNB,4,138,10,5
EdDickson30CAR2017,Ed Dickson,2017,te,30,29-32,CAR,4,127,16,12
BubbaFranks25GNB2003,Bubba Franks,2003,te,25,25-28,GNB,1,29,16,15
AntonioGates37LAC2017,Antonio Gates,2017,te,37,32+,LAC,Undrafted,Undrafted,16,4
DanielGraham26NWE2004,Daniel Graham,2004,te,26,25-28,NWE,1,71,14,14
VanceMcDonald25SFO2015,Vance McDonald,2015,te,25,25-28,SFO,3,116,14,11
RandyMcMichael32SDG2011,Randy McMichael,2011,te,32,29-32,SDG,5,11,16,14
BrandonPettigrew24DET2009,Brandon Pettigrew,2009,te,24,< 24,DET,1,66,11,11
MarcusPollard28IND2000,Marcus Pollard,2000,te,28,25-28,IND,Undrafted,Undrafted,16,14
MarcelReece30OAK2015,Marcel Reece,2015,te,30,29-32,OAK,Undrafted,Undrafted,15,7
RichardRodgers24GNB2016,Richard Rodgers,2016,te,24,< 24,GNB,4,146,16,6
KyleRudolph24MIN2013,Kyle Rudolph,2013,te,24,< 24,MIN,3,106,8,8
AaronShea24CLE2000,Aaron Shea,2000,te,24,< 24,CLE,5,9,15,8
DavidThomas27NOR2010,David Thomas,2010,te,27,25-28,NOR,4,135,13,8
JuliusThomas28JAX2016,Julius Thomas,2016,te,28,25-28,JAX,5,22,9,6
DwayneAllen24IND2014,Dwayne Allen,2014,te,24,< 24,IND,4,122,13,13
KyleBrady31JAX2003,Kyle Brady,2003,te,31,29-32,JAX,1,139,16,15
GarrettCelek28SFO2016,Garrett Celek,2016,te,28,25-28,SFO,Undrafted,Undrafted,16,6
DallasClark24IND2003,Dallas Clark,2003,te,24,< 24,IND,1,85,10,10
JaredCook23TEN2010,Jared Cook,2010,te,23,< 24,TEN,4,138,16,1
ChrisCooley27WAS2009,Chris Cooley,2009,te,27,25-28,WAS,4,133,7,7
JeffCumberland25NYJ2012,Jeff Cumberland,2012,te,25,25-28,NYJ,Undrafted,Undrafted,15,12
LarryDonnell27NYG2015,Larry Donnell,2015,te,27,25-28,NYG,Undrafted,Undrafted,8,8
RickeyDudley28OAK2000,Rickey Dudley,2000,te,28,25-28,OAK,1,139,16,16
TylerEifert26CIN2016,Tyler Eifert,2016,te,26,25-28,CIN,1,71,8,2
RobGronkowski29NWE2018,Rob Gronkowski,2018,te,29,29-32,NWE,3,105,7,7
WillHeller28DET2009,Will Heller,2009,te,28,25-28,DET,Undrafted,Undrafted,16,9
DougJolley26NYJ2005,Doug Jolley,2005,te,26,25-28,NYJ,3,116,16,7
ChadLewis33PHI2004,Chad Lewis,2004,te,33,32+,PHI,Undrafted,Undrafted,15,9
BrandonManumaleuna23STL2003,Brandon Manumaleuna,2003,te,23,< 24,STL,5,22,16,15
DaveMoore31TAM2000,Dave Moore,2000,te,31,29-32,TAM,8,60,16,16
JustinPeelle28MIA2007,Justin Peelle,2007,te,28,25-28,MIA,5,4,16,10
MarcusPollard32IND2004,Marcus Pollard,2004,te,32,29-32,IND,Undrafted,Undrafted,13,13
AndrewQuarless26GNB2014,Andrew Quarless,2014,te,26,25-28,GNB,6,37,16,11
JordanReed28WAS2018,Jordan Reed,2018,te,28,25-28,WAS,4,134,7,5
BoScaife25TEN2006,Bo Scaife,2006,te,25,25-28,TEN,7,52,14,12
DelanieWalker26SFO2010,Delanie Walker,2010,te,26,25-28,SFO,7,51,14,8
BenWatson29NWE2009,Ben Watson,2009,te,29,29-32,NWE,1,98,16,7
BenWatson25NWE2005,Ben Watson,2005,te,25,25-28,NWE,1,98,15,9
AnthonyBecht25NYJ2002,Anthony Becht,2002,te,25,25-28,NYJ,1,92,16,15
AdamBergen22ARI2005,Adam Bergen,2005,te,22,< 24,ARI,Undrafted,Undrafted,16,9
KevinBoss27OAK2011,Kevin Boss,2011,te,27,25-28,OAK,6,36,14,11
NickBoyle24BAL2017,Nick Boyle,2017,te,24,< 24,BAL,6,48,15,11
JoelDreessen29HOU2011,Joel Dreessen,2011,te,29,29-32,HOU,7,64,16,10
ChristianFauria32NWE2003,Christian Fauria,2003,te,32,29-32,NWE,3,103,16,12
ChristianFauria29SEA2000,Christian Fauria,2000,te,29,29-32,SEA,3,103,15,10
DanielGraham31DEN2009,Daniel Graham,2009,te,31,29-32,DEN,1,71,16,14
GarrettGraham26HOU2012,Garrett Graham,2012,te,26,25-28,HOU,5,15,15,9
JimmyGraham32GNB2018,Jimmy Graham,2018,te,32,29-32,GNB,4,145,7,6
SteveHeiden28CLE2004,Steve Heiden,2004,te,28,25-28,CLE,4,126,13,13
DustinKeller28NYJ2012,Dustin Keller,2012,te,28,25-28,NYJ,1,96,8,5
LanceKendricks23STL2011,Lance Kendricks,2011,te,23,< 24,STL,3,110,15,10
ItulaMili27SEA2000,Itula Mili,2000,te,27,25-28,SEA,7,50,16,6
LoganPaulsen26WAS2013,Logan Paulsen,2013,te,26,25-28,WAS,Undrafted,Undrafted,16,14
MarcusPollard35SEA2007,Marcus Pollard,2007,te,35,32+,SEA,Undrafted,Undrafted,14,10
CliveWalford24OAK2015,Clive Walford,2015,te,24,< 24,OAK,4,125,16,2
RandalWilliams28OAK2006,Randal Williams,2006,te,28,25-28,OAK,Undrafted,Undrafted,16,10
TreyBurton27CHI2018,Trey Burton,2018,te,27,25-28,CHI,Undrafted,Undrafted,7,7
BrentCelek23PHI2008,Brent Celek,2008,te,23,< 24,PHI,6,45,16,7
BrentCelek30PHI2015,Brent Celek,2015,te,30,29-32,PHI,6,45,16,13
DesmondClark23DEN2000,Desmond Clark,2000,te,23,< 24,DEN,7,52,16,2
AlgeCrumpler32TEN2009,Alge Crumpler,2009,te,32,29-32,TEN,3,100,16,14
ChristianFauria31NWE2002,Christian Fauria,2002,te,31,29-32,NWE,3,103,16,13
JohnPaul Foschi27CIN2009,John Paul Foschi,2009,te,27,25-28,CIN,Undrafted,Undrafted,15,10
TerryHardy24ARI2000,Terry Hardy,2000,te,24,< 24,ARI,6,19,16,15
ToddHeap24BAL2004,Todd Heap,2004,te,24,< 24,BAL,1,97,6,5
DougJolley25OAK2004,Doug Jolley,2004,te,25,25-28,OAK,3,116,16,13
LanceKendricks26STL2014,Lance Kendricks,2014,te,26,25-28,STL,3,110,16,14
JeffKing28ARI2011,Jeff King,2011,te,28,25-28,ARI,6,38,16,10
DavidMartin26GNB2005,David Martin,2005,te,26,25-28,GNB,7,64,12,8
BillyMiller30NOR2007,Billy Miller,2007,te,30,29-32,NOR,8,74,16,6
JordanReed27WAS2017,Jordan Reed,2017,te,27,25-28,WAS,4,134,6,5
MikhaelRicks28DET2002,Mikhael Ricks,2002,te,28,25-28,DET,3,118,14,12
MattSchobel24CIN2002,Matt Schobel,2002,te,24,< 24,CIN,4,124,16,10
VisantheShiancoe27MIN2007,Visanthe Shiancoe,2007,te,27,25-28,MIN,4,141,16,15
L.J.Smith23PHI2003,L.J. Smith,2003,te,23,< 24,PHI,3,120,15,5
RolandWilliams27OAK2002,Roland Williams,2002,te,27,25-28,OAK,5,146,16,12
ErnieConwell31NOR2003,Ernie Conwell,2003,te,31,29-32,NOR,3,118,10,10
JeffCumberland26NYJ2013,Jeff Cumberland,2013,te,26,25-28,NYJ,Undrafted,Undrafted,15,12
VernonDavis30SFO2014,Vernon Davis,2014,te,30,29-32,SFO,1,119,14,14
JimDray27ARI2013,Jim Dray,2013,te,27,25-28,ARI,8,83,16,15
JoelDreessen27HOU2009,Joel Dreessen,2009,te,27,25-28,HOU,7,64,16,11
AnthonyFasano31TEN2015,Anthony Fasano,2015,te,31,29-32,TEN,3,114,16,11
CobyFleener24IND2012,Coby Fleener,2012,te,24,< 24,IND,3,99,12,10
ClayHarbor27JAX2014,Clay Harbor,2014,te,27,25-28,JAX,5,19,13,8
O.J.Howard23TAM2017,O.J. Howard,2017,te,23,< 24,TAM,1,59,14,14
TonyMcGee29CIN2000,Tony McGee,2000,te,29,29-32,CIN,3,101,14,14
SeanMcGrath26KAN2013,Sean McGrath,2013,te,26,25-28,KAN,Undrafted,Undrafted,16,9
DanteRosario25CAR2009,Dante Rosario,2009,te,25,25-28,CAR,6,38,14,8
KyleRudolph22MIN2011,Kyle Rudolph,2011,te,22,< 24,MIN,3,106,15,8
TonyScheffler28DET2011,Tony Scheffler,2011,te,28,25-28,DET,3,120,15,5
AaronShea28CLE2004,Aaron Shea,2004,te,28,25-28,CLE,5,9,15,8
DionSims25MIA2016,Dion Sims,2016,te,25,25-28,MIA,5,6,14,11
JerramyStevens23SEA2002,Jerramy Stevens,2002,te,23,< 24,SEA,1,94,12,1
TimWright24NWE2014,Tim Wright,2014,te,24,< 24,NWE,Undrafted,Undrafted,16,2
CourtneyAnderson26OAK2006,Courtney Anderson,2006,te,26,25-28,OAK,8,88,16,11
StephenAnderson24HOU2017,Stephen Anderson,2017,te,24,< 24,HOU,Undrafted,Undrafted,15,5
MarkCampbell27CLE2002,Mark Campbell,2002,te,27,25-28,CLE,Undrafted,Undrafted,16,16
DallasClark25IND2004,Dallas Clark,2004,te,25,25-28,IND,1,85,15,13
AlgeCrumpler24ATL2001,Alge Crumpler,2001,te,24,< 24,ATL,3,100,16,12
EdDickson26BAL2013,Ed Dickson,2013,te,26,25-28,BAL,4,127,16,14
EricEbron21DET2014,Eric Ebron,2014,te,21,< 24,DET,1,1,13,7
AnthonyFasano30KAN2014,Anthony Fasano,2014,te,30,29-32,KAN,3,114,15,13
JermichaelFinley26GNB2013,Jermichael Finley,2013,te,26,25-28,GNB,4,141,6,5
BubbaFranks27GNB2005,Bubba Franks,2005,te,27,25-28,GNB,1,29,10,8
BubbaFranks28GNB2006,Bubba Franks,2006,te,28,25-28,GNB,1,29,16,14
MichaelGaines27BUF2007,Michael Gaines,2007,te,27,25-28,BUF,8,82,15,14
RobGronkowski27NWE2016,Rob Gronkowski,2016,te,27,25-28,NWE,3,105,8,6
ClayHarbor25PHI2012,Clay Harbor,2012,te,25,25-28,PHI,5,19,14,9
TylerHigbee24LAR2017,Tyler Higbee,2017,te,24,< 24,LAR,5,9,16,16
LanceKendricks27STL2015,Lance Kendricks,2015,te,27,25-28,STL,3,110,15,12
JeffKing26CAR2009,Jeff King,2009,te,26,25-28,CAR,6,38,16,15
ErronKinney24TEN2001,Erron Kinney,2001,te,24,< 24,TEN,4,125,13,12
ErronKinney27TEN2004,Erron Kinney,2004,te,27,25-28,TEN,4,125,9,9
MarcedesLewis29JAX2013,Marcedes Lewis,2013,te,29,29-32,JAX,1,94,11,11
ShadMeier26TEN2004,Shad Meier,2004,te,26,25-28,TEN,4,140,14,6
ZachMiller26SEA2011,Zach Miller,2011,te,26,25-28,SEA,3,102,15,15
PeteMitchell31JAX2002,Pete Mitchell,2002,te,31,29-32,JAX,5,18,16,11
PeteMitchell29NYG2000,Pete Mitchell,2000,te,29,29-32,NYG,5,18,14,5
TywanMitchell26ARI2001,Tywan Mitchell,2001,te,26,25-28,ARI,Undrafted,Undrafted,16,4
LoganPaulsen25WAS2012,Logan Paulsen,2012,te,25,25-28,WAS,Undrafted,Undrafted,16,10
RobertRoyal28BUF2007,Robert Royal,2007,te,28,25-28,BUF,6,43,16,15
C.J.Uzomah23CIN2016,C.J. Uzomah,2016,te,23,< 24,CIN,6,40,10,8
DanielWilcox27BAL2004,Daniel Wilcox,2004,te,27,25-28,BAL,Undrafted,Undrafted,16,5
CourtneyAnderson25OAK2005,Courtney Anderson,2005,te,25,25-28,OAK,8,88,14,13
JordanCameron26CLE2014,Jordan Cameron,2014,te,26,25-28,CLE,5,3,10,9
DesmondClark27CHI2004,Desmond Clark,2004,te,27,25-28,CHI,7,52,15,13
DesmondClark28CHI2005,Desmond Clark,2005,te,28,25-28,CHI,7,52,16,16
AlgeCrumpler31TEN2008,Alge Crumpler,2008,te,31,29-32,TEN,3,100,15,15
OwenDaniels31HOU2013,Owen Daniels,2013,te,31,29-32,HOU,5,146,5,5
FredDavis26WAS2012,Fred Davis,2012,te,26,25-28,WAS,3,111,7,7
RhettEllison29NYG2017,Rhett Ellison,2017,te,29,29-32,NYG,5,21,16,14
AntonioGates23SDG2003,Antonio Gates,2003,te,23,< 24,SDG,Undrafted,Undrafted,15,11
DanielGraham29DEN2007,Daniel Graham,2007,te,29,29-32,DEN,1,71,15,15
ClayHarbor26JAX2013,Clay Harbor,2013,te,26,25-28,JAX,5,19,16,7
ToddHeap31ARI2011,Todd Heap,2011,te,31,29-32,ARI,1,97,10,4
O.J.Howard24TAM2018,O.J. Howard,2018,te,24,< 24,TAM,1,59,7,5
MarcedesLewis33JAX2017,Marcedes Lewis,2017,te,33,32+,JAX,1,94,16,16
VanceMcDonald26SFO2016,Vance McDonald,2016,te,26,25-28,SFO,3,116,11,11
LeonardPope28KAN2011,Leonard Pope,2011,te,28,25-28,KAN,4,129,16,10
MarcellusRivers27HOU2005,Marcellus Rivers,2005,te,27,25-28,HOU,Undrafted,Undrafted,16,5
KyleRudolph25MIN2014,Kyle Rudolph,2014,te,25,25-28,MIN,3,106,9,8
MattSchobel25CIN2003,Matt Schobel,2003,te,25,25-28,CIN,4,124,15,1
DionSims23MIA2014,Dion Sims,2014,te,23,< 24,MIA,5,6,14,2
KrisWilson26KAN2007,Kris Wilson,2007,te,26,25-28,KAN,3,120,16,12
CameronBrate24TAM2015,Cameron Brate,2015,te,24,< 24,TAM,Undrafted,Undrafted,14,4
TreyBurton26PHI2017,Trey Burton,2017,te,26,25-28,PHI,Undrafted,Undrafted,15,1
ScottChandler30NWE2015,Scott Chandler,2015,te,30,29-32,NWE,5,22,15,4
JeffCumberland27NYJ2014,Jeff Cumberland,2014,te,27,25-28,NYJ,Undrafted,Undrafted,16,14
AnthonyFasano29KAN2013,Anthony Fasano,2013,te,29,29-32,KAN,3,114,9,9
CaseyFitzsimmons23DET2003,Casey Fitzsimmons,2003,te,23,< 24,DET,Undrafted,Undrafted,16,11
ChaseFord24MIN2014,Chase Ford,2014,te,24,< 24,MIN,Undrafted,Undrafted,11,5
MichaelGaines28DET2008,Michael Gaines,2008,te,28,25-28,DET,8,82,16,6
ToddHeap27BAL2007,Todd Heap,2007,te,27,25-28,BAL,1,97,6,6
SteveHeiden32CLE2008,Steve Heiden,2008,te,32,29-32,CLE,4,126,14,11
ChadLewis32PHI2003,Chad Lewis,2003,te,32,29-32,PHI,Undrafted,Undrafted,16,14
KrisMangum32CAR2005,Kris Mangum,2005,te,32,29-32,CAR,8,79,14,9
VanceMcDonald28PIT2018,Vance McDonald,2018,te,28,25-28,PIT,3,116,6,5
TonyMcGee31DAL2002,Tony McGee,2002,te,31,29-32,DAL,3,101,16,16
ItulaMili31SEA2004,Itula Mili,2004,te,31,29-32,SEA,7,50,15,4
LeonardPope24ARI2007,Leonard Pope,2007,te,24,< 24,ARI,4,129,13,11
RobertRoyal27BUF2006,Robert Royal,2006,te,27,25-28,BUF,6,43,16,15
KaseemSinceno24CHI2000,Kaseem Sinceno,2000,te,24,< 24,CHI,Undrafted,Undrafted,11,11
CraigStevens28TEN2012,Craig Stevens,2012,te,28,25-28,TEN,4,134,15,15
BenWatson38NOR2018,Ben Watson,2018,te,38,32+,NOR,1,98,7,4
FredBaxter30CHI2001,Fred Baxter,2001,te,30,29-32,CHI,6,12,14,14
DanCampbell26NYG2002,Dan Campbell,2002,te,26,25-28,NYG,4,132,16,16
DwayneCarswell32DEN2004,Dwayne Carswell,2004,te,32,29-32,DEN,Undrafted,Undrafted,15,14
ByronChamberlain29DEN2000,Byron Chamberlain,2000,te,29,29-32,DEN,8,77,15,0
KenDilger32TAM2003,Ken Dilger,2003,te,32,29-32,TAM,3,111,15,15
CobyFleener29NOR2017,Coby Fleener,2017,te,29,29-32,NOR,3,99,11,0
VirgilGreen28DEN2016,Virgil Green,2016,te,28,25-28,DEN,8,69,12,11
JimKleinsasser28MIN2005,Jim Kleinsasser,2005,te,28,25-28,MIN,3,107,16,16
JohnnyMcWilliams28MIN2000,Johnny McWilliams,2000,te,28,25-28,MIN,4,122,15,7
BrandonMyers29TAM2014,Brandon Myers,2014,te,29,29-32,TAM,7,68,14,6
NickO'Leary25BUF2017,Nick O'Leary,2017,te,25,25-28,BUF,7,62,15,5
L.J.Smith27PHI2007,L.J. Smith,2007,te,27,25-28,PHI,3,120,10,9
JerramyStevens27SEA2006,Jerramy Stevens,2006,te,27,25-28,SEA,1,94,11,6
JacobTamme31ATL2016,Jacob Tamme,2016,te,31,29-32,ATL,5,20,8,5
BenWatson28NWE2008,Ben Watson,2008,te,28,25-28,NWE,1,98,14,9
LukeWillson24SEA2014,Luke Willson,2014,te,24,< 24,SEA,6,41,15,10
StephenAlexander30DEN2005,Stephen Alexander,2005,te,30,29-32,DEN,3,111,16,15
ChrisBaker29NYJ2008,Chris Baker,2008,te,29,29-32,NYJ,4,137,16,13
DanCampbell30DET2006,Dan Campbell,2006,te,30,29-32,DET,4,132,16,11
DwayneCarswell30DEN2002,Dwayne Carswell,2002,te,30,29-32,DEN,Undrafted,Undrafted,16,7
GarrettCelek29SFO2017,Garrett Celek,2017,te,29,29-32,SFO,Undrafted,Undrafted,16,13
FredDavis24WAS2010,Fred Davis,2010,te,24,< 24,WAS,3,111,16,9
A.J.Derby262TM2017,A.J. Derby,2017,te,26,25-28,2TM,7,68,11,1
EdDickson25BAL2012,Ed Dickson,2012,te,25,25-28,BAL,4,127,13,11
ChristianFauria30SEA2001,Christian Fauria,2001,te,30,29-32,SEA,3,103,16,11
DanielFells26STL2009,Daniel Fells,2009,te,26,25-28,STL,Undrafted,Undrafted,14,4
DarrenFells29ARI2015,Darren Fells,2015,te,29,29-32,ARI,Undrafted,Undrafted,14,12
JermichaelFinley23GNB2010,Jermichael Finley,2010,te,23,< 24,GNB,4,141,5,5
AndrewGlover33NOR2000,Andrew Glover,2000,te,33,32+,NOR,2,93,16,14
DanielGraham28NWE2006,Daniel Graham,2006,te,28,25-28,NWE,1,71,12,11
ReggieKelly29CIN2006,Reggie Kelly,2006,te,29,29-32,CIN,3,105,16,16
JeffKing25CAR2008,Jeff King,2008,te,25,25-28,CAR,6,38,16,15
KrisMangum33CAR2006,Kris Mangum,2006,te,33,32+,CAR,8,79,15,5
DavidMartin27GNB2006,David Martin,2006,te,27,25-28,GNB,7,64,11,4
ZachMiller25JAX2009,Zach Miller,2009,te,25,25-28,JAX,7,53,14,0
AndrewQuarless22GNB2010,Andrew Quarless,2010,te,22,< 24,GNB,6,37,13,3
MattSchobel26CIN2004,Matt Schobel,2004,te,26,25-28,CIN,4,124,16,1
AustinSeferian-Jenkins22TAM2014,Austin Seferian-Jenkins,2014,te,22,< 24,TAM,3,102,9,9
AustinSeferian-Jenkins23TAM2015,Austin Seferian-Jenkins,2015,te,23,< 24,TAM,3,102,7,3
AlexSmith26TAM2008,Alex Smith,2008,te,26,25-28,TAM,4,128,14,12
TonyStewart24CIN2003,Tony Stewart,2003,te,24,< 24,CIN,6,34,16,7
DelanieWalker25SFO2009,Delanie Walker,2009,te,25,25-28,SFO,7,51,16,8
DelanieWalker28SFO2012,Delanie Walker,2012,te,28,25-28,SFO,7,51,16,4
DelanieWalker23SFO2007,Delanie Walker,2007,te,23,< 24,SFO,7,51,16,10
MartellusBennett21DAL2008,Martellus Bennett,2008,te,21,< 24,DAL,3,120,16,7
EricBjornson29NWE2000,Eric Bjornson,2000,te,29,29-32,NWE,5,9,8,6
JordanCameron24CLE2012,Jordan Cameron,2012,te,24,< 24,CLE,5,3,14,6
DanCampbell27DAL2003,Dan Campbell,2003,te,27,25-28,DAL,4,132,16,16
JohnDavis29CHI2002,John Davis,2002,te,29,29-32,CHI,6,65,10,8
VernonDavis22SFO2006,Vernon Davis,2006,te,22,< 24,SFO,1,119,10,8
JustinForsett313TM2016,Justin Forsett,2016,te,31,29-32,3TM,8,83,9,6
RyanGriffin25HOU2015,Ryan Griffin,2015,te,25,25-28,HOU,7,67,9,4
TerryJones25BAL2004,Terry Jones,2004,te,25,25-28,BAL,6,38,15,11
ReggieKelly30CIN2007,Reggie Kelly,2007,te,30,29-32,CIN,3,105,15,15
JoeKlopfenstein23STL2006,Joe Klopfenstein,2006,te,23,< 24,STL,3,109,16,16
MarcedesLewis32JAX2016,Marcedes Lewis,2016,te,32,29-32,JAX,1,94,10,10
RandyMcMichael31SDG2010,Randy McMichael,2010,te,31,29-32,SDG,5,11,16,11
ZachMiller33CHI2017,Zach Miller,2017,te,33,32+,CHI,7,53,8,6
ZachMiller26JAX2010,Zach Miller,2010,te,26,25-28,JAX,7,53,15,5
DennisPitta28BAL2013,Dennis Pitta,2013,te,28,25-28,BAL,5,11,4,1
LeonardPope26KAN2009,Leonard Pope,2009,te,26,25-28,KAN,4,129,13,8
RichardRodgers22GNB2014,Richard Rodgers,2014,te,22,< 24,GNB,4,146,16,5
MikeSellers35WAS2010,Mike Sellers,2010,te,35,32+,WAS,Undrafted,Undrafted,16,8
JacobTamme28DEN2013,Jacob Tamme,2013,te,28,25-28,DEN,5,20,16,1
WesleyWalls37GNB2003,Wesley Walls,2003,te,37,32+,GNB,3,117,14,1
BenWatson34NOR2014,Ben Watson,2014,te,34,32+,NOR,1,98,16,8
DanielWilcox28BAL2005,Daniel Wilcox,2005,te,28,25-28,BAL,Undrafted,Undrafted,13,3
DanielWilcox29BAL2006,Daniel Wilcox,2006,te,29,29-32,BAL,Undrafted,Undrafted,14,6
BooWilliams22NOR2001,Boo Williams,2001,te,22,< 24,NOR,Undrafted,Undrafted,11,4
LukeWillson23SEA2013,Luke Willson,2013,te,23,< 24,SEA,6,41,16,7
SteveBush28ARI2002,Steve Bush,2002,te,28,25-28,ARI,Undrafted,Undrafted,16,12
MarkCampbell30BUF2005,Mark Campbell,2005,te,30,29-32,BUF,Undrafted,Undrafted,14,10
GarrettCelek27SFO2015,Garrett Celek,2015,te,27,25-28,SFO,Undrafted,Undrafted,11,8
DesmondClark32CHI2009,Desmond Clark,2009,te,32,29-32,CHI,7,52,11,7
CharlesClay29BUF2018,Charles Clay,2018,te,29,29-32,BUF,7,50,8,7
KellenDavis27CHI2012,Kellen Davis,2012,te,27,25-28,CHI,6,41,16,15
TyroneDavis28GNB2000,Tyrone Davis,2000,te,28,25-28,GNB,5,7,14,9
RhettEllison26MIN2014,Rhett Ellison,2014,te,26,25-28,MIN,5,21,16,13
DanielFells28DEN2011,Daniel Fells,2011,te,28,25-28,DEN,Undrafted,Undrafted,16,15
LadariusGreen24SDG2014,Ladarius Green,2014,te,24,< 24,SDG,5,9,14,4
RyanGriffin23HOU2013,Ryan Griffin,2013,te,23,< 24,HOU,7,67,15,8
JoeyHaynos25MIA2009,Joey Haynos,2009,te,25,25-28,MIA,Undrafted,Undrafted,16,8
AustinHooper22ATL2016,Austin Hooper,2016,te,22,< 24,ATL,4,133,14,3
JesseJames24PIT2018,Jesse James,2018,te,24,< 24,PIT,6,43,7,4
TerryJones24BAL2003,Terry Jones,2003,te,24,< 24,BAL,6,38,16,13
JeffKing27CAR2010,Jeff King,2010,te,27,25-28,CAR,6,38,16,16
ErronKinney23TEN2000,Erron Kinney,2000,te,23,< 24,TEN,4,125,16,9
BenKoyack23JAX2016,Ben Koyack,2016,te,23,< 24,JAX,8,80,14,7
KrisMangum27CAR2000,Kris Mangum,2000,te,27,25-28,CAR,8,79,15,7
StanleyPritchett29CHI2002,Stanley Pritchett,2002,te,29,29-32,CHI,5,15,16,2
GijonRobinson24IND2008,Gijon Robinson,2008,te,24,< 24,IND,Undrafted,Undrafted,15,14
RickySeals-Jones23ARI2018,Ricky Seals-Jones,2018,te,23,< 24,ARI,Undrafted,Undrafted,8,5
GeoffSwaim25DAL2018,Geoff Swaim,2018,te,25,25-28,DAL,8,89,7,7
JacobTamme26IND2011,Jacob Tamme,2011,te,26,25-28,IND,5,20,16,5
DelanieWalker27SFO2011,Delanie Walker,2011,te,27,25-28,SFO,7,51,15,7
WesleyWalls36CAR2002,Wesley Walls,2002,te,36,32+,CAR,3,117,15,14
BenWatson33NOR2013,Ben Watson,2013,te,33,32+,NOR,1,98,15,7
StephenAlexander31DEN2006,Stephen Alexander,2006,te,31,29-32,DEN,3,111,16,14
MikeAnderson29DEN2002,Mike Anderson,2002,te,29,29-32,DEN,7,58,15,12
MarkAndrews22BAL2018,Mark Andrews,2018,te,22,< 24,BAL,Undrafted,Undrafted,8,2
ChrisBaker25NYJ2004,Chris Baker,2004,te,25,25-28,NYJ,4,137,16,0
ChrisBaker26NYJ2005,Chris Baker,2005,te,26,25-28,NYJ,4,137,8,8
AnthonyBecht29TAM2006,Anthony Becht,2006,te,29,29-32,TAM,1,92,16,16
NickBoyle22BAL2015,Nick Boyle,2015,te,22,< 24,BAL,6,48,11,2
KyleBrady33JAX2005,Kyle Brady,2005,te,33,32+,JAX,1,139,16,14
MarkCampbell31NOR2006,Mark Campbell,2006,te,31,29-32,NOR,Undrafted,Undrafted,14,10
CharlesClay23MIA2012,Charles Clay,2012,te,23,< 24,MIA,7,50,14,9
KellenDavis26CHI2011,Kellen Davis,2011,te,26,25-28,CHI,6,41,16,15
JackDoyle24IND2014,Jack Doyle,2014,te,24,< 24,IND,Undrafted,Undrafted,16,1
JosephFauria23DET2013,Joseph Fauria,2013,te,23,< 24,DET,Undrafted,Undrafted,16,2
CaseyFitzsimmons29DET2009,Casey Fitzsimmons,2009,te,29,29-32,DET,Undrafted,Undrafted,12,1
ZeronFlemister25WAS2001,Zeron Flemister,2001,te,25,25-28,WAS,Undrafted,Undrafted,16,1
BryanFletcher27IND2006,Bryan Fletcher,2006,te,27,25-28,IND,7,72,15,3
BryanFletcher28IND2007,Bryan Fletcher,2007,te,28,25-28,IND,7,72,15,3
BryanFletcher26IND2005,Bryan Fletcher,2005,te,26,25-28,IND,7,72,16,12
BubbaFranks29GNB2007,Bubba Franks,2007,te,29,29-32,GNB,1,29,8,1
DallasGoedert23PHI2018,Dallas Goedert,2018,te,23,< 24,PHI,Undrafted,Undrafted,8,4
DanielGraham32DEN2010,Daniel Graham,2010,te,32,29-32,DEN,1,71,16,16
GarrettGraham28HOU2014,Garrett Graham,2014,te,28,25-28,HOU,5,15,11,9
LadariusGreen26PIT2016,Ladarius Green,2016,te,26,25-28,PIT,5,9,6,2
JermaineGresham27ARI2015,Jermaine Gresham,2015,te,27,25-28,ARI,1,71,15,12
DemetriusHarris26KAN2017,Demetrius Harris,2017,te,26,25-28,KAN,Undrafted,Undrafted,16,7
SteveHeiden27CLE2003,Steve Heiden,2003,te,27,25-28,CLE,4,126,9,9
LanceKendricks29GNB2017,Lance Kendricks,2017,te,29,29-32,GNB,3,110,16,9
DanKreider25PIT2002,Dan Kreider,2002,te,25,25-28,PIT,Undrafted,Undrafted,16,13
MarcedesLewis30JAX2014,Marcedes Lewis,2014,te,30,29-32,JAX,1,94,8,8
AnthonyMcCoy25SEA2012,Anthony McCoy,2012,te,25,25-28,SEA,7,55,16,5
MikhaelRicks27KAN2001,Mikhael Ricks,2001,te,27,25-28,KAN,3,118,16,0
MychalRivera26OAK2016,Mychal Rivera,2016,te,26,25-28,OAK,7,54,13,2
DanteRosario24CAR2008,Dante Rosario,2008,te,24,< 24,CAR,6,38,16,6
RobertRoyal26WAS2005,Robert Royal,2005,te,26,25-28,WAS,6,43,15,14
TonyScheffler23DEN2006,Tony Scheffler,2006,te,23,< 24,DEN,3,120,13,5
MattSchobel27CIN2005,Matt Schobel,2005,te,27,25-28,CIN,4,124,16,1
AaronShea29CLE2005,Aaron Shea,2005,te,29,29-32,CLE,5,9,12,4
DionSims24MIA2015,Dion Sims,2015,te,24,< 24,MIA,5,6,13,4
JonnuSmith22TEN2017,Jonnu Smith,2017,te,22,< 24,TEN,4,2,16,13
JerramyStevens28TAM2007,Jerramy Stevens,2007,te,28,25-28,TAM,1,94,14,3
JedWeaver25MIA2001,Jed Weaver,2001,te,25,25-28,MIA,8,70,16,7
JermaineWiggins252TM2000,Jermaine Wiggins,2000,te,25,25-28,2TM,Undrafted,Undrafted,15,2
MartellusBennett24DAL2011,Martellus Bennett,2011,te,24,< 24,DAL,3,120,14,7
MarkBruener28PIT2000,Mark Bruener,2000,te,28,25-28,PIT,1,92,16,16
MarkCampbell29BUF2004,Mark Campbell,2004,te,29,29-32,BUF,Undrafted,Undrafted,12,12
DerekCarrier25WAS2015,Derek Carrier,2015,te,25,25-28,WAS,Undrafted,Undrafted,12,12
JohnDavis27MIN2000,John Davis,2000,te,27,25-28,MIN,6,65,15,9
EdDickson28CAR2015,Ed Dickson,2015,te,28,25-28,CAR,4,127,16,11
JimDray28CLE2014,Jim Dray,2014,te,28,25-28,CLE,8,83,16,8
JasonDunn31KAN2004,Jason Dunn,2004,te,31,29-32,KAN,3,115,16,0
EvanEngram24NYG2018,Evan Engram,2018,te,24,< 24,NYG,1,81,5,5
DarrenFells31DET2017,Darren Fells,2017,te,31,29-32,DET,Undrafted,Undrafted,16,13
C.J.Fiedorowicz24HOU2015,C.J. Fiedorowicz,2015,te,24,< 24,HOU,4,123,16,14
LadariusGreen23SDG2013,Ladarius Green,2013,te,23,< 24,SDG,5,9,16,10
DemetriusHarris25KAN2016,Demetrius Harris,2016,te,25,25-28,KAN,Undrafted,Undrafted,16,11
SteveHeiden26CLE2002,Steve Heiden,2002,te,26,25-28,CLE,4,126,16,6
WillHeller31DET2012,Will Heller,2012,te,31,29-32,DET,Undrafted,Undrafted,16,5
JeffKing29ARI2012,Jeff King,2012,te,29,29-32,ARI,6,38,16,12
JimKleinsasser33MIN2010,Jim Kleinsasser,2010,te,33,32+,MIN,3,107,16,7
KrisMangum30CAR2003,Kris Mangum,2003,te,30,29-32,CAR,8,79,16,11
SeanMcHugh25DET2007,Sean McHugh,2007,te,25,25-28,DET,8,86,15,12
BillyMiller27HOU2004,Billy Miller,2004,te,27,25-28,HOU,8,74,16,8
ShawnNelson24BUF2009,Shawn Nelson,2009,te,24,< 24,BUF,5,17,12,12
GregOlsen32CAR2017,Greg Olsen,2017,te,32,29-32,CAR,1,97,7,7
MarcellusRivers25NYG2003,Marcellus Rivers,2003,te,25,25-28,NYG,Undrafted,Undrafted,12,6
O.J.Santiago27CLE2001,O.J. Santiago,2001,te,27,25-28,CLE,4,127,14,12
MattSpaeth25PIT2008,Matt Spaeth,2008,te,25,25-28,PIT,4,131,16,13
C.J.Uzomah25CIN2018,C.J. Uzomah,2018,te,25,25-28,CIN,6,40,8,7
JamesWhalen25DAL2002,James Whalen,2002,te,25,25-28,DAL,6,40,16,6
LukeWillson25SEA2015,Luke Willson,2015,te,25,25-28,SEA,6,41,14,7
GeorgeWrighster26JAX2007,George Wrighster,2007,te,26,25-28,JAX,5,5,11,6
FrankWycheck32TEN2003,Frank Wycheck,2003,te,32,29-32,TEN,7,43,10,6
JerellAdams24NYG2016,Jerell Adams,2016,te,24,< 24,NYG,7,54,13,2
DwayneAllen25IND2015,Dwayne Allen,2015,te,25,25-28,IND,4,122,13,12
AnthonyBecht28TAM2005,Anthony Becht,2005,te,28,25-28,TAM,1,92,16,16
AnthonyBecht23NYJ2000,Anthony Becht,2000,te,23,< 24,NYJ,1,92,14,10
BrentCelek22PHI2007,Brent Celek,2007,te,22,< 24,PHI,6,45,16,4
CharlesClay22MIA2011,Charles Clay,2011,te,22,< 24,MIA,7,50,14,9
CamCleeland27NWE2002,Cam Cleeland,2002,te,27,25-28,NWE,3,104,12,1
DanielCoats25CIN2009,Daniel Coats,2009,te,25,25-28,CIN,Undrafted,Undrafted,16,11
A.J.Derby252TM2016,A.J. Derby,2016,te,25,25-28,2TM,7,68,10,3
RickeyDudley30TAM2002,Rickey Dudley,2002,te,30,29-32,TAM,1,139,14,3
GeraldEverett23LAR2017,Gerald Everett,2017,te,23,< 24,LAR,3,107,16,2
ChristianFauria33NWE2004,Christian Fauria,2004,te,33,32+,NWE,3,103,16,10
DanielFells31NYG2014,Daniel Fells,2014,te,31,29-32,NYG,Undrafted,Undrafted,16,9
MikeGesicki23MIA2018,Mike Gesicki,2018,te,23,< 24,MIA,Undrafted,Undrafted,8,3
DanielGraham27NWE2005,Daniel Graham,2005,te,27,25-28,NWE,1,71,11,9
ToddHeap21BAL2001,Todd Heap,2001,te,21,< 24,BAL,1,97,12,6
JoshHill25NOR2015,Josh Hill,2015,te,25,25-28,NOR,Undrafted,Undrafted,16,7
JoshHill27NOR2017,Josh Hill,2017,te,27,25-28,NOR,Undrafted,Undrafted,16,11
ReggieKelly24ATL2001,Reggie Kelly,2001,te,24,< 24,ATL,3,105,14,13
RobKonrad27MIA2003,Rob Konrad,2003,te,27,25-28,MIA,3,106,14,12
MarcedesLewis31JAX2015,Marcedes Lewis,2015,te,31,29-32,JAX,1,94,16,16
JoelMakovicka26ARI2001,Joel Makovicka,2001,te,26,25-28,ARI,5,13,16,14
KrisMangum29CAR2002,Kris Mangum,2002,te,29,29-32,CAR,8,79,16,8
DaveMoore33BUF2002,Dave Moore,2002,te,33,32+,BUF,8,60,14,5
EvanMoore25CLE2010,Evan Moore,2010,te,25,25-28,CLE,Undrafted,Undrafted,12,4
BrandonMyers26OAK2011,Brandon Myers,2011,te,26,25-28,OAK,7,68,16,7
JoshNorman22SDG2002,Josh Norman,2002,te,22,< 24,SDG,Undrafted,Undrafted,11,1
JustinPeelle27MIA2006,Justin Peelle,2006,te,27,25-28,MIA,5,4,15,10
JustinPeelle24SDG2003,Justin Peelle,2003,te,24,< 24,SDG,5,4,15,9
DennisPitta29BAL2014,Dennis Pitta,2014,te,29,29-32,BAL,5,11,3,3
LeonardPope23ARI2006,Leonard Pope,2006,te,23,< 24,ARI,4,129,16,6
DanteRosario30CHI2014,Dante Rosario,2014,te,30,29-32,CHI,6,38,16,3
LukeStocker24TAM2012,Luke Stocker,2012,te,24,< 24,TAM,5,5,16,11
BenUtecht27CIN2008,Ben Utecht,2008,te,27,25-28,CIN,Undrafted,Undrafted,10,6
BlakeBell24SFO2015,Blake Bell,2015,te,24,< 24,SFO,5,14,14,5
MartellusBennett22DAL2009,Martellus Bennett,2009,te,22,< 24,DAL,3,120,14,6
AdamBergen23ARI2006,Adam Bergen,2006,te,23,< 24,ARI,Undrafted,Undrafted,14,7
LarryDonnell28NYG2016,Larry Donnell,2016,te,28,25-28,NYG,Undrafted,Undrafted,14,6
JackDoyle28IND2018,Jack Doyle,2018,te,28,25-28,IND,Undrafted,Undrafted,3,3
TylerEifert28CIN2018,Tyler Eifert,2018,te,28,25-28,CIN,1,71,4,2
MichaelGaines26CAR2006,Michael Gaines,2006,te,26,25-28,CAR,8,82,16,9
JohnGilmore29TAM2008,John Gilmore,2008,te,29,29-32,TAM,7,63,16,10
DanielGraham24NWE2002,Daniel Graham,2002,te,24,< 24,NWE,1,71,12,6
PatrickHape27DEN2001,Patrick Hape,2001,te,27,25-28,DEN,6,27,15,8
JackieHarris33DAL2001,Jackie Harris,2001,te,33,32+,DAL,5,3,13,12
JeffHeuerman26DEN2018,Jeff Heuerman,2018,te,26,25-28,DEN,4,142,8,7
JoshHill26NOR2016,Josh Hill,2016,te,26,25-28,NOR,Undrafted,Undrafted,9,8
ReggieKelly27CIN2004,Reggie Kelly,2004,te,27,25-28,CIN,3,105,16,15
ReggieKelly28CIN2005,Reggie Kelly,2005,te,28,25-28,CIN,3,105,15,14
BrianKozlowski31ATL2001,Brian Kozlowski,2001,te,31,29-32,ATL,Undrafted,Undrafted,16,0
BrianKozlowski30ATL2000,Brian Kozlowski,2000,te,30,29-32,ATL,Undrafted,Undrafted,16,3
KrisMangum28CAR2001,Kris Mangum,2001,te,28,25-28,CAR,8,79,16,10
BrandonManumaleuna28SDG2008,Brandon Manumaleuna,2008,te,28,25-28,SDG,5,22,16,11
BrandonManumaleuna24STL2004,Brandon Manumaleuna,2004,te,24,< 24,STL,5,22,16,16
BenPatrick26ARI2010,Ben Patrick,2010,te,26,25-28,ARI,8,73,15,7
JustinPeelle29ATL2008,Justin Peelle,2008,te,29,29-32,ATL,5,4,16,11
JohnPhillips24DAL2011,John Phillips,2011,te,24,< 24,DAL,7,70,16,7
RodRutledge25NWE2000,Rod Rutledge,2000,te,25,25-28,NWE,3,115,16,11
DarnellSanders24CLE2003,Darnell Sanders,2003,te,24,< 24,CLE,5,18,16,12
DerekSchouman23BUF2008,Derek Schouman,2008,te,23,< 24,BUF,8,77,16,12
DionSims26CHI2017,Dion Sims,2017,te,26,25-28,CHI,5,6,14,14
JerramyStevens30TAM2009,Jerramy Stevens,2009,te,30,29-32,TAM,1,94,16,8
ErikSwoope24IND2016,Erik Swoope,2016,te,24,< 24,IND,Undrafted,Undrafted,16,4
MaxxWilliams23BAL2017,Maxx Williams,2017,te,23,< 24,BAL,3,116,11,8
LukeWillson26SEA2016,Luke Willson,2016,te,26,25-28,SEA,6,41,11,6
LukeWillson27SEA2017,Luke Willson,2017,te,27,25-28,SEA,6,41,16,7
KrisWilson25KAN2006,Kris Wilson,2006,te,25,25-28,KAN,3,120,16,10
BillyBajema28STL2010,Billy Bajema,2010,te,28,25-28,STL,8,90,13,8
ChrisBaker30NWE2009,Chris Baker,2009,te,30,29-32,NWE,4,137,16,7
ChrisBaker24NYJ2003,Chris Baker,2003,te,24,< 24,NYJ,4,137,16,0
MarcoBattaglia282TM2001,Marco Battaglia,2001,te,28,25-28,2TM,3,103,11,1
NickBoyle25BAL2018,Nick Boyle,2018,te,25,25-28,BAL,6,48,8,6
KyleBrady32JAX2004,Kyle Brady,2004,te,32,29-32,JAX,1,139,11,8
BrentCelek31PHI2016,Brent Celek,2016,te,31,29-32,PHI,6,45,16,8
AnthonyFasano22DAL2006,Anthony Fasano,2006,te,22,< 24,DAL,3,114,16,5
AnthonyFasano23DAL2007,Anthony Fasano,2007,te,23,< 24,DAL,3,114,16,5
DarrenFells30ARI2016,Darren Fells,2016,te,30,29-32,ARI,Undrafted,Undrafted,14,7
C.J.Fiedorowicz26HOU2017,C.J. Fiedorowicz,2017,te,26,25-28,HOU,4,123,5,5
MarQueisGray27MIA2016,MarQueis Gray,2016,te,27,25-28,MIA,Undrafted,Undrafted,16,7
VirgilGreen29DEN2017,Virgil Green,2017,te,29,29-32,DEN,8,69,16,16
ClayHarbor28JAX2015,Clay Harbor,2015,te,28,25-28,JAX,5,19,15,3
JoshHill24NOR2014,Josh Hill,2014,te,24,< 24,NOR,Undrafted,Undrafted,16,3
BryanJohnson26CHI2004,Bryan Johnson,2004,te,26,25-28,CHI,Undrafted,Undrafted,12,6
TeyoJohnson22OAK2003,Teyo Johnson,2003,te,22,< 24,OAK,3,121,16,5
ReggieKelly25ATL2002,Reggie Kelly,2002,te,25,25-28,ATL,3,105,16,16
DustinLyman26CHI2002,Dustin Lyman,2002,te,26,25-28,CHI,4,136,12,3
BrandonManumaleuna26SDG2006,Brandon Manumaleuna,2006,te,26,25-28,SDG,5,22,16,7
VanceMcDonald27PIT2017,Vance McDonald,2017,te,27,25-28,PIT,3,116,10,7
TonyMcGee30CIN2001,Tony McGee,2001,te,30,29-32,CIN,3,101,11,9
BillyMiller29NOR2006,Billy Miller,2006,te,29,29-32,NOR,8,74,10,3
JamesO'Shaughnessy25JAX2017,James O'Shaughnessy,2017,te,25,25-28,JAX,6,49,16,1
SeanRyan29KAN2009,Sean Ryan,2009,te,29,29-32,KAN,6,32,10,8
MattSchobel28PHI2006,Matt Schobel,2006,te,28,25-28,PHI,4,124,16,4
AaronShea25CLE2001,Aaron Shea,2001,te,25,25-28,CLE,5,9,12,5
AlexSmith29CLE2011,Alex Smith,2011,te,29,29-32,CLE,4,128,14,4
TonyStewart27CIN2006,Tony Stewart,2006,te,27,25-28,CIN,6,34,16,3
JacobTamme29DEN2014,Jacob Tamme,2014,te,29,29-32,DEN,5,20,15,0
JermaineWiggins26NWE2001,Jermaine Wiggins,2001,te,26,25-28,NWE,Undrafted,Undrafted,16,6
MaxxWilliams24BAL2018,Maxx Williams,2018,te,24,< 24,BAL,3,116,7,5
ToddYoder26JAX2004,Todd Yoder,2004,te,26,25-28,JAX,Undrafted,Undrafted,16,8
CourtneyAnderson24OAK2004,Courtney Anderson,2004,te,24,< 24,OAK,8,88,9,4
GaryBarnidge28CLE2013,Gary Barnidge,2013,te,28,25-28,CLE,6,30,16,12
GaryBarnidge29CLE2014,Gary Barnidge,2014,te,29,29-32,CLE,6,30,13,2
MarcoBattaglia27CIN2000,Marco Battaglia,2000,te,27,25-28,CIN,3,103,16,10
AnthonyBecht27NYJ2004,Anthony Becht,2004,te,27,25-28,NYJ,1,92,16,16
TravisBeckum23NYG2010,Travis Beckum,2010,te,23,< 24,NYG,4,2,16,2
JeremyBrigham25OAK2000,Jeremy Brigham,2000,te,25,25-28,OAK,6,20,15,3
DanielBrown25CHI2017,Daniel Brown,2017,te,25,25-28,CHI,Undrafted,Undrafted,14,2
MarkBruener30PIT2002,Mark Bruener,2002,te,30,29-32,PIT,1,92,12,12
DanCampbell25NYG2001,Dan Campbell,2001,te,25,25-28,NYG,4,132,16,12
BrentCelek32PHI2017,Brent Celek,2017,te,32,29-32,PHI,6,45,16,10
CamCleeland26NOR2001,Cam Cleeland,2001,te,26,25-28,NOR,3,104,9,7
ErnieConwell33NOR2005,Ernie Conwell,2005,te,33,32+,NOR,3,118,8,8
RhettEllison30NYG2018,Rhett Ellison,2018,te,30,29-32,NYG,5,21,7,6
JimFinn29NYG2005,Jim Finn,2005,te,29,29-32,NYG,8,91,16,13
JohnGilmore31TAM2010,John Gilmore,2010,te,31,29-32,TAM,7,63,16,11
RyanGriffin27HOU2017,Ryan Griffin,2017,te,27,25-28,HOU,7,67,7,6
RyanHannam25SEA2005,Ryan Hannam,2005,te,25,25-28,SEA,6,47,16,5
ClayHarbor24PHI2011,Clay Harbor,2011,te,24,< 24,PHI,5,19,16,3
CoryHarkey23STL2013,Cory Harkey,2013,te,23,< 24,STL,Undrafted,Undrafted,15,10
CooperHelfet26SEA2015,Cooper Helfet,2015,te,26,25-28,SEA,Undrafted,Undrafted,13,2
WillHeller26SEA2007,Will Heller,2007,te,26,25-28,SEA,Undrafted,Undrafted,16,6
MichaelHoomanawanui22STL2010,Michael Hoomanawanui,2010,te,22,< 24,STL,6,24,8,3
ReggieKelly26CIN2003,Reggie Kelly,2003,te,26,25-28,CIN,3,105,12,11
ErronKinney25TEN2002,Erron Kinney,2002,te,25,25-28,TEN,4,125,15,7
DonaldLee24MIA2004,Donald Lee,2004,te,24,< 24,MIA,6,39,16,10
MarcedesLewis22JAX2006,Marcedes Lewis,2006,te,22,< 24,JAX,1,94,15,3
MikeLucky26DAL2001,Mike Lucky,2001,te,26,25-28,DAL,8,80,16,5
BrandonManumaleuna25STL2005,Brandon Manumaleuna,2005,te,25,25-28,STL,5,22,14,14
DavidMartin22GNB2001,David Martin,2001,te,22,< 24,GNB,7,64,14,1
DavidMartin24GNB2003,David Martin,2003,te,24,< 24,GNB,7,64,16,3
AnthonyMcCoy24SEA2011,Anthony McCoy,2011,te,24,< 24,SEA,7,55,16,9
ShadMeier25TEN2003,Shad Meier,2003,te,25,25-28,TEN,4,140,15,6
NilesPaul28WAS2017,Niles Paul,2017,te,28,25-28,WAS,6,38,14,8
LoganPaulsen27WAS2014,Logan Paulsen,2014,te,27,25-28,WAS,Undrafted,Undrafted,16,12
JebPutzier27HOU2006,Jeb Putzier,2006,te,27,25-28,HOU,7,60,14,5
AustinSeferian-Jenkins242TM2016,Austin Seferian-Jenkins,2016,te,24,< 24,2TM,3,102,9,2
MikeSeidman23CAR2004,Mike Seidman,2004,te,23,< 24,CAR,4,130,16,6
AlexSmith30CLE2012,Alex Smith,2012,te,30,29-32,CLE,4,128,12,2
LevineToilolo25ATL2016,Levine Toilolo,2016,te,25,25-28,ATL,5,25,16,11
BenTroupe24TEN2006,Ben Troupe,2006,te,24,< 24,TEN,3,104,10,9
NickVannett25SEA2018,Nick Vannett,2018,te,25,25-28,SEA,4,144,6,3
BooWilliams23NOR2002,Boo Williams,2002,te,23,< 24,NOR,Undrafted,Undrafted,16,3
BrandonWilliams30IND2017,Brandon Williams,2017,te,30,29-32,IND,Undrafted,Undrafted,14,10
GeorgeWrighster22JAX2003,George Wrighster,2003,te,22,< 24,JAX,5,5,15,1
GeorgeWrighster24JAX2005,George Wrighster,2005,te,24,< 24,JAX,5,5,16,6
GaryBarnidge24CAR2009,Gary Barnidge,2009,te,24,< 24,CAR,6,30,16,3
JeremyBrigham26OAK2001,Jeremy Brigham,2001,te,26,25-28,OAK,6,20,14,3
LutherBroughton26PHI2000,Luther Broughton,2000,te,26,25-28,PHI,6,38,15,1
MarkBruener29PIT2001,Mark Bruener,2001,te,29,29-32,PIT,1,92,9,9
MarkCampbell25CLE2000,Mark Campbell,2000,te,25,25-28,CLE,Undrafted,Undrafted,16,10
MarkCampbell33NOR2008,Mark Campbell,2008,te,33,32+,NOR,Undrafted,Undrafted,9,4
DanielCoats23CIN2007,Daniel Coats,2007,te,23,< 24,CIN,Undrafted,Undrafted,15,3
JackDoyle25IND2015,Jack Doyle,2015,te,25,25-28,IND,Undrafted,Undrafted,16,2
EricEdwards25ARI2005,Eric Edwards,2005,te,25,25-28,ARI,Undrafted,Undrafted,16,9
AnthonyFasano33MIA2017,Anthony Fasano,2017,te,33,32+,MIA,3,114,16,6
CaseyFitzsimmons28DET2008,Casey Fitzsimmons,2008,te,28,25-28,DET,Undrafted,Undrafted,14,1
MichaelGaines25CAR2005,Michael Gaines,2005,te,25,25-28,CAR,8,82,11,6
AntonioGates38LAC2018,Antonio Gates,2018,te,38,32+,LAC,Undrafted,Undrafted,7,0
ChrisGragg25BUF2015,Chris Gragg,2015,te,25,25-28,BUF,8,77,13,4
VirgilGreen27DEN2015,Virgil Green,2015,te,27,25-28,DEN,8,69,16,5
JamesHanna24DAL2013,James Hanna,2013,te,24,< 24,DAL,7,56,16,8
BenHartsock27TEN2007,Ben Hartsock,2007,te,27,25-28,TEN,4,125,16,9
SteveHeiden31CLE2007,Steve Heiden,2007,te,31,29-32,CLE,4,126,16,6
CooperHelfet25SEA2014,Cooper Helfet,2014,te,25,25-28,SEA,Undrafted,Undrafted,10,2
WillHeller23TAM2004,Will Heller,2004,te,23,< 24,TAM,Undrafted,Undrafted,10,2
ChristopherHerndon22NYJ2018,Christopher Herndon,2018,te,22,< 24,NYJ,Undrafted,Undrafted,8,5
MichaelHoomanawanui25NWE2013,Michael Hoomanawanui,2013,te,25,25-28,NWE,6,24,13,10
RobHousler23ARI2011,Rob Housler,2011,te,23,< 24,ARI,4,126,12,2
DavidLaFleur26DAL2000,David LaFleur,2000,te,26,25-28,DAL,1,75,15,10
EvanMoore24CLE2009,Evan Moore,2009,te,24,< 24,CLE,Undrafted,Undrafted,5,0
BrandonMyers30TAM2015,Brandon Myers,2015,te,30,29-32,TAM,7,68,11,6
BrandonMyers25OAK2010,Brandon Myers,2010,te,25,25-28,OAK,7,68,15,3
GregOlsen33CAR2018,Greg Olsen,2018,te,33,32+,CAR,1,97,4,4
BearPascoe25NYG2011,Bear Pascoe,2011,te,25,25-28,NYG,7,54,16,11
BearPascoe27NYG2013,Bear Pascoe,2013,te,27,25-28,NYG,7,54,16,6
BenPatrick25ARI2009,Ben Patrick,2009,te,25,25-28,ARI,8,73,9,7
JustinPeelle30ATL2009,Justin Peelle,2009,te,30,29-32,ATL,5,4,15,8
MarcusPollard34DET2006,Marcus Pollard,2006,te,34,32+,DET,Undrafted,Undrafted,15,5
RichardRodgers25GNB2017,Richard Rodgers,2017,te,25,25-28,GNB,4,146,15,1
RickySeals-Jones22ARI2017,Ricky Seals-Jones,2017,te,22,< 24,ARI,Undrafted,Undrafted,10,1
AdamShaheen23CHI2017,Adam Shaheen,2017,te,23,< 24,CHI,3,108,13,7
VisantheShiancoe26NYG2006,Visanthe Shiancoe,2006,te,26,25-28,NYG,4,141,16,4
DavidSloan30NOR2002,David Sloan,2002,te,30,29-32,NOR,4,127,16,14
LeeSmith28OAK2015,Lee Smith,2015,te,28,25-28,OAK,6,42,15,15
NealSterling24JAX2016,Neal Sterling,2016,te,24,< 24,JAX,8,76,10,1
CraigStevens31TEN2015,Craig Stevens,2015,te,31,29-32,TEN,4,134,16,11
LukeStocker23TAM2011,Luke Stocker,2011,te,23,< 24,TAM,5,5,14,9
JonathanStupar26BUF2010,Jonathan Stupar,2010,te,26,25-28,BUF,Undrafted,Undrafted,16,3
LevineToilolo26ATL2017,Levine Toilolo,2017,te,26,25-28,ATL,5,25,15,12
JerameTuman27PIT2003,Jerame Tuman,2003,te,27,25-28,PIT,6,26,16,12
NickVannett24SEA2017,Nick Vannett,2017,te,24,< 24,SEA,4,144,15,4
StephenAnderson23HOU2016,Stephen Anderson,2016,te,23,< 24,HOU,Undrafted,Undrafted,13,0
CameronBrate27TAM2018,Cameron Brate,2018,te,27,25-28,TAM,Undrafted,Undrafted,7,1
SteveBush29ARI2003,Steve Bush,2003,te,29,29-32,ARI,Undrafted,Undrafted,16,4
JohnDavis28CHI2001,John Davis,2001,te,28,25-28,CHI,6,65,16,7
EdDickson23BAL2010,Ed Dickson,2010,te,23,< 24,BAL,4,127,15,3
JoelDreessen26HOU2008,Joel Dreessen,2008,te,26,25-28,HOU,7,64,16,3
RhettEllison27MIN2015,Rhett Ellison,2015,te,27,25-28,MIN,5,21,15,9
TimEuhus24BUF2004,Tim Euhus,2004,te,24,< 24,BUF,5,8,12,5
ChaseFord23MIN2013,Chase Ford,2013,te,23,< 24,MIN,Undrafted,Undrafted,9,0
XavierGrimble24PIT2016,Xavier Grimble,2016,te,24,< 24,PIT,Undrafted,Undrafted,13,2
TerryHardy25ARI2001,Terry Hardy,2001,te,25,25-28,ARI,6,19,8,6
TylerHigbee23LAR2016,Tyler Higbee,2016,te,23,< 24,LAR,5,9,16,7
MichaelHoomanawanui272TM2015,Michael Hoomanawanui,2015,te,27,25-28,2TM,6,24,14,8
ToryHumphrey25GNB2008,Tory Humphrey,2008,te,25,25-28,GNB,Undrafted,Undrafted,16,7
NateJackson29DEN2008,Nate Jackson,2008,te,29,29-32,DEN,Undrafted,Undrafted,10,3
TerryJones23BAL2002,Terry Jones,2002,te,23,< 24,BAL,6,38,14,6
JoeKlopfenstein25STL2008,Joe Klopfenstein,2008,te,25,25-28,STL,3,109,16,10
TylerKroft23CIN2015,Tyler Kroft,2015,te,23,< 24,CIN,4,134,16,6
DonaldLee30GNB2010,Donald Lee,2010,te,30,29-32,GNB,6,39,15,6
DonaldLee31CIN2011,Donald Lee,2011,te,31,29-32,CIN,6,39,9,4
DustinLyman27CHI2003,Dustin Lyman,2003,te,27,25-28,CHI,4,136,9,1
DustinLyman28CHI2004,Dustin Lyman,2004,te,28,25-28,CHI,4,136,16,10
JohnMadsen23OAK2006,John Madsen,2006,te,23,< 24,OAK,Undrafted,Undrafted,15,1
RandyMcMichael29STL2008,Randy McMichael,2008,te,29,29-32,STL,5,11,4,4
TroyNiklas25ARI2017,Troy Niklas,2017,te,25,25-28,ARI,3,113,15,11
BenPatrick24ARI2008,Ben Patrick,2008,te,24,< 24,ARI,8,73,10,3
LoganPaulsen24WAS2011,Logan Paulsen,2011,te,24,< 24,WAS,Undrafted,Undrafted,16,6
JustinPeelle26SDG2005,Justin Peelle,2005,te,26,25-28,SDG,5,4,16,4
JustinPerillo24GNB2015,Justin Perillo,2015,te,24,< 24,GNB,Undrafted,Undrafted,9,0
KonradReuland25NYJ2012,Konrad Reuland,2012,te,25,25-28,NYJ,Undrafted,Undrafted,16,3
JeffRobinson31STL2001,Jeff Robinson,2001,te,31,29-32,STL,5,146,16,6
RobertRoyal30CLE2009,Robert Royal,2009,te,30,29-32,CLE,6,43,13,11
MattSchobel29PHI2007,Matt Schobel,2007,te,29,29-32,PHI,4,124,15,6
AustinSeferian-Jenkins26JAX2018,Austin Seferian-Jenkins,2018,te,26,25-28,JAX,3,102,5,5
CraigStevens26TEN2010,Craig Stevens,2010,te,26,25-28,TEN,4,134,15,13
TonyStewart29OAK2008,Tony Stewart,2008,te,29,29-32,OAK,6,34,16,4
JustinSwift26SFO2001,Justin Swift,2001,te,26,25-28,SFO,8,84,16,2
DavidThomas29NOR2012,David Thomas,2012,te,29,29-32,NOR,4,135,15,7
DavidThomas23NWE2006,David Thomas,2006,te,23,< 24,NWE,4,135,15,3
IanThomas22CAR2018,Ian Thomas,2018,te,22,< 24,CAR,Undrafted,Undrafted,7,3
LevineToilolo22ATL2013,Levine Toilolo,2013,te,22,< 24,ATL,5,25,16,3
ErnestWilford30JAX2009,Ernest Wilford,2009,te,30,29-32,JAX,5,16,15,7
RolandWilliams25STL2000,Roland Williams,2000,te,25,25-28,STL,5,146,16,11
DwayneAllen27NWE2017,Dwayne Allen,2017,te,27,25-28,NWE,4,122,16,8
CamCleeland28STL2003,Cam Cleeland,2003,te,28,25-28,STL,3,104,16,10
ErnieConwell32NOR2004,Ernie Conwell,2004,te,32,29-32,NOR,3,118,16,11
ZackCrockett34OAK2006,Zack Crockett,2006,te,34,32+,OAK,4,132,16,9
JasonCroom24BUF2018,Jason Croom,2018,te,24,< 24,BUF,Undrafted,Undrafted,8,0
VernonDavis34WAS2018,Vernon Davis,2018,te,34,32+,WAS,1,119,7,6
SethDevalve23CLE2016,Seth Devalve,2016,te,23,< 24,CLE,5,28,12,2
EdDickson29CAR2016,Ed Dickson,2016,te,29,29-32,CAR,4,127,16,8
EdDickson27CAR2014,Ed Dickson,2014,te,27,25-28,CAR,4,127,16,10
GregEstandia26JAX2008,Greg Estandia,2008,te,26,25-28,JAX,Undrafted,Undrafted,16,1
GeraldEverett24LAR2018,Gerald Everett,2018,te,24,< 24,LAR,3,107,8,0
DerekFine25BUF2008,Derek Fine,2008,te,25,25-28,BUF,5,24,10,5
CaseyFitzsimmons24DET2004,Casey Fitzsimmons,2004,te,24,< 24,DET,Undrafted,Undrafted,16,2
CaseyFitzsimmons25DET2005,Casey Fitzsimmons,2005,te,25,25-28,DET,Undrafted,Undrafted,14,2
ZeronFlemister26WAS2002,Zeron Flemister,2002,te,26,25-28,WAS,Undrafted,Undrafted,15,7
ChrisGedney30ARI2000,Chris Gedney,2000,te,30,29-32,ARI,4,120,13,3
CrockettGillmore23BAL2014,Crockett Gillmore,2014,te,23,< 24,BAL,4,147,15,1
JohnGilmore23CHI2002,John Gilmore,2002,te,23,< 24,CHI,7,63,8,4
RyanGriffin28HOU2018,Ryan Griffin,2018,te,28,25-28,HOU,7,67,6,6
RyanGriffin24HOU2014,Ryan Griffin,2014,te,24,< 24,HOU,7,67,16,2
SteveHeiden33CLE2009,Steve Heiden,2009,te,33,32+,CLE,4,126,7,6
RyanHewitt23CIN2014,Ryan Hewitt,2014,te,23,< 24,CIN,Undrafted,Undrafted,16,11
ReggieKelly33CIN2010,Reggie Kelly,2010,te,33,32+,CIN,3,105,16,14
JimKleinsasser32MIN2009,Jim Kleinsasser,2009,te,32,29-32,MIN,3,107,16,8
BrianKozlowski33ATL2003,Brian Kozlowski,2003,te,33,32+,ATL,Undrafted,Undrafted,16,9
TylerKroft24CIN2016,Tyler Kroft,2016,te,24,< 24,CIN,4,134,14,11
DonaldLee26GNB2006,Donald Lee,2006,te,26,25-28,GNB,6,39,15,2
BrandonManumaleuna27SDG2007,Brandon Manumaleuna,2007,te,27,25-28,SDG,5,22,16,12
ItulaMili33SEA2006,Itula Mili,2006,te,33,32+,SEA,7,50,10,2
DavidMorgan24MIN2017,David Morgan,2017,te,24,< 24,MIN,7,57,15,6
MichaelPalmer23ATL2011,Michael Palmer,2011,te,23,< 24,ATL,Undrafted,Undrafted,16,2
NilesPaul29JAX2018,Niles Paul,2018,te,29,29-32,JAX,6,38,6,1
JustinPeelle31ATL2010,Justin Peelle,2010,te,31,29-32,ATL,5,4,13,8
JustinPeelle25SDG2004,Justin Peelle,2004,te,25,25-28,SDG,5,4,16,4
BrandonPettigrew29DET2014,Brandon Pettigrew,2014,te,29,29-32,DET,1,66,14,9
JohnPhillips28SDG2015,John Phillips,2015,te,28,25-28,SDG,7,70,16,5
JohnPhillips292TM2016,John Phillips,2016,te,29,29-32,2TM,7,70,16,7
LeonardPope27KAN2010,Leonard Pope,2010,te,27,25-28,KAN,4,129,16,6
MyColePruitt23MIN2015,MyCole Pruitt,2015,te,23,< 24,MIN,6,31,16,3
WalterRasby28DET2000,Walter Rasby,2000,te,28,25-28,DET,Undrafted,Undrafted,16,8
WalterRasby29WAS2001,Walter Rasby,2001,te,29,29-32,WAS,Undrafted,Undrafted,16,11
JayRiemersma30PIT2003,Jay Riemersma,2003,te,30,29-32,PIT,8,87,11,7
DanteRosario28SDG2012,Dante Rosario,2012,te,28,25-28,SDG,6,38,13,2
TomSanti23IND2008,Tom Santi,2008,te,23,< 24,IND,7,63,6,2
VisantheShiancoe23NYG2003,Visanthe Shiancoe,2003,te,23,< 24,NYG,4,141,16,7
TonyStewart30OAK2009,Tony Stewart,2009,te,30,29-32,OAK,6,34,15,4
TonyStewart25CIN2004,Tony Stewart,2004,te,25,25-28,CIN,6,34,16,9
JustinSwift27SFO2002,Justin Swift,2002,te,27,25-28,SFO,8,84,16,4
JeffThomason31PHI2000,Jeff Thomason,2000,te,31,29-32,PHI,Undrafted,Undrafted,16,5
JeffThomason33PHI2002,Jeff Thomason,2002,te,33,32+,PHI,Undrafted,Undrafted,16,3
C.J.Uzomah24CIN2017,C.J. Uzomah,2017,te,24,< 24,CIN,6,40,14,4
AaronWalker24SFO2004,Aaron Walker,2004,te,24,< 24,SFO,6,44,16,4
DelanieWalker24SFO2008,Delanie Walker,2008,te,24,< 24,SFO,7,51,15,2
DarrenWaller24BAL2016,Darren Waller,2016,te,24,< 24,BAL,7,69,12,3
JedWeaver24MIA2000,Jed Weaver,2000,te,24,< 24,MIA,8,70,16,0
JermaineWiggins272TM2002,Jermaine Wiggins,2002,te,27,25-28,2TM,Undrafted,Undrafted,14,1
BradleyPinion21SFO2015,Bradley Pinion,2015,sp_teams,21,< 24,SFO,7,20,16,0
RobertoAguayo22TAM2016,Roberto Aguayo,2016,sp_teams,22,< 24,TAM,4,66,16,0
ConnorBarth22KAN2008,Connor Barth,2008,sp_teams,22,< 24,KAN,Undrafted,Undrafted,10,0
CoreyBojorquez22BUF2018,Corey Bojorquez,2018,sp_teams,22,< 24,BUF,Undrafted,Undrafted,8,0
KyleBrindza22TAM2015,Kyle Brindza,2015,sp_teams,22,< 24,TAM,Undrafted,Undrafted,4,0
DavidBuehler22DAL2009,David Buehler,2009,sp_teams,22,< 24,DAL,7,26,16,0
HarrisonButker22KAN2017,Harrison Butker,2017,sp_teams,22,< 24,KAN,9,55,13,0
BillyCundiff22DAL2002,Billy Cundiff,2002,sp_teams,22,< 24,DAL,Undrafted,Undrafted,16,0
MichaelDickson22SEA2018,Michael Dickson,2018,sp_teams,22,< 24,SEA,Undrafted,Undrafted,7,0
PaulEdinger22CHI2000,Paul Edinger,2000,sp_teams,22,< 24,CHI,8,27,16,0
JakeElliott22PHI2017,Jake Elliott,2017,sp_teams,22,< 24,PHI,7,15,15,0
HaydenEpstein222TM2002,Hayden Epstein,2002,sp_teams,22,< 24,2TM,9,58,15,0
AndrewFranks22MIA2015,Andrew Franks,2015,sp_teams,22,< 24,MIA,Undrafted,Undrafted,16,0
GrahamGano22WAS2009,Graham Gano,2009,sp_teams,22,< 24,WAS,Undrafted,Undrafted,4,0
ZaneGonzalez22CLE2017,Zane Gonzalez,2017,sp_teams,22,< 24,CLE,9,50,16,0
StephenGostkowski22NWE2006,Stephen Gostkowski,2006,sp_teams,22,< 24,NWE,6,6,16,0
GarrettHartley22NOR2008,Garrett Hartley,2008,sp_teams,22,< 24,NOR,Undrafted,Undrafted,8,0
JohnnyHekker22STL2012,Johnny Hekker,2012,sp_teams,22,< 24,STL,Undrafted,Undrafted,16,0
ChasHenry22PHI2011,Chas Henry,2011,sp_teams,22,< 24,PHI,Undrafted,Undrafted,16,0
SebastianJanikowski22OAK2000,Sebastian Janikowski,2000,sp_teams,22,< 24,OAK,1,24,14,0
EddieJohnson22MIN2003,Eddie Johnson,2003,sp_teams,22,< 24,MIN,8,32,14,0
ChrisJones22DAL2011,Chris Jones,2011,sp_teams,22,< 24,DAL,Undrafted,Undrafted,2,0
NateKaeding22SDG2004,Nate Kaeding,2004,sp_teams,22,< 24,SDG,5,69,16,0
BrettKern22DEN2008,Brett Kern,2008,sp_teams,22,< 24,DEN,Undrafted,Undrafted,16,0
AndyLee22SFO2004,Andy Lee,2004,sp_teams,22,< 24,SFO,8,34,16,0
WilLutz22NOR2016,Wil Lutz,2016,sp_teams,22,< 24,NOR,Undrafted,Undrafted,16,0
RobertMalone22TAM2010,Robert Malone,2010,sp_teams,22,< 24,TAM,Undrafted,Undrafted,12,0
SethMarler22JAX2003,Seth Marler,2003,sp_teams,22,< 24,JAX,Undrafted,Undrafted,16,0
PatMcAfee22IND2009,Pat McAfee,2009,sp_teams,22,< 24,IND,9,48,16,0
CodyParkey22PHI2014,Cody Parkey,2014,sp_teams,22,< 24,PHI,Undrafted,Undrafted,16,0
BradleyPinion22SFO2016,Bradley Pinion,2016,sp_teams,22,< 24,SFO,7,20,16,0
RyanPlackemeier22SEA2006,Ryan Plackemeier,2006,sp_teams,22,< 24,SEA,9,57,16,0
JoshScobee22JAX2004,Josh Scobee,2004,sp_teams,22,< 24,JAX,7,9,16,0
JKScott22GNB2018,JK Scott,2018,sp_teams,22,< 24,GNB,Undrafted,Undrafted,7,0
BlairWalsh22MIN2012,Blair Walsh,2012,sp_teams,22,< 24,MIN,8,28,16,0
RyanAllen23NWE2013,Ryan Allen,2013,sp_teams,23,< 24,NWE,Undrafted,Undrafted,16,0
JakeArians23BUF2001,Jake Arians,2001,sp_teams,23,< 24,BUF,Undrafted,Undrafted,10,0
MikeBadgley23LAC2018,Mike Badgley,2018,sp_teams,23,< 24,LAC,Undrafted,Undrafted,2,0
DanBailey23DAL2011,Dan Bailey,2011,sp_teams,23,< 24,DAL,Undrafted,Undrafted,16,0
JasonBaker23SFO2001,Jason Baker,2001,sp_teams,23,< 24,SFO,Undrafted,Undrafted,16,0
JohnBaker23STL2000,John Baker,2000,sp_teams,23,< 24,STL,Undrafted,Undrafted,15,0
ConnorBarth23TAM2009,Connor Barth,2009,sp_teams,23,< 24,TAM,Undrafted,Undrafted,9,0
DurantBrooks23WAS2008,Durant Brooks,2008,sp_teams,23,< 24,WAS,8,22,6,0
DavidBuehler23DAL2010,David Buehler,2010,sp_teams,23,< 24,DAL,7,26,16,0
RandyBullock23HOU2012,Randy Bullock,2012,sp_teams,23,< 24,HOU,7,18,0,NA
HarrisonButker23KAN2018,Harrison Butker,2018,sp_teams,23,< 24,KAN,9,55,8,0
DrewButler23PIT2012,Drew Butler,2012,sp_teams,23,< 24,PIT,Undrafted,Undrafted,16,0
JorrickCalvin23PHI2010,Jorrick Calvin,2010,sp_teams,23,< 24,PHI,8,40,12,0
DanielCarlson232TM2018,Daniel Carlson,2018,sp_teams,23,< 24,2TM,Undrafted,Undrafted,4,0
DanCarpenter23MIA2008,Dan Carpenter,2008,sp_teams,23,< 24,MIA,Undrafted,Undrafted,16,0
ChandlerCatanzaro23ARI2014,Chandler Catanzaro,2014,sp_teams,23,< 24,ARI,Undrafted,Undrafted,16,0
JeffChandler23SFO2002,Jeff Chandler,2002,sp_teams,23,< 24,SFO,6,3,6,0
DustinColquitt23KAN2005,Dustin Colquitt,2005,sp_teams,23,< 24,KAN,5,82,16,0
LoganCooke23JAX2018,Logan Cooke,2018,sp_teams,23,< 24,JAX,Undrafted,Undrafted,8,0
TravisCoons23CLE2015,Travis Coons,2015,sp_teams,23,< 24,CLE,Undrafted,Undrafted,16,0
MasonCrosby23GNB2007,Mason Crosby,2007,sp_teams,23,< 24,GNB,8,37,16,0
BillyCundiff23DAL2003,Billy Cundiff,2003,sp_teams,23,< 24,DAL,Undrafted,Undrafted,15,0
MattDarr23MIA2015,Matt Darr,2015,sp_teams,23,< 24,MIA,Undrafted,Undrafted,16,0
RileyDixon23DEN2016,Riley Dixon,2016,sp_teams,23,< 24,DEN,9,52,16,0
MattDodge23NYG2010,Matt Dodge,2010,sp_teams,23,< 24,NYG,9,47,16,0
RyanDonahue23DET2011,Ryan Donahue,2011,sp_teams,23,< 24,DET,Undrafted,Undrafted,8,0
TravisDorsch23CIN2002,Travis Dorsch,2002,sp_teams,23,< 24,CIN,6,4,1,0
PaulEdinger23CHI2001,Paul Edinger,2001,sp_teams,23,< 24,CHI,8,27,16,0
JakeElliott23PHI2018,Jake Elliott,2018,sp_teams,23,< 24,PHI,7,15,8,0
PaulErnster23DEN2005,Paul Ernster,2005,sp_teams,23,< 24,DEN,9,57,1,0
Ka'imiFairbairn23HOU2017,Ka'imi Fairbairn,2017,sp_teams,23,< 24,HOU,Undrafted,Undrafted,16,0
BrandonFields23MIA2007,Brandon Fields,2007,sp_teams,23,< 24,MIA,9,51,16,0
NickFolk23DAL2007,Nick Folk,2007,sp_teams,23,< 24,DAL,8,30,16,0
AndrewFranks23MIA2016,Andrew Franks,2016,sp_teams,23,< 24,MIA,Undrafted,Undrafted,16,0
AndrewFurney23NYJ2014,Andrew Furney,2014,sp_teams,23,< 24,NYJ,Undrafted,Undrafted,0,NA
GrahamGano23WAS2010,Graham Gano,2010,sp_teams,23,< 24,WAS,Undrafted,Undrafted,16,0
ZaneGonzalez23CLE2018,Zane Gonzalez,2018,sp_teams,23,< 24,CLE,9,50,2,0
StephenGostkowski23NWE2007,Stephen Gostkowski,2007,sp_teams,23,< 24,NWE,6,6,16,0
BillGramatica23ARI2001,Bill Gramatica,2001,sp_teams,23,< 24,ARI,6,81,13,0
MattHaack23MIA2017,Matt Haack,2017,sp_teams,23,< 24,MIA,Undrafted,Undrafted,16,0
NickHarris23CIN2001,Nick Harris,2001,sp_teams,23,< 24,CIN,6,7,16,0
GarrettHartley23NOR2009,Garrett Hartley,2009,sp_teams,23,< 24,NOR,Undrafted,Undrafted,5,0
StevenHauschka23BAL2008,Steven Hauschka,2008,sp_teams,23,< 24,BAL,Undrafted,Undrafted,8,0
JohnnyHekker23STL2013,Johnny Hekker,2013,sp_teams,23,< 24,STL,Undrafted,Undrafted,16,0
ChasHenry23PHI2012,Chas Henry,2012,sp_teams,23,< 24,PHI,Undrafted,Undrafted,3,0
KrisHeppner232TM2000,Kris Heppner,2000,sp_teams,23,< 24,2TM,Undrafted,Undrafted,8,0
ReggieHodges232TM2005,Reggie Hodges,2005,sp_teams,23,< 24,2TM,8,44,8,0
SebastianJanikowski23OAK2001,Sebastian Janikowski,2001,sp_teams,23,< 24,OAK,1,24,15,0
CraigJarrett23WAS2002,Craig Jarrett,2002,sp_teams,23,< 24,WAS,8,38,4,0
J.R.Jenkins23BAL2002,J.R. Jenkins,2002,sp_teams,23,< 24,BAL,Undrafted,Undrafted,7,0
ChrisJones23DAL2012,Chris Jones,2012,sp_teams,23,< 24,DAL,Undrafted,Undrafted,4,0
NateKaeding23SDG2005,Nate Kaeding,2005,sp_teams,23,< 24,SDG,5,69,16,0
JeremyKapinos23NYJ2007,Jeremy Kapinos,2007,sp_teams,23,< 24,NYJ,Undrafted,Undrafted,1,0
DrewKaser23SDG2016,Drew Kaser,2016,sp_teams,23,< 24,SDG,8,31,16,0
BrettKern232TM2009,Brett Kern,2009,sp_teams,23,< 24,2TM,Undrafted,Undrafted,16,0
MichaelKoenen23ATL2005,Michael Koenen,2005,sp_teams,23,< 24,ATL,Undrafted,Undrafted,16,0
YounghoeKoo23LAC2017,Younghoe Koo,2017,sp_teams,23,< 24,LAC,Undrafted,Undrafted,4,0
AndyLee23SFO2005,Andy Lee,2005,sp_teams,23,< 24,SFO,8,34,16,0
RianLindell23SEA2000,Rian Lindell,2000,sp_teams,23,< 24,SEA,Undrafted,Undrafted,12,0
WilLutz23NOR2017,Wil Lutz,2017,sp_teams,23,< 24,NOR,Undrafted,Undrafted,16,0
RobertMalone23DET2011,Robert Malone,2011,sp_teams,23,< 24,DET,Undrafted,Undrafted,1,0
SamMartin23DET2013,Sam Martin,2013,sp_teams,23,< 24,DET,7,20,16,0
TimMasthay23GNB2010,Tim Masthay,2010,sp_teams,23,< 24,GNB,Undrafted,Undrafted,16,0
PatMcAfee23IND2010,Pat McAfee,2010,sp_teams,23,< 24,IND,9,48,15,0
BrandonMcManus23DEN2014,Brandon McManus,2014,sp_teams,23,< 24,DEN,Undrafted,Undrafted,15,0
TaylorMehlhaff23NOR2008,Taylor Mehlhaff,2008,sp_teams,23,< 24,NOR,8,30,3,0
ThomasMorstead23NOR2009,Thomas Morstead,2009,sp_teams,23,< 24,NOR,7,19,16,0
PatrickMurray23TAM2014,Patrick Murray,2014,sp_teams,23,< 24,TAM,Undrafted,Undrafted,16,0
BradNortman23CAR2012,Brad Nortman,2012,sp_teams,23,< 24,CAR,8,43,16,0
MikeNugent23NYJ2005,Mike Nugent,2005,sp_teams,23,< 24,NYJ,4,64,16,0
PatO'Donnell23CHI2014,Pat O'Donnell,2014,sp_teams,23,< 24,CHI,8,35,16,0
CodyParkey23PHI2015,Cody Parkey,2015,sp_teams,23,< 24,PHI,Undrafted,Undrafted,3,0
SamPaulescu23DEN2007,Sam Paulescu,2007,sp_teams,23,< 24,DEN,Undrafted,Undrafted,1,0
BradleyPinion23SFO2017,Bradley Pinion,2017,sp_teams,23,< 24,SFO,7,20,16,0
RyanPlackemeier23SEA2007,Ryan Plackemeier,2007,sp_teams,23,< 24,SEA,9,57,16,0
JohnPotter23WAS2013,John Potter,2013,sp_teams,23,< 24,WAS,9,59,3,0
MattPrater232TM2007,Matt Prater,2007,sp_teams,23,< 24,2TM,Undrafted,Undrafted,4,0
RyanQuigley23NYJ2013,Ryan Quigley,2013,sp_teams,23,< 24,NYJ,Undrafted,Undrafted,14,0
DaveRayner23IND2005,Dave Rayner,2005,sp_teams,23,< 24,IND,8,41,14,0
JeffReed23PIT2002,Jeff Reed,2002,sp_teams,23,< 24,PIT,Undrafted,Undrafted,6,0
AldrickRosas23NYG2017,Aldrick Rosas,2017,sp_teams,23,< 24,NYG,Undrafted,Undrafted,16,0
NickRose232TM2017,Nick Rose,2017,sp_teams,23,< 24,2TM,Undrafted,Undrafted,10,0
RigobertoSanchez23IND2017,Rigoberto Sanchez,2017,sp_teams,23,< 24,IND,Undrafted,Undrafted,16,0
JasonSanders23MIA2018,Jason Sanders,2018,sp_teams,23,< 24,MIA,Undrafted,Undrafted,8,0
CairoSantos23KAN2014,Cairo Santos,2014,sp_teams,23,< 24,KAN,Undrafted,Undrafted,16,0
MikeScifres23SDG2003,Mike Scifres,2003,sp_teams,23,< 24,SDG,7,13,6,0
JoshScobee23JAX2005,Josh Scobee,2005,sp_teams,23,< 24,JAX,7,9,16,0
DanielSepulveda23PIT2007,Daniel Sepulveda,2007,sp_teams,23,< 24,PIT,6,5,16,0
HunterSmith23IND2000,Hunter Smith,2000,sp_teams,23,< 24,IND,9,44,16,0
RyanSuccop23KAN2009,Ryan Succop,2009,sp_teams,23,< 24,KAN,9,61,16,0
JohnnyTownsend23OAK2018,Johnny Townsend,2018,sp_teams,23,< 24,OAK,Undrafted,Undrafted,8,0
JustinTucker23BAL2012,Justin Tucker,2012,sp_teams,23,< 24,BAL,Undrafted,Undrafted,16,0
ColbyWadman23DEN2018,Colby Wadman,2018,sp_teams,23,< 24,DEN,Undrafted,Undrafted,4,0
BlairWalsh23MIN2013,Blair Walsh,2013,sp_teams,23,< 24,MIN,8,28,16,0
BradWing23PIT2014,Brad Wing,2014,sp_teams,23,< 24,PIT,Undrafted,Undrafted,16,0
RyanAllen24NWE2014,Ryan Allen,2014,sp_teams,24,< 24,NWE,Undrafted,Undrafted,16,0
BryanAnger24JAX2012,Bryan Anger,2012,sp_teams,24,< 24,JAX,5,71,16,0
DanBailey24DAL2012,Dan Bailey,2012,sp_teams,24,< 24,DAL,Undrafted,Undrafted,16,0
JasonBaker242TM2002,Jason Baker,2002,sp_teams,24,< 24,2TM,Undrafted,Undrafted,13,0
JohnBaker24STL2001,John Baker,2001,sp_teams,24,< 24,STL,Undrafted,Undrafted,16,0
BrooksBarnard24NWE2003,Brooks Barnard,2003,sp_teams,24,< 24,NWE,Undrafted,Undrafted,1,0
ConnorBarth24TAM2010,Connor Barth,2010,sp_teams,24,< 24,TAM,Undrafted,Undrafted,16,0
BrentBartholomew24CHI2000,Brent Bartholomew,2000,sp_teams,24,< 24,CHI,8,36,7,0
JordanBerry24PIT2015,Jordan Berry,2015,sp_teams,24,< 24,PIT,Undrafted,Undrafted,16,0
JoshBidwell24GNB2000,Josh Bidwell,2000,sp_teams,24,< 24,GNB,6,8,16,0
MatthewBosher24ATL2011,Matthew Bosher,2011,sp_teams,24,< 24,ATL,8,36,16,0
ChrisBoswell24PIT2015,Chris Boswell,2015,sp_teams,24,< 24,PIT,Undrafted,Undrafted,12,0
DannyBoyd24JAX2002,Danny Boyd,2002,sp_teams,24,< 24,JAX,Undrafted,Undrafted,4,0
JoshBrown24SEA2003,Josh Brown,2003,sp_teams,24,< 24,SEA,9,48,16,0
KrisBrown24PIT2000,Kris Brown,2000,sp_teams,24,< 24,PIT,9,52,16,0
DavidBuehler24DAL2011,David Buehler,2011,sp_teams,24,< 24,DAL,7,26,4,0
RandyBullock24HOU2013,Randy Bullock,2013,sp_teams,24,< 24,HOU,7,18,16,0
BarryCantrell24DAL2000,Barry Cantrell,2000,sp_teams,24,< 24,DAL,Undrafted,Undrafted,2,0
DanCarpenter24MIA2009,Dan Carpenter,2009,sp_teams,24,< 24,MIA,Undrafted,Undrafted,16,0
ToddCarter24CAR2010,Todd Carter,2010,sp_teams,24,< 24,CAR,Undrafted,Undrafted,1,0
ChandlerCatanzaro24ARI2015,Chandler Catanzaro,2015,sp_teams,24,< 24,ARI,Undrafted,Undrafted,16,0
JeffChandler24SFO2003,Jeff Chandler,2003,sp_teams,24,< 24,SFO,6,3,2,0
JadeveonClowney24HOU2017,Jadeveon Clowney,2017,sp_teams,24,< 24,HOU,1,1,16,16
DustinColquitt24KAN2006,Dustin Colquitt,2006,sp_teams,24,< 24,KAN,5,82,16,0
MasonCrosby24GNB2008,Mason Crosby,2008,sp_teams,24,< 24,GNB,8,37,16,0
BillyCundiff24DAL2004,Billy Cundiff,2004,sp_teams,24,< 24,DAL,Undrafted,Undrafted,16,0
TrevorDaniel24HOU2018,Trevor Daniel,2018,sp_teams,24,< 24,HOU,Undrafted,Undrafted,8,0
MattDarr24MIA2016,Matt Darr,2016,sp_teams,24,< 24,MIA,Undrafted,Undrafted,16,0
RileyDixon24DEN2017,Riley Dixon,2017,sp_teams,24,< 24,DEN,9,52,16,0
TimDuncan24ARI2003,Tim Duncan,2003,sp_teams,24,< 24,ARI,Undrafted,Undrafted,5,0
PaulEdinger24CHI2002,Paul Edinger,2002,sp_teams,24,< 24,CHI,8,27,16,0
LacEdwards24NYJ2016,Lac Edwards,2016,sp_teams,24,< 24,NYJ,9,56,16,0
PaulErnster24DEN2006,Paul Ernster,2006,sp_teams,24,< 24,DEN,9,57,16,0
Ka'imiFairbairn24HOU2018,Ka'imi Fairbairn,2018,sp_teams,24,< 24,HOU,Undrafted,Undrafted,8,0
BrandonFields24MIA2008,Brandon Fields,2008,sp_teams,24,< 24,MIA,9,51,16,0
NickFolk24DAL2008,Nick Folk,2008,sp_teams,24,< 24,DAL,8,30,16,0
NateFreese24DET2014,Nate Freese,2014,sp_teams,24,< 24,DET,9,53,3,0
DerrickFrost24CLE2004,Derrick Frost,2004,sp_teams,24,< 24,CLE,Undrafted,Undrafted,16,0
GrahamGano24WAS2011,Graham Gano,2011,sp_teams,24,< 24,WAS,Undrafted,Undrafted,16,0
JordanGay24BUF2014,Jordan Gay,2014,sp_teams,24,< 24,BUF,Undrafted,Undrafted,16,0
KennyGolladay24DET2017,Kenny Golladay,2017,sp_teams,24,< 24,DET,5,80,11,5
StephenGostkowski24NWE2008,Stephen Gostkowski,2008,sp_teams,24,< 24,NWE,6,6,16,0
RobbieGould24CHI2005,Robbie Gould,2005,sp_teams,24,< 24,CHI,Undrafted,Undrafted,13,0
ShayneGraham24BUF2001,Shayne Graham,2001,sp_teams,24,< 24,BUF,Undrafted,Undrafted,6,0
BillGramatica24ARI2002,Bill Gramatica,2002,sp_teams,24,< 24,ARI,6,81,16,0
MattHaack24MIA2018,Matt Haack,2018,sp_teams,24,< 24,MIA,Undrafted,Undrafted,8,0
JeffHall24STL2000,Jeff Hall,2000,sp_teams,24,< 24,STL,8,33,3,0
NickHarris24CIN2002,Nick Harris,2002,sp_teams,24,< 24,CIN,6,7,15,0
GarrettHartley24NOR2010,Garrett Hartley,2010,sp_teams,24,< 24,NOR,Undrafted,Undrafted,14,0
BrettHartmann24HOU2011,Brett Hartmann,2011,sp_teams,24,< 24,HOU,Undrafted,Undrafted,12,0
StevenHauschka24BAL2009,Steven Hauschka,2009,sp_teams,24,< 24,BAL,Undrafted,Undrafted,9,0
JohnnyHekker24STL2014,Johnny Hekker,2014,sp_teams,24,< 24,STL,Undrafted,Undrafted,16,0
AlexHenery24PHI2011,Alex Henery,2011,sp_teams,24,< 24,PHI,6,7,16,0
ZachHocker242TM2015,Zach Hocker,2015,sp_teams,24,< 24,2TM,9,52,8,0
JaretHolmes24NYG2000,Jaret Holmes,2000,sp_teams,24,< 24,NYG,Undrafted,Undrafted,4,0
DustinHopkins24NOR2014,Dustin Hopkins,2014,sp_teams,24,< 24,NOR,8,29,0,NA
KevinHuber24CIN2009,Kevin Huber,2009,sp_teams,24,< 24,CIN,7,11,16,0
SebastianJanikowski24OAK2002,Sebastian Janikowski,2002,sp_teams,24,< 24,OAK,1,24,16,0
ChrisJones24DAL2013,Chris Jones,2013,sp_teams,24,< 24,DAL,Undrafted,Undrafted,16,0
DonnieJones24SEA2004,Donnie Jones,2004,sp_teams,24,< 24,SEA,9,50,6,0
GregJoseph24CLE2018,Greg Joseph,2018,sp_teams,24,< 24,CLE,Undrafted,Undrafted,6,0
NateKaeding24SDG2006,Nate Kaeding,2006,sp_teams,24,< 24,SDG,5,69,16,0
JeremyKapinos24GNB2008,Jeremy Kapinos,2008,sp_teams,24,< 24,GNB,Undrafted,Undrafted,4,0
DrewKaser24LAC2017,Drew Kaser,2017,sp_teams,24,< 24,LAC,8,31,16,0
BrettKern24TEN2010,Brett Kern,2010,sp_teams,24,< 24,TEN,Undrafted,Undrafted,16,0
MarquetteKing24OAK2012,Marquette King,2012,sp_teams,24,< 24,OAK,Undrafted,Undrafted,0,NA
ChrisKluwe24MIN2005,Chris Kluwe,2005,sp_teams,24,< 24,MIN,Undrafted,Undrafted,15,0
SamKoch24BAL2006,Sam Koch,2006,sp_teams,24,< 24,BAL,8,42,16,0
MichaelKoenen24ATL2006,Michael Koenen,2006,sp_teams,24,< 24,ATL,Undrafted,Undrafted,16,0
KyleLarson24CIN2004,Kyle Larson,2004,sp_teams,24,< 24,CIN,Undrafted,Undrafted,16,0
ShaneLechler24OAK2000,Shane Lechler,2000,sp_teams,24,< 24,OAK,7,11,16,0
AndyLee24SFO2006,Andy Lee,2006,sp_teams,24,< 24,SFO,8,34,16,0
RianLindell24SEA2001,Rian Lindell,2001,sp_teams,24,< 24,SEA,Undrafted,Undrafted,16,0
JeffLocke24MIN2013,Jeff Locke,2013,sp_teams,24,< 24,MIN,7,16,16,0
WilLutz24NOR2018,Wil Lutz,2018,sp_teams,24,< 24,NOR,Undrafted,Undrafted,7,0
RobertMalone24NYJ2012,Robert Malone,2012,sp_teams,24,< 24,NYJ,Undrafted,Undrafted,16,0
SamMartin24DET2014,Sam Martin,2014,sp_teams,24,< 24,DET,7,20,16,0
TimMasthay24GNB2011,Tim Masthay,2011,sp_teams,24,< 24,GNB,Undrafted,Undrafted,16,0
PatMcAfee24IND2011,Pat McAfee,2011,sp_teams,24,< 24,IND,9,48,16,0
MatthewMcCrane24OAK2018,Matthew McCrane,2018,sp_teams,24,< 24,OAK,Undrafted,Undrafted,3,0
BrandonMcManus24DEN2015,Brandon McManus,2015,sp_teams,24,< 24,DEN,Undrafted,Undrafted,16,0
JustinMedlock24KAN2007,Justin Medlock,2007,sp_teams,24,< 24,KAN,7,17,1,0
ZoltanMesko24NWE2010,Zoltan Mesko,2010,sp_teams,24,< 24,NWE,7,14,16,0
ThomasMorstead24NOR2010,Thomas Morstead,2010,sp_teams,24,< 24,NOR,7,19,16,0
JasonMyers24JAX2015,Jason Myers,2015,sp_teams,24,< 24,JAX,Undrafted,Undrafted,16,0
DallasNeil24ATL2000,Dallas Neil,2000,sp_teams,24,< 24,ATL,Undrafted,Undrafted,6,0
BradNortman24CAR2013,Brad Nortman,2013,sp_teams,24,< 24,CAR,8,43,16,0
NickNovak242TM2005,Nick Novak,2005,sp_teams,24,< 24,2TM,Undrafted,Undrafted,10,0
MikeNugent24NYJ2006,Mike Nugent,2006,sp_teams,24,< 24,NYJ,4,64,16,0
PatO'Donnell24CHI2015,Pat O'Donnell,2015,sp_teams,24,< 24,CHI,8,35,15,0
CedricOglesby24ARI2001,Cedric Oglesby,2001,sp_teams,24,< 24,ARI,Undrafted,Undrafted,3,0
MichaelPalardy24CAR2016,Michael Palardy,2016,sp_teams,24,< 24,CAR,Undrafted,Undrafted,7,0
CodyParkey24CLE2016,Cody Parkey,2016,sp_teams,24,< 24,CLE,Undrafted,Undrafted,14,0
SamPaulescu24DAL2008,Sam Paulescu,2008,sp_teams,24,< 24,DAL,Undrafted,Undrafted,10,0
AaronPettrey24CIN2010,Aaron Pettrey,2010,sp_teams,24,< 24,CIN,Undrafted,Undrafted,2,0
BradleyPinion24SFO2018,Bradley Pinion,2018,sp_teams,24,< 24,SFO,7,20,9,0
RyanPlackemeier242TM2008,Ryan Plackemeier,2008,sp_teams,24,< 24,2TM,9,57,11,0
OwenPochman24NYG2001,Owen Pochman,2001,sp_teams,24,< 24,NYG,9,45,10,0
AdamPodlesh24JAX2007,Adam Podlesh,2007,sp_teams,24,< 24,JAX,6,2,16,0
ShawnPowell24BUF2012,Shawn Powell,2012,sp_teams,24,< 24,BUF,Undrafted,Undrafted,13,0
MattPrater24DEN2008,Matt Prater,2008,sp_teams,24,< 24,DEN,Undrafted,Undrafted,16,0
RyanQuigley24NYJ2014,Ryan Quigley,2014,sp_teams,24,< 24,NYJ,Undrafted,Undrafted,16,0
NeilRackers24CIN2000,Neil Rackers,2000,sp_teams,24,< 24,CIN,8,23,16,0
DaveRayner24GNB2006,Dave Rayner,2006,sp_teams,24,< 24,GNB,8,41,16,0
JeffReed24PIT2003,Jeff Reed,2003,sp_teams,24,< 24,PIT,Undrafted,Undrafted,16,0
WadeRichey24SFO2000,Wade Richey,2000,sp_teams,24,< 24,SFO,Undrafted,Undrafted,16,0
AldrickRosas24NYG2018,Aldrick Rosas,2018,sp_teams,24,< 24,NYG,Undrafted,Undrafted,8,0
RigobertoSanchez24IND2018,Rigoberto Sanchez,2018,sp_teams,24,< 24,IND,Undrafted,Undrafted,8,0
CairoSantos24KAN2015,Cairo Santos,2015,sp_teams,24,< 24,KAN,Undrafted,Undrafted,16,0
ColtonSchmidt24BUF2014,Colton Schmidt,2014,sp_teams,24,< 24,BUF,Undrafted,Undrafted,16,0
RickySchmitt24SFO2009,Ricky Schmitt,2009,sp_teams,24,< 24,SFO,Undrafted,Undrafted,1,0
MikeScifres24SDG2004,Mike Scifres,2004,sp_teams,24,< 24,SDG,7,13,16,0
JoshScobee24JAX2006,Josh Scobee,2006,sp_teams,24,< 24,JAX,7,9,16,0
HunterSmith24IND2001,Hunter Smith,2001,sp_teams,24,< 24,IND,9,44,16,0
ChadStanley24SFO2000,Chad Stanley,2000,sp_teams,24,< 24,SFO,Undrafted,Undrafted,16,0
KevinStemke24OAK2002,Kevin Stemke,2002,sp_teams,24,< 24,OAK,Undrafted,Undrafted,2,0
CalebSturgis24MIA2013,Caleb Sturgis,2013,sp_teams,24,< 24,MIA,7,21,16,0
RyanSuccop24KAN2010,Ryan Succop,2010,sp_teams,24,< 24,KAN,9,61,16,0
ShaunSuisham24DAL2005,Shaun Suisham,2005,sp_teams,24,< 24,DAL,Undrafted,Undrafted,3,0
MattSzymanski24KAN2012,Matt Szymanski,2012,sp_teams,24,< 24,KAN,Undrafted,Undrafted,0,NA
JustinTucker24BAL2013,Justin Tucker,2013,sp_teams,24,< 24,BAL,Undrafted,Undrafted,16,0
JustinVogel24GNB2017,Justin Vogel,2017,sp_teams,24,< 24,GNB,Undrafted,Undrafted,16,0
BlairWalsh24MIN2014,Blair Walsh,2014,sp_teams,24,< 24,MIN,8,28,16,0
TressWay24WAS2014,Tress Way,2014,sp_teams,24,< 24,WAS,Undrafted,Undrafted,16,0
SteveWeatherford24NOR2006,Steve Weatherford,2006,sp_teams,24,< 24,NOR,Undrafted,Undrafted,16,0
MattWile242TM2016,Matt Wile,2016,sp_teams,24,< 24,2TM,Undrafted,Undrafted,4,0
RodneyWilliams24NYG2001,Rodney Williams,2001,sp_teams,24,< 24,NYG,9,60,15,0
BradWing24NYG2015,Brad Wing,2015,sp_teams,24,< 24,NYG,Undrafted,Undrafted,16,0
DaveZastudil24BAL2002,Dave Zastudil,2002,sp_teams,24,< 24,BAL,6,5,16,0
MattAllen25NYG2002,Matt Allen,2002,sp_teams,25,25-28,NYG,Undrafted,Undrafted,14,0
RyanAllen25NWE2015,Ryan Allen,2015,sp_teams,25,25-28,NWE,Undrafted,Undrafted,16,0
BryanAnger25JAX2013,Bryan Anger,2013,sp_teams,25,25-28,JAX,5,71,16,0
DanBailey25DAL2013,Dan Bailey,2013,sp_teams,25,25-28,DAL,Undrafted,Undrafted,16,0
JasonBaker25KAN2003,Jason Baker,2003,sp_teams,25,25-28,KAN,Undrafted,Undrafted,16,0
ConnorBarth25TAM2011,Connor Barth,2011,sp_teams,25,25-28,TAM,Undrafted,Undrafted,16,0
JordanBerry25PIT2016,Jordan Berry,2016,sp_teams,25,25-28,PIT,Undrafted,Undrafted,16,0
JoshBidwell25GNB2001,Josh Bidwell,2001,sp_teams,25,25-28,GNB,6,8,16,0
MatthewBosher25ATL2012,Matthew Bosher,2012,sp_teams,25,25-28,ATL,8,36,16,0
ChrisBoswell25PIT2016,Chris Boswell,2016,sp_teams,25,25-28,PIT,Undrafted,Undrafted,15,0
JoshBrown25SEA2004,Josh Brown,2004,sp_teams,25,25-28,SEA,9,48,16,0
KrisBrown25PIT2001,Kris Brown,2001,sp_teams,25,25-28,PIT,9,52,16,0
RandyBullock25HOU2014,Randy Bullock,2014,sp_teams,25,25-28,HOU,7,18,16,0
DrewButler25ARI2014,Drew Butler,2014,sp_teams,25,25-28,ARI,Undrafted,Undrafted,15,0
DanCarpenter25MIA2010,Dan Carpenter,2010,sp_teams,25,25-28,MIA,Undrafted,Undrafted,16,0
ChandlerCatanzaro25ARI2016,Chandler Catanzaro,2016,sp_teams,25,25-28,ARI,Undrafted,Undrafted,16,0
JeffChandler252TM2004,Jeff Chandler,2004,sp_teams,25,25-28,2TM,6,3,5,0
BrittonColquitt25DEN2010,Britton Colquitt,2010,sp_teams,25,25-28,DEN,Undrafted,Undrafted,16,0
DustinColquitt25KAN2007,Dustin Colquitt,2007,sp_teams,25,25-28,KAN,5,82,16,0
BrettConway253TM2000,Brett Conway,2000,sp_teams,25,25-28,3TM,5,78,4,0
TravisCoons25LAC2017,Travis Coons,2017,sp_teams,25,25-28,LAC,Undrafted,Undrafted,3,0
MasonCrosby25GNB2009,Mason Crosby,2009,sp_teams,25,25-28,GNB,8,37,16,0
BillyCundiff25DAL2005,Billy Cundiff,2005,sp_teams,25,25-28,DAL,Undrafted,Undrafted,6,0
PhilDawson25CLE2000,Phil Dawson,2000,sp_teams,25,25-28,CLE,Undrafted,Undrafted,16,0
RileyDixon25NYG2018,Riley Dixon,2018,sp_teams,25,25-28,NYG,9,52,8,0
KingDunlap25PHI2010,King Dunlap,2010,sp_teams,25,25-28,PHI,9,54,14,5
PaulEdinger25CHI2003,Paul Edinger,2003,sp_teams,25,25-28,CHI,8,27,16,0
LacEdwards25NYJ2017,Lac Edwards,2017,sp_teams,25,25-28,NYJ,9,56,16,0
AaronElling25MIN2003,Aaron Elling,2003,sp_teams,25,25-28,MIN,Undrafted,Undrafted,16,0
PaulErnster252TM2007,Paul Ernster,2007,sp_teams,25,25-28,2TM,9,57,2,0
JayFeely25ATL2001,Jay Feely,2001,sp_teams,25,25-28,ATL,Undrafted,Undrafted,16,0
SamFicken25LAR2017,Sam Ficken,2017,sp_teams,25,25-28,LAR,Undrafted,Undrafted,2,0
BrandonFields25MIA2009,Brandon Fields,2009,sp_teams,25,25-28,MIA,9,51,16,0
FilipFilipovic25DAL2002,Filip Filipovic,2002,sp_teams,25,25-28,DAL,Undrafted,Undrafted,9,0
RyanFlinn25GNB2005,Ryan Flinn,2005,sp_teams,25,25-28,GNB,Undrafted,Undrafted,2,0
NickFolk25DAL2009,Nick Folk,2009,sp_teams,25,25-28,DAL,8,30,14,0
KaiForbath25WAS2012,Kai Forbath,2012,sp_teams,25,25-28,WAS,Undrafted,Undrafted,11,0
ToddFrance252TM2005,Todd France,2005,sp_teams,25,25-28,2TM,Undrafted,Undrafted,4,0
DerrickFrost25WAS2005,Derrick Frost,2005,sp_teams,25,25-28,WAS,Undrafted,Undrafted,14,0
GrahamGano25CAR2012,Graham Gano,2012,sp_teams,25,25-28,CAR,Undrafted,Undrafted,6,0
JordanGay25BUF2015,Jordan Gay,2015,sp_teams,25,25-28,BUF,Undrafted,Undrafted,14,0
StephenGostkowski25NWE2009,Stephen Gostkowski,2009,sp_teams,25,25-28,NWE,6,6,16,0
RobbieGould25CHI2006,Robbie Gould,2006,sp_teams,25,25-28,CHI,Undrafted,Undrafted,16,0
TobyGowin25NOR2000,Toby Gowin,2000,sp_teams,25,25-28,NOR,Undrafted,Undrafted,16,0
ShayneGraham25CAR2002,Shayne Graham,2002,sp_teams,25,25-28,CAR,Undrafted,Undrafted,11,0
BillGramatica25ARI2003,Bill Gramatica,2003,sp_teams,25,25-28,ARI,6,81,4,0
MartinGramatica25TAM2000,Martin Gramatica,2000,sp_teams,25,25-28,TAM,5,74,16,0
ChrisHanson25JAX2001,Chris Hanson,2001,sp_teams,25,25-28,JAX,Undrafted,Undrafted,16,0
NickHarris252TM2003,Nick Harris,2003,sp_teams,25,25-28,2TM,6,7,16,0
StevenHauschka25DEN2010,Steven Hauschka,2010,sp_teams,25,25-28,DEN,Undrafted,Undrafted,4,0
JohnnyHekker25STL2015,Johnny Hekker,2015,sp_teams,25,25-28,STL,Undrafted,Undrafted,16,0
AlexHenery25PHI2012,Alex Henery,2012,sp_teams,25,25-28,PHI,6,7,16,0
JaretHolmes25JAX2001,Jaret Holmes,2001,sp_teams,25,25-28,JAX,Undrafted,Undrafted,4,0
DustinHopkins25WAS2015,Dustin Hopkins,2015,sp_teams,25,25-28,WAS,8,29,15,0
KevinHuber25CIN2010,Kevin Huber,2010,sp_teams,25,25-28,CIN,7,11,16,0
SebastianJanikowski25OAK2003,Sebastian Janikowski,2003,sp_teams,25,25-28,OAK,1,24,16,0
ChrisJones25DAL2014,Chris Jones,2014,sp_teams,25,25-28,DAL,Undrafted,Undrafted,16,0
DonnieJones25MIA2005,Donnie Jones,2005,sp_teams,25,25-28,MIA,9,50,16,0
NateKaeding25SDG2007,Nate Kaeding,2007,sp_teams,25,25-28,SDG,5,69,16,0
JeremyKapinos25GNB2009,Jeremy Kapinos,2009,sp_teams,25,25-28,GNB,Undrafted,Undrafted,16,0
DrewKaser25LAC2018,Drew Kaser,2018,sp_teams,25,25-28,LAC,8,31,4,0
BrettKern25TEN2011,Brett Kern,2011,sp_teams,25,25-28,TEN,Undrafted,Undrafted,16,0
MarquetteKing25OAK2013,Marquette King,2013,sp_teams,25,25-28,OAK,Undrafted,Undrafted,16,0
ChrisKluwe25MIN2006,Chris Kluwe,2006,sp_teams,25,25-28,MIN,Undrafted,Undrafted,16,0
MicahKnorr25DAL2000,Micah Knorr,2000,sp_teams,25,25-28,DAL,Undrafted,Undrafted,14,0
SamKoch25BAL2007,Sam Koch,2007,sp_teams,25,25-28,BAL,8,42,16,0
MarshallKoehn25CIN2017,Marshall Koehn,2017,sp_teams,25,25-28,CIN,Undrafted,Undrafted,1,0
MichaelKoenen25ATL2007,Michael Koenen,2007,sp_teams,25,25-28,ATL,Undrafted,Undrafted,16,0
JoshLambo25SDG2015,Josh Lambo,2015,sp_teams,25,25-28,SDG,Undrafted,Undrafted,16,0
SpencerLanning25CLE2013,Spencer Lanning,2013,sp_teams,25,25-28,CLE,Undrafted,Undrafted,16,0
KyleLarson25CIN2005,Kyle Larson,2005,sp_teams,25,25-28,CIN,Undrafted,Undrafted,16,0
ShaneLechler25OAK2001,Shane Lechler,2001,sp_teams,25,25-28,OAK,7,11,16,0
AndyLee25SFO2007,Andy Lee,2007,sp_teams,25,25-28,SFO,8,34,16,0
RianLindell25SEA2002,Rian Lindell,2002,sp_teams,25,25-28,SEA,Undrafted,Undrafted,16,0
RhysLloyd252TM2007,Rhys Lloyd,2007,sp_teams,25,25-28,2TM,Undrafted,Undrafted,3,0
JeffLocke25MIN2014,Jeff Locke,2014,sp_teams,25,25-28,MIN,7,16,16,0
RobertMalone25NYJ2013,Robert Malone,2013,sp_teams,25,25-28,NYJ,Undrafted,Undrafted,2,0
SamMartin25DET2015,Sam Martin,2015,sp_teams,25,25-28,DET,7,20,16,0
TimMasthay25GNB2012,Tim Masthay,2012,sp_teams,25,25-28,GNB,Undrafted,Undrafted,16,0
PatMcAfee25IND2012,Pat McAfee,2012,sp_teams,25,25-28,IND,9,48,16,0
MatMcBriar25DAL2004,Mat McBriar,2004,sp_teams,25,25-28,DAL,Undrafted,Undrafted,16,0
BrandonMcManus25DEN2016,Brandon McManus,2016,sp_teams,25,25-28,DEN,Undrafted,Undrafted,16,0
ZoltanMesko25NWE2011,Zoltan Mesko,2011,sp_teams,25,25-28,NWE,7,14,16,0
BrianMoorman25BUF2001,Brian Moorman,2001,sp_teams,25,25-28,BUF,Undrafted,Undrafted,16,0
ThomasMorstead25NOR2011,Thomas Morstead,2011,sp_teams,25,25-28,NOR,7,19,16,0
NickMurphy252TM2004,Nick Murphy,2004,sp_teams,25,25-28,2TM,Undrafted,Undrafted,5,0
PatrickMurray25CLE2016,Patrick Murray,2016,sp_teams,25,25-28,CLE,Undrafted,Undrafted,2,0
JasonMyers25JAX2016,Jason Myers,2016,sp_teams,25,25-28,JAX,Undrafted,Undrafted,16,0
BradNortman25CAR2014,Brad Nortman,2014,sp_teams,25,25-28,CAR,8,43,16,0
NickNovak25WAS2006,Nick Novak,2006,sp_teams,25,25-28,WAS,Undrafted,Undrafted,6,0
MikeNugent25NYJ2007,Mike Nugent,2007,sp_teams,25,25-28,NYJ,4,64,16,0
PatO'Donnell25CHI2016,Pat O'Donnell,2016,sp_teams,25,25-28,CHI,8,35,16,0
MichaelPalardy25CAR2017,Michael Palardy,2017,sp_teams,25,25-28,CAR,Undrafted,Undrafted,16,0
CodyParkey25MIA2017,Cody Parkey,2017,sp_teams,25,25-28,MIA,Undrafted,Undrafted,16,0
SamPaulescu252TM2009,Sam Paulescu,2009,sp_teams,25,25-28,2TM,Undrafted,Undrafted,6,0
AdamPodlesh25JAX2008,Adam Podlesh,2008,sp_teams,25,25-28,JAX,6,2,11,0
DanielPope25CIN2000,Daniel Pope,2000,sp_teams,25,25-28,CIN,Undrafted,Undrafted,16,0
ShawnPowell252TM2013,Shawn Powell,2013,sp_teams,25,25-28,2TM,Undrafted,Undrafted,7,0
MattPrater25DEN2009,Matt Prater,2009,sp_teams,25,25-28,DEN,Undrafted,Undrafted,16,0
RyanQuigley25NYJ2015,Ryan Quigley,2015,sp_teams,25,25-28,NYJ,Undrafted,Undrafted,15,0
NeilRackers25CIN2001,Neil Rackers,2001,sp_teams,25,25-28,CIN,8,23,16,0
DaveRayner252TM2007,Dave Rayner,2007,sp_teams,25,25-28,2TM,8,41,11,0
JeffReed25PIT2004,Jeff Reed,2004,sp_teams,25,25-28,PIT,Undrafted,Undrafted,16,0
WadeRichey25SDG2001,Wade Richey,2001,sp_teams,25,25-28,SDG,Undrafted,Undrafted,16,0
JonRyan25GNB2006,Jon Ryan,2006,sp_teams,25,25-28,GNB,Undrafted,Undrafted,16,0
B.J.Sander25GNB2005,B.J. Sander,2005,sp_teams,25,25-28,GNB,5,77,14,0
CairoSantos25KAN2016,Cairo Santos,2016,sp_teams,25,25-28,KAN,Undrafted,Undrafted,16,0
ColtonSchmidt25BUF2015,Colton Schmidt,2015,sp_teams,25,25-28,BUF,Undrafted,Undrafted,16,0
JakeSchum252TM2014,Jake Schum,2014,sp_teams,25,25-28,2TM,Undrafted,Undrafted,0,NA
MikeScifres25SDG2005,Mike Scifres,2005,sp_teams,25,25-28,SDG,7,13,16,0
JoshScobee25JAX2007,Josh Scobee,2007,sp_teams,25,25-28,JAX,7,9,8,0
DanielSepulveda25PIT2009,Daniel Sepulveda,2009,sp_teams,25,25-28,PIT,6,5,16,0
HunterSmith25IND2002,Hunter Smith,2002,sp_teams,25,25-28,IND,9,44,16,0
ChadStanley25ARI2001,Chad Stanley,2001,sp_teams,25,25-28,ARI,Undrafted,Undrafted,4,0
ClintStitser25CIN2010,Clint Stitser,2010,sp_teams,25,25-28,CIN,Undrafted,Undrafted,5,0
CalebSturgis25MIA2014,Caleb Sturgis,2014,sp_teams,25,25-28,MIA,7,21,16,0
RyanSuccop25KAN2011,Ryan Succop,2011,sp_teams,25,25-28,KAN,9,61,16,0
ShaunSuisham252TM2006,Shaun Suisham,2006,sp_teams,25,25-28,2TM,Undrafted,Undrafted,8,0
BrettSwain25GNB2010,Brett Swain,2010,sp_teams,25,25-28,GNB,9,46,16,1
JustinTucker25BAL2014,Justin Tucker,2014,sp_teams,25,25-28,BAL,Undrafted,Undrafted,16,0
BlairWalsh25MIN2015,Blair Walsh,2015,sp_teams,25,25-28,MIN,8,28,16,0
TressWay25WAS2015,Tress Way,2015,sp_teams,25,25-28,WAS,Undrafted,Undrafted,16,0
SteveWeatherford25NOR2007,Steve Weatherford,2007,sp_teams,25,25-28,NOR,Undrafted,Undrafted,16,0
BradWing25NYG2016,Brad Wing,2016,sp_teams,25,25-28,NYG,Undrafted,Undrafted,16,0
DaveZastudil25BAL2003,Dave Zastudil,2003,sp_teams,25,25-28,BAL,6,5,16,0
GregZuerlein25STL2012,Greg Zuerlein,2012,sp_teams,25,25-28,STL,8,25,16,0
DavidAkers26PHI2000,David Akers,2000,sp_teams,26,25-28,PHI,Undrafted,Undrafted,16,0
RyanAllen26NWE2016,Ryan Allen,2016,sp_teams,26,25-28,NWE,Undrafted,Undrafted,16,0
BryanAnger26JAX2014,Bryan Anger,2014,sp_teams,26,25-28,JAX,5,71,16,0
DanBailey26DAL2014,Dan Bailey,2014,sp_teams,26,25-28,DAL,Undrafted,Undrafted,16,0
JasonBaker263TM2004,Jason Baker,2004,sp_teams,26,25-28,3TM,Undrafted,Undrafted,10,0
ConnorBarth26TAM2012,Connor Barth,2012,sp_teams,26,25-28,TAM,Undrafted,Undrafted,15,0
ScottBentley262TM2000,Scott Bentley,2000,sp_teams,26,25-28,2TM,Undrafted,Undrafted,7,0
JordanBerry26PIT2017,Jordan Berry,2017,sp_teams,26,25-28,PIT,Undrafted,Undrafted,16,0
JoshBidwell26GNB2002,Josh Bidwell,2002,sp_teams,26,25-28,GNB,6,8,16,0
MatthewBosher26ATL2013,Matthew Bosher,2013,sp_teams,26,25-28,ATL,8,36,16,0
ChrisBoswell26PIT2017,Chris Boswell,2017,sp_teams,26,25-28,PIT,Undrafted,Undrafted,16,0
JoshBrown26SEA2005,Josh Brown,2005,sp_teams,26,25-28,SEA,9,48,16,0
KrisBrown26HOU2002,Kris Brown,2002,sp_teams,26,25-28,HOU,9,52,16,0
RandyBullock262TM2015,Randy Bullock,2015,sp_teams,26,25-28,2TM,7,18,11,0
DrewButler26ARI2015,Drew Butler,2015,sp_teams,26,25-28,ARI,Undrafted,Undrafted,16,0
DanCarpenter26MIA2011,Dan Carpenter,2011,sp_teams,26,25-28,MIA,Undrafted,Undrafted,14,0
ChandlerCatanzaro26NYJ2017,Chandler Catanzaro,2017,sp_teams,26,25-28,NYJ,Undrafted,Undrafted,16,0
BrittonColquitt26DEN2011,Britton Colquitt,2011,sp_teams,26,25-28,DEN,Undrafted,Undrafted,16,0
DustinColquitt26KAN2008,Dustin Colquitt,2008,sp_teams,26,25-28,KAN,5,82,14,0
T.J.Conley26NYJ2011,T.J. Conley,2011,sp_teams,26,25-28,NYJ,Undrafted,Undrafted,16,0
BrettConway26WAS2001,Brett Conway,2001,sp_teams,26,25-28,WAS,5,78,16,0
JoseCortez26SFO2001,Jose Cortez,2001,sp_teams,26,25-28,SFO,Undrafted,Undrafted,16,0
MasonCrosby26GNB2010,Mason Crosby,2010,sp_teams,26,25-28,GNB,8,37,16,0
BillyCundiff26NOR2006,Billy Cundiff,2006,sp_teams,26,25-28,NOR,Undrafted,Undrafted,5,0
PhilDawson26CLE2001,Phil Dawson,2001,sp_teams,26,25-28,CLE,Undrafted,Undrafted,16,0
PaulEdinger26CHI2004,Paul Edinger,2004,sp_teams,26,25-28,CHI,8,27,16,0
LacEdwards26NYJ2018,Lac Edwards,2018,sp_teams,26,25-28,NYJ,9,56,8,0
AaronElling262TM2004,Aaron Elling,2004,sp_teams,26,25-28,2TM,Undrafted,Undrafted,8,0
PaulErnster26PIT2008,Paul Ernster,2008,sp_teams,26,25-28,PIT,9,57,3,0
JayFeely26ATL2002,Jay Feely,2002,sp_teams,26,25-28,ATL,Undrafted,Undrafted,16,0
SamFicken26LAR2018,Sam Ficken,2018,sp_teams,26,25-28,LAR,Undrafted,Undrafted,2,0
BrandonFields26MIA2010,Brandon Fields,2010,sp_teams,26,25-28,MIA,9,51,16,0
NickFolk26NYJ2010,Nick Folk,2010,sp_teams,26,25-28,NYJ,8,30,16,0
KaiForbath26WAS2013,Kai Forbath,2013,sp_teams,26,25-28,WAS,Undrafted,Undrafted,13,0
DerrickFrost26WAS2006,Derrick Frost,2006,sp_teams,26,25-28,WAS,Undrafted,Undrafted,16,0
GrahamGano26CAR2013,Graham Gano,2013,sp_teams,26,25-28,CAR,Undrafted,Undrafted,16,0
JordanGay26BUF2016,Jordan Gay,2016,sp_teams,26,25-28,BUF,Undrafted,Undrafted,3,0
StephenGostkowski26NWE2010,Stephen Gostkowski,2010,sp_teams,26,25-28,NWE,6,6,8,0
RobbieGould26CHI2007,Robbie Gould,2007,sp_teams,26,25-28,CHI,Undrafted,Undrafted,16,0
TobyGowin26NOR2001,Toby Gowin,2001,sp_teams,26,25-28,NOR,Undrafted,Undrafted,16,0
ShayneGraham26CIN2003,Shayne Graham,2003,sp_teams,26,25-28,CIN,Undrafted,Undrafted,16,0
BillGramatica26MIA2004,Bill Gramatica,2004,sp_teams,26,25-28,MIA,6,81,1,0
MartinGramatica26TAM2001,Martin Gramatica,2001,sp_teams,26,25-28,TAM,5,74,14,0
AndyGroom26WAS2005,Andy Groom,2005,sp_teams,26,25-28,WAS,Undrafted,Undrafted,2,0
JohnHall26NYJ2000,John Hall,2000,sp_teams,26,25-28,NYJ,Undrafted,Undrafted,15,0
ChrisHanson26JAX2002,Chris Hanson,2002,sp_teams,26,25-28,JAX,Undrafted,Undrafted,16,0
NickHarris26DET2004,Nick Harris,2004,sp_teams,26,25-28,DET,6,7,16,0
GarrettHartley26NOR2012,Garrett Hartley,2012,sp_teams,26,25-28,NOR,Undrafted,Undrafted,16,0
StevenHauschka26SEA2011,Steven Hauschka,2011,sp_teams,26,25-28,SEA,Undrafted,Undrafted,16,0
JohnnyHekker26LAR2016,Johnny Hekker,2016,sp_teams,26,25-28,LAR,Undrafted,Undrafted,16,0
AlexHenery26PHI2013,Alex Henery,2013,sp_teams,26,25-28,PHI,6,7,16,0
JonHilbert26DAL2001,Jon Hilbert,2001,sp_teams,26,25-28,DAL,Undrafted,Undrafted,8,0
ReggieHodges26NYJ2008,Reggie Hodges,2008,sp_teams,26,25-28,NYJ,8,44,12,0
DustinHopkins26WAS2016,Dustin Hopkins,2016,sp_teams,26,25-28,WAS,8,29,16,0
KevinHuber26CIN2011,Kevin Huber,2011,sp_teams,26,25-28,CIN,7,11,16,0
SebastianJanikowski26OAK2004,Sebastian Janikowski,2004,sp_teams,26,25-28,OAK,1,24,16,0
CameronJohnston26PHI2018,Cameron Johnston,2018,sp_teams,26,25-28,PHI,Undrafted,Undrafted,8,0
ChrisJones26DAL2015,Chris Jones,2015,sp_teams,26,25-28,DAL,Undrafted,Undrafted,16,0
DonnieJones26MIA2006,Donnie Jones,2006,sp_teams,26,25-28,MIA,9,50,16,0
NateKaeding26SDG2008,Nate Kaeding,2008,sp_teams,26,25-28,SDG,5,69,16,0
JeremyKapinos262TM2010,Jeremy Kapinos,2010,sp_teams,26,25-28,2TM,Undrafted,Undrafted,5,0
BrettKern26TEN2012,Brett Kern,2012,sp_teams,26,25-28,TEN,Undrafted,Undrafted,16,0
MarquetteKing26OAK2014,Marquette King,2014,sp_teams,26,25-28,OAK,Undrafted,Undrafted,16,0
ChrisKluwe26MIN2007,Chris Kluwe,2007,sp_teams,26,25-28,MIN,Undrafted,Undrafted,16,0
MicahKnorr26DAL2001,Micah Knorr,2001,sp_teams,26,25-28,DAL,Undrafted,Undrafted,16,0
SamKoch26BAL2008,Sam Koch,2008,sp_teams,26,25-28,BAL,8,42,16,0
MichaelKoenen26ATL2008,Michael Koenen,2008,sp_teams,26,25-28,ATL,Undrafted,Undrafted,16,0
BillLaFleur26SFO2002,Bill LaFleur,2002,sp_teams,26,25-28,SFO,Undrafted,Undrafted,5,0
JoshLambo26SDG2016,Josh Lambo,2016,sp_teams,26,25-28,SDG,Undrafted,Undrafted,16,0
SpencerLanning26CLE2014,Spencer Lanning,2014,sp_teams,26,25-28,CLE,Undrafted,Undrafted,16,0
KyleLarson26CIN2006,Kyle Larson,2006,sp_teams,26,25-28,CIN,Undrafted,Undrafted,16,0
ShaneLechler26OAK2002,Shane Lechler,2002,sp_teams,26,25-28,OAK,7,11,14,0
AndyLee26SFO2008,Andy Lee,2008,sp_teams,26,25-28,SFO,8,34,16,0
PatLee26GNB2010,Pat Lee,2010,sp_teams,26,25-28,GNB,4,67,11,1
RianLindell26BUF2003,Rian Lindell,2003,sp_teams,26,25-28,BUF,Undrafted,Undrafted,16,0
SteveLindsey262TM2000,Steve Lindsey,2000,sp_teams,26,25-28,2TM,Undrafted,Undrafted,16,0
RhysLloyd26CAR2008,Rhys Lloyd,2008,sp_teams,26,25-28,CAR,Undrafted,Undrafted,16,0
JeffLocke26MIN2015,Jeff Locke,2015,sp_teams,26,25-28,MIN,7,16,16,0
RyanLongwell26GNB2000,Ryan Longwell,2000,sp_teams,26,25-28,GNB,Undrafted,Undrafted,16,0
SamMartin26DET2016,Sam Martin,2016,sp_teams,26,25-28,DET,7,20,16,0
TimMasthay26GNB2013,Tim Masthay,2013,sp_teams,26,25-28,GNB,Undrafted,Undrafted,16,0
BradMaynard26NYG2000,Brad Maynard,2000,sp_teams,26,25-28,NYG,5,79,16,0
PatMcAfee26IND2013,Pat McAfee,2013,sp_teams,26,25-28,IND,9,48,16,0
MatMcBriar26DAL2005,Mat McBriar,2005,sp_teams,26,25-28,DAL,Undrafted,Undrafted,16,0
BrandonMcManus26DEN2017,Brandon McManus,2017,sp_teams,26,25-28,DEN,Undrafted,Undrafted,16,0
ZoltanMesko26NWE2012,Zoltan Mesko,2012,sp_teams,26,25-28,NWE,7,14,16,0
BrianMoorman26BUF2002,Brian Moorman,2002,sp_teams,26,25-28,BUF,Undrafted,Undrafted,16,0
ThomasMorstead26NOR2012,Thomas Morstead,2012,sp_teams,26,25-28,NOR,7,19,16,0
NickMurphy26PHI2005,Nick Murphy,2005,sp_teams,26,25-28,PHI,Undrafted,Undrafted,1,0
PatrickMurray26TAM2017,Patrick Murray,2017,sp_teams,26,25-28,TAM,Undrafted,Undrafted,12,0
JasonMyers26JAX2017,Jason Myers,2017,sp_teams,26,25-28,JAX,Undrafted,Undrafted,6,0
BradNortman26CAR2015,Brad Nortman,2015,sp_teams,26,25-28,CAR,8,43,16,0
MikeNugent26NYJ2008,Mike Nugent,2008,sp_teams,26,25-28,NYJ,4,64,1,0
PatO'Donnell26CHI2017,Pat O'Donnell,2017,sp_teams,26,25-28,CHI,8,35,16,0
MichaelPalardy26CAR2018,Michael Palardy,2018,sp_teams,26,25-28,CAR,Undrafted,Undrafted,7,0
CodyParkey26CHI2018,Cody Parkey,2018,sp_teams,26,25-28,CHI,Undrafted,Undrafted,7,0
SamPaulescu26WAS2010,Sam Paulescu,2010,sp_teams,26,25-28,WAS,Undrafted,Undrafted,3,0
OwenPochman26SFO2003,Owen Pochman,2003,sp_teams,26,25-28,SFO,9,45,6,0
AdamPodlesh26JAX2009,Adam Podlesh,2009,sp_teams,26,25-28,JAX,6,2,16,0
DanielPope26NYJ2001,Daniel Pope,2001,sp_teams,26,25-28,NYJ,Undrafted,Undrafted,1,0
MattPrater26DEN2010,Matt Prater,2010,sp_teams,26,25-28,DEN,Undrafted,Undrafted,12,0
RyanQuigley26ARI2016,Ryan Quigley,2016,sp_teams,26,25-28,ARI,Undrafted,Undrafted,6,0
NeilRackers26CIN2002,Neil Rackers,2002,sp_teams,26,25-28,CIN,8,23,16,0
DaveRayner26CIN2008,Dave Rayner,2008,sp_teams,26,25-28,CIN,8,41,2,0
KaseyRedfern26DET2017,Kasey Redfern,2017,sp_teams,26,25-28,DET,Undrafted,Undrafted,1,0
JeffReed26PIT2005,Jeff Reed,2005,sp_teams,26,25-28,PIT,Undrafted,Undrafted,16,0
WadeRichey26SDG2002,Wade Richey,2002,sp_teams,26,25-28,SDG,Undrafted,Undrafted,12,0
JonRyan26GNB2007,Jon Ryan,2007,sp_teams,26,25-28,GNB,Undrafted,Undrafted,16,0
CairoSantos262TM2017,Cairo Santos,2017,sp_teams,26,25-28,2TM,Undrafted,Undrafted,5,0
ColtonSchmidt26BUF2016,Colton Schmidt,2016,sp_teams,26,25-28,BUF,Undrafted,Undrafted,16,0
JakeSchum26TAM2015,Jake Schum,2015,sp_teams,26,25-28,TAM,Undrafted,Undrafted,16,0
MikeScifres26SDG2006,Mike Scifres,2006,sp_teams,26,25-28,SDG,7,13,16,0
JoshScobee26JAX2008,Josh Scobee,2008,sp_teams,26,25-28,JAX,7,9,16,0
TimSeder26DAL2000,Tim Seder,2000,sp_teams,26,25-28,DAL,Undrafted,Undrafted,15,0
DanielSepulveda26PIT2010,Daniel Sepulveda,2010,sp_teams,26,25-28,PIT,6,5,12,0
HunterSmith26IND2003,Hunter Smith,2003,sp_teams,26,25-28,IND,9,44,16,0
ChadStanley26HOU2002,Chad Stanley,2002,sp_teams,26,25-28,HOU,Undrafted,Undrafted,16,0
KevinStemke26STL2004,Kevin Stemke,2004,sp_teams,26,25-28,STL,Undrafted,Undrafted,6,0
CalebSturgis26PHI2015,Caleb Sturgis,2015,sp_teams,26,25-28,PHI,7,21,13,0
RyanSuccop26KAN2012,Ryan Succop,2012,sp_teams,26,25-28,KAN,9,61,16,0
ShaunSuisham26WAS2007,Shaun Suisham,2007,sp_teams,26,25-28,WAS,Undrafted,Undrafted,16,0
JustinTucker26BAL2015,Justin Tucker,2015,sp_teams,26,25-28,BAL,Undrafted,Undrafted,16,0
JamesTuthill262TM2002,James Tuthill,2002,sp_teams,26,25-28,2TM,Undrafted,Undrafted,12,0
LawrenceTynes26KAN2004,Lawrence Tynes,2004,sp_teams,26,25-28,KAN,Undrafted,Undrafted,16,0
BlairWalsh26MIN2016,Blair Walsh,2016,sp_teams,26,25-28,MIN,8,28,9,0
TressWay26WAS2016,Tress Way,2016,sp_teams,26,25-28,WAS,Undrafted,Undrafted,16,0
SteveWeatherford263TM2008,Steve Weatherford,2008,sp_teams,26,25-28,3TM,Undrafted,Undrafted,14,0
MattWile26MIN2018,Matt Wile,2018,sp_teams,26,25-28,MIN,Undrafted,Undrafted,8,0
BradWing26NYG2017,Brad Wing,2017,sp_teams,26,25-28,NYG,Undrafted,Undrafted,16,0
DaveZastudil26BAL2004,Dave Zastudil,2004,sp_teams,26,25-28,BAL,6,5,13,0
GregZuerlein26STL2013,Greg Zuerlein,2013,sp_teams,26,25-28,STL,8,25,16,0
DavidAkers27PHI2001,David Akers,2001,sp_teams,27,25-28,PHI,Undrafted,Undrafted,16,0
DwayneAllen27NWE2017,Dwayne Allen,2017,sp_teams,27,25-28,NWE,5,68,16,8
RyanAllen27NWE2017,Ryan Allen,2017,sp_teams,27,25-28,NWE,Undrafted,Undrafted,16,0
BryanAnger27JAX2015,Bryan Anger,2015,sp_teams,27,25-28,JAX,5,71,16,0
DanBailey27DAL2015,Dan Bailey,2015,sp_teams,27,25-28,DAL,Undrafted,Undrafted,16,0
JasonBaker27CAR2005,Jason Baker,2005,sp_teams,27,25-28,CAR,Undrafted,Undrafted,16,0
JordanBerry27PIT2018,Jordan Berry,2018,sp_teams,27,25-28,PIT,Undrafted,Undrafted,7,0
JoshBidwell27GNB2003,Josh Bidwell,2003,sp_teams,27,25-28,GNB,6,8,16,0
RobBironas27TEN2005,Rob Bironas,2005,sp_teams,27,25-28,TEN,Undrafted,Undrafted,16,0
MatthewBosher27ATL2014,Matthew Bosher,2014,sp_teams,27,25-28,ATL,8,36,16,0
ChrisBoswell27PIT2018,Chris Boswell,2018,sp_teams,27,25-28,PIT,Undrafted,Undrafted,7,0
JoshBrown27SEA2006,Josh Brown,2006,sp_teams,27,25-28,SEA,9,48,16,0
KrisBrown27HOU2003,Kris Brown,2003,sp_teams,27,25-28,HOU,9,52,16,0
MattBryant27NYG2002,Matt Bryant,2002,sp_teams,27,25-28,NYG,Undrafted,Undrafted,16,0
RandyBullock273TM2016,Randy Bullock,2016,sp_teams,27,25-28,3TM,7,18,5,0
DrewButler27ARI2016,Drew Butler,2016,sp_teams,27,25-28,ARI,Undrafted,Undrafted,7,0
DanCarpenter27MIA2012,Dan Carpenter,2012,sp_teams,27,25-28,MIA,Undrafted,Undrafted,14,0
ChandlerCatanzaro27TAM2018,Chandler Catanzaro,2018,sp_teams,27,25-28,TAM,Undrafted,Undrafted,7,0
StephenCheek27KAN2004,Stephen Cheek,2004,sp_teams,27,25-28,KAN,Undrafted,Undrafted,12,0
BrittonColquitt27DEN2012,Britton Colquitt,2012,sp_teams,27,25-28,DEN,Undrafted,Undrafted,16,0
DustinColquitt27KAN2009,Dustin Colquitt,2009,sp_teams,27,25-28,KAN,5,82,16,0
BrettConway27WAS2002,Brett Conway,2002,sp_teams,27,25-28,WAS,5,78,1,0
JoseCortez272TM2002,Jose Cortez,2002,sp_teams,27,25-28,2TM,Undrafted,Undrafted,14,0
BrandonCoutu27BUF2011,Brandon Coutu,2011,sp_teams,27,25-28,BUF,9,56,1,0
MasonCrosby27GNB2011,Mason Crosby,2011,sp_teams,27,25-28,GNB,8,37,16,0
PhilDawson27CLE2002,Phil Dawson,2002,sp_teams,27,25-28,CLE,Undrafted,Undrafted,16,0
PaulEdinger27MIN2005,Paul Edinger,2005,sp_teams,27,25-28,MIN,8,27,16,0
AaronElling27BAL2005,Aaron Elling,2005,sp_teams,27,25-28,BAL,Undrafted,Undrafted,9,0
JayFeely27ATL2003,Jay Feely,2003,sp_teams,27,25-28,ATL,Undrafted,Undrafted,16,0
BrandonFields27MIA2011,Brandon Fields,2011,sp_teams,27,25-28,MIA,9,51,16,0
NickFolk27NYJ2011,Nick Folk,2011,sp_teams,27,25-28,NYJ,8,30,16,0
KaiForbath27WAS2014,Kai Forbath,2014,sp_teams,27,25-28,WAS,Undrafted,Undrafted,16,0
DerrickFrost27WAS2007,Derrick Frost,2007,sp_teams,27,25-28,WAS,Undrafted,Undrafted,16,0
GrahamGano27CAR2014,Graham Gano,2014,sp_teams,27,25-28,CAR,Undrafted,Undrafted,16,0
StephenGostkowski27NWE2011,Stephen Gostkowski,2011,sp_teams,27,25-28,NWE,6,6,16,0
RobbieGould27CHI2008,Robbie Gould,2008,sp_teams,27,25-28,CHI,Undrafted,Undrafted,16,0
TobyGowin27NOR2002,Toby Gowin,2002,sp_teams,27,25-28,NOR,Undrafted,Undrafted,15,0
ShayneGraham27CIN2004,Shayne Graham,2004,sp_teams,27,25-28,CIN,Undrafted,Undrafted,16,0
MartinGramatica27TAM2002,Martin Gramatica,2002,sp_teams,27,25-28,TAM,5,74,16,0
JohnHall27NYJ2001,John Hall,2001,sp_teams,27,25-28,NYJ,Undrafted,Undrafted,16,0
ChrisHanson27JAX2003,Chris Hanson,2003,sp_teams,27,25-28,JAX,Undrafted,Undrafted,5,0
NickHarris27DET2005,Nick Harris,2005,sp_teams,27,25-28,DET,6,7,16,0
GarrettHartley27NOR2013,Garrett Hartley,2013,sp_teams,27,25-28,NOR,Undrafted,Undrafted,14,0
StevenHauschka27SEA2012,Steven Hauschka,2012,sp_teams,27,25-28,SEA,Undrafted,Undrafted,16,0
JohnnyHekker27LAR2017,Johnny Hekker,2017,sp_teams,27,25-28,LAR,Undrafted,Undrafted,16,0
AlexHenery27DET2014,Alex Henery,2014,sp_teams,27,25-28,DET,6,7,2,0
JonHilbert27CAR2002,Jon Hilbert,2002,sp_teams,27,25-28,CAR,Undrafted,Undrafted,1,0
ReggieHodges272TM2009,Reggie Hodges,2009,sp_teams,27,25-28,2TM,8,44,12,0
DustinHopkins27WAS2017,Dustin Hopkins,2017,sp_teams,27,25-28,WAS,8,29,8,0
KevinHuber27CIN2012,Kevin Huber,2012,sp_teams,27,25-28,CIN,7,11,16,0
SebastianJanikowski27OAK2005,Sebastian Janikowski,2005,sp_teams,27,25-28,OAK,1,24,16,0
DirkJohnson27NOR2002,Dirk Johnson,2002,sp_teams,27,25-28,NOR,Undrafted,Undrafted,1,0
ChrisJones27DAL2016,Chris Jones,2016,sp_teams,27,25-28,DAL,Undrafted,Undrafted,16,0
DonnieJones27STL2007,Donnie Jones,2007,sp_teams,27,25-28,STL,9,50,16,0
NateKaeding27SDG2009,Nate Kaeding,2009,sp_teams,27,25-28,SDG,5,69,16,0
JeremyKapinos27PIT2011,Jeremy Kapinos,2011,sp_teams,27,25-28,PIT,Undrafted,Undrafted,8,0
BrettKern27TEN2013,Brett Kern,2013,sp_teams,27,25-28,TEN,Undrafted,Undrafted,16,0
MarquetteKing27OAK2015,Marquette King,2015,sp_teams,27,25-28,OAK,Undrafted,Undrafted,16,0
ChrisKluwe27MIN2008,Chris Kluwe,2008,sp_teams,27,25-28,MIN,Undrafted,Undrafted,16,0
MicahKnorr272TM2002,Micah Knorr,2002,sp_teams,27,25-28,2TM,Undrafted,Undrafted,15,0
SamKoch27BAL2009,Sam Koch,2009,sp_teams,27,25-28,BAL,8,42,16,0
MichaelKoenen27ATL2009,Michael Koenen,2009,sp_teams,27,25-28,ATL,Undrafted,Undrafted,16,0
BillLaFleur27SFO2003,Bill LaFleur,2003,sp_teams,27,25-28,SFO,Undrafted,Undrafted,16,0
JoshLambo27JAX2017,Josh Lambo,2017,sp_teams,27,25-28,JAX,Undrafted,Undrafted,10,0
SpencerLanning27CHI2015,Spencer Lanning,2015,sp_teams,27,25-28,CHI,Undrafted,Undrafted,1,0
KyleLarson27CIN2007,Kyle Larson,2007,sp_teams,27,25-28,CIN,Undrafted,Undrafted,16,0
ShaneLechler27OAK2003,Shane Lechler,2003,sp_teams,27,25-28,OAK,7,11,16,0
AndyLee27SFO2009,Andy Lee,2009,sp_teams,27,25-28,SFO,8,34,16,0
RianLindell27BUF2004,Rian Lindell,2004,sp_teams,27,25-28,BUF,Undrafted,Undrafted,16,0
RhysLloyd27CAR2009,Rhys Lloyd,2009,sp_teams,27,25-28,CAR,Undrafted,Undrafted,16,0
JeffLocke27MIN2016,Jeff Locke,2016,sp_teams,27,25-28,MIN,7,16,16,0
RyanLongwell27GNB2001,Ryan Longwell,2001,sp_teams,27,25-28,GNB,Undrafted,Undrafted,16,0
OlindoMare27MIA2000,Olindo Mare,2000,sp_teams,27,25-28,MIA,Undrafted,Undrafted,16,0
SamMartin27DET2017,Sam Martin,2017,sp_teams,27,25-28,DET,7,20,10,0
TimMasthay27GNB2014,Tim Masthay,2014,sp_teams,27,25-28,GNB,Undrafted,Undrafted,16,0
BradMaynard27CHI2001,Brad Maynard,2001,sp_teams,27,25-28,CHI,5,79,16,0
PatMcAfee27IND2014,Pat McAfee,2014,sp_teams,27,25-28,IND,9,48,16,0
MatMcBriar27DAL2006,Mat McBriar,2006,sp_teams,27,25-28,DAL,Undrafted,Undrafted,16,0
BrandonMcManus27DEN2018,Brandon McManus,2018,sp_teams,27,25-28,DEN,Undrafted,Undrafted,8,0
ZoltanMesko272TM2013,Zoltan Mesko,2013,sp_teams,27,25-28,2TM,7,14,8,0
BrianMoorman27BUF2003,Brian Moorman,2003,sp_teams,27,25-28,BUF,Undrafted,Undrafted,16,0
ThomasMorstead27NOR2013,Thomas Morstead,2013,sp_teams,27,25-28,NOR,7,19,16,0
JasonMyers27NYJ2018,Jason Myers,2018,sp_teams,27,25-28,NYJ,Undrafted,Undrafted,8,0
JoeNedney272TM2000,Joe Nedney,2000,sp_teams,27,25-28,2TM,Undrafted,Undrafted,15,0
BradNortman27JAX2016,Brad Nortman,2016,sp_teams,27,25-28,JAX,8,43,16,0
NickNovak27KAN2008,Nick Novak,2008,sp_teams,27,25-28,KAN,Undrafted,Undrafted,6,0
MikeNugent272TM2009,Mike Nugent,2009,sp_teams,27,25-28,2TM,4,64,6,0
PatO'Donnell27CHI2018,Pat O'Donnell,2018,sp_teams,27,25-28,CHI,8,35,7,0
DimitriPatterson27PHI2010,Dimitri Patterson,2010,sp_teams,27,25-28,PHI,Undrafted,Undrafted,16,9
AdamPodlesh27JAX2010,Adam Podlesh,2010,sp_teams,27,25-28,JAX,6,2,16,0
MattPrater27DEN2011,Matt Prater,2011,sp_teams,27,25-28,DEN,Undrafted,Undrafted,16,0
RyanQuigley27MIN2017,Ryan Quigley,2017,sp_teams,27,25-28,MIN,Undrafted,Undrafted,16,0
NeilRackers27ARI2003,Neil Rackers,2003,sp_teams,27,25-28,ARI,8,23,7,0
JeffReed27PIT2006,Jeff Reed,2006,sp_teams,27,25-28,PIT,Undrafted,Undrafted,16,0
KyleRichardson27BAL2000,Kyle Richardson,2000,sp_teams,27,25-28,BAL,Undrafted,Undrafted,16,0
WadeRichey27BAL2003,Wade Richey,2003,sp_teams,27,25-28,BAL,Undrafted,Undrafted,15,0
JonRyan27SEA2008,Jon Ryan,2008,sp_teams,27,25-28,SEA,Undrafted,Undrafted,15,0
CairoSantos27LAR2018,Cairo Santos,2018,sp_teams,27,25-28,LAR,Undrafted,Undrafted,2,0
ToddSauerbrun27KAN2000,Todd Sauerbrun,2000,sp_teams,27,25-28,KAN,4,65,16,0
ColtonSchmidt27BUF2017,Colton Schmidt,2017,sp_teams,27,25-28,BUF,Undrafted,Undrafted,16,0
JakeSchum27GNB2016,Jake Schum,2016,sp_teams,27,25-28,GNB,Undrafted,Undrafted,16,0
MikeScifres27SDG2007,Mike Scifres,2007,sp_teams,27,25-28,SDG,7,13,16,0
JoshScobee27JAX2009,Josh Scobee,2009,sp_teams,27,25-28,JAX,7,9,16,0
TimSeder27DAL2001,Tim Seder,2001,sp_teams,27,25-28,DAL,Undrafted,Undrafted,8,0
DanielSepulveda27PIT2011,Daniel Sepulveda,2011,sp_teams,27,25-28,PIT,6,5,8,0
HunterSmith27IND2004,Hunter Smith,2004,sp_teams,27,25-28,IND,9,44,16,0
ChadStanley27HOU2003,Chad Stanley,2003,sp_teams,27,25-28,HOU,Undrafted,Undrafted,16,0
CalebSturgis27PHI2016,Caleb Sturgis,2016,sp_teams,27,25-28,PHI,7,21,16,0
RyanSuccop27KAN2013,Ryan Succop,2013,sp_teams,27,25-28,KAN,9,61,16,0
ShaunSuisham27WAS2008,Shaun Suisham,2008,sp_teams,27,25-28,WAS,Undrafted,Undrafted,16,0
GiorgioTavecchio27OAK2017,Giorgio Tavecchio,2017,sp_teams,27,25-28,OAK,Undrafted,Undrafted,16,0
JustinTucker27BAL2016,Justin Tucker,2016,sp_teams,27,25-28,BAL,Undrafted,Undrafted,16,0
LawrenceTynes27KAN2005,Lawrence Tynes,2005,sp_teams,27,25-28,KAN,Undrafted,Undrafted,16,0
BlairWalsh27SEA2017,Blair Walsh,2017,sp_teams,27,25-28,SEA,8,28,16,0
TressWay27WAS2017,Tress Way,2017,sp_teams,27,25-28,WAS,Undrafted,Undrafted,16,0
SteveWeatherford27NYJ2009,Steve Weatherford,2009,sp_teams,27,25-28,NYJ,Undrafted,Undrafted,16,0
DaveZastudil27BAL2005,Dave Zastudil,2005,sp_teams,27,25-28,BAL,6,5,16,0
GregZuerlein27STL2014,Greg Zuerlein,2014,sp_teams,27,25-28,STL,8,25,16,0
DavidAkers28PHI2002,David Akers,2002,sp_teams,28,25-28,PHI,Undrafted,Undrafted,16,0
RyanAllen28NWE2018,Ryan Allen,2018,sp_teams,28,25-28,NWE,Undrafted,Undrafted,8,0
BryanAnger28TAM2016,Bryan Anger,2016,sp_teams,28,25-28,TAM,5,71,16,0
DanBailey28DAL2016,Dan Bailey,2016,sp_teams,28,25-28,DAL,Undrafted,Undrafted,16,0
JasonBaker28CAR2006,Jason Baker,2006,sp_teams,28,25-28,CAR,Undrafted,Undrafted,16,0
ConnorBarth28DEN2014,Connor Barth,2014,sp_teams,28,25-28,DEN,Undrafted,Undrafted,5,0
MitchBerger28MIN2000,Mitch Berger,2000,sp_teams,28,25-28,MIN,8,37,16,0
JoshBidwell28TAM2004,Josh Bidwell,2004,sp_teams,28,25-28,TAM,6,8,16,0
RobBironas28TEN2006,Rob Bironas,2006,sp_teams,28,25-28,TEN,Undrafted,Undrafted,16,0
MatthewBosher28ATL2015,Matthew Bosher,2015,sp_teams,28,25-28,ATL,8,36,16,0
JoshBrown28SEA2007,Josh Brown,2007,sp_teams,28,25-28,SEA,9,48,16,0
KrisBrown28HOU2004,Kris Brown,2004,sp_teams,28,25-28,HOU,9,52,16,0
ChrisBryan28TAM2010,Chris Bryan,2010,sp_teams,28,25-28,TAM,Undrafted,Undrafted,4,0
MattBryant28NYG2003,Matt Bryant,2003,sp_teams,28,25-28,NYG,Undrafted,Undrafted,11,0
RandyBullock28CIN2017,Randy Bullock,2017,sp_teams,28,25-28,CIN,7,18,15,0
DanCarpenter28BUF2013,Dan Carpenter,2013,sp_teams,28,25-28,BUF,Undrafted,Undrafted,16,0
BrittonColquitt28DEN2013,Britton Colquitt,2013,sp_teams,28,25-28,DEN,Undrafted,Undrafted,16,0
DustinColquitt28KAN2010,Dustin Colquitt,2010,sp_teams,28,25-28,KAN,5,82,16,0
BrettConway282TM2003,Brett Conway,2003,sp_teams,28,25-28,2TM,5,78,8,0
JoseCortez28MIN2003,Jose Cortez,2003,sp_teams,28,25-28,MIN,Undrafted,Undrafted,2,0
MasonCrosby28GNB2012,Mason Crosby,2012,sp_teams,28,25-28,GNB,8,37,16,0
PhilDawson28CLE2003,Phil Dawson,2003,sp_teams,28,25-28,CLE,Undrafted,Undrafted,13,0
JayFeely28ATL2004,Jay Feely,2004,sp_teams,28,25-28,ATL,Undrafted,Undrafted,16,0
BrandonFields28MIA2012,Brandon Fields,2012,sp_teams,28,25-28,MIA,9,51,16,0
NickFolk28NYJ2012,Nick Folk,2012,sp_teams,28,25-28,NYJ,8,30,16,0
KaiForbath282TM2015,Kai Forbath,2015,sp_teams,28,25-28,2TM,Undrafted,Undrafted,11,0
DerrickFrost28GNB2008,Derrick Frost,2008,sp_teams,28,25-28,GNB,Undrafted,Undrafted,12,0
GrahamGano28CAR2015,Graham Gano,2015,sp_teams,28,25-28,CAR,Undrafted,Undrafted,16,0
StephenGostkowski28NWE2012,Stephen Gostkowski,2012,sp_teams,28,25-28,NWE,6,6,16,0
RobbieGould28CHI2009,Robbie Gould,2009,sp_teams,28,25-28,CHI,Undrafted,Undrafted,16,0
TobyGowin28DAL2003,Toby Gowin,2003,sp_teams,28,25-28,DAL,Undrafted,Undrafted,16,0
ShayneGraham28CIN2005,Shayne Graham,2005,sp_teams,28,25-28,CIN,Undrafted,Undrafted,16,0
MartinGramatica28TAM2003,Martin Gramatica,2003,sp_teams,28,25-28,TAM,5,74,16,0
JohnHall28NYJ2002,John Hall,2002,sp_teams,28,25-28,NYJ,Undrafted,Undrafted,16,0
ChrisHanson28JAX2004,Chris Hanson,2004,sp_teams,28,25-28,JAX,Undrafted,Undrafted,16,0
NickHarris28DET2006,Nick Harris,2006,sp_teams,28,25-28,DET,6,7,16,0
GarrettHartley28CLE2014,Garrett Hartley,2014,sp_teams,28,25-28,CLE,Undrafted,Undrafted,2,0
StevenHauschka28SEA2013,Steven Hauschka,2013,sp_teams,28,25-28,SEA,Undrafted,Undrafted,16,0
JohnnyHekker28LAR2018,Johnny Hekker,2018,sp_teams,28,25-28,LAR,Undrafted,Undrafted,8,0
ReggieHodges28CLE2010,Reggie Hodges,2010,sp_teams,28,25-28,CLE,8,44,16,0
MikeHollis28JAX2000,Mike Hollis,2000,sp_teams,28,25-28,JAX,Undrafted,Undrafted,12,0
DustinHopkins28WAS2018,Dustin Hopkins,2018,sp_teams,28,25-28,WAS,8,29,7,0
KevinHuber28CIN2013,Kevin Huber,2013,sp_teams,28,25-28,CIN,7,11,14,0
SebastianJanikowski28OAK2006,Sebastian Janikowski,2006,sp_teams,28,25-28,OAK,1,24,16,0
DirkJohnson28PHI2003,Dirk Johnson,2003,sp_teams,28,25-28,PHI,Undrafted,Undrafted,16,0
ChrisJones28DAL2017,Chris Jones,2017,sp_teams,28,25-28,DAL,Undrafted,Undrafted,16,0
DonnieJones28STL2008,Donnie Jones,2008,sp_teams,28,25-28,STL,9,50,16,0
NateKaeding28SDG2010,Nate Kaeding,2010,sp_teams,28,25-28,SDG,5,69,13,0
BrettKern28TEN2014,Brett Kern,2014,sp_teams,28,25-28,TEN,Undrafted,Undrafted,14,0
MarquetteKing28OAK2016,Marquette King,2016,sp_teams,28,25-28,OAK,Undrafted,Undrafted,16,0
ChrisKluwe28MIN2009,Chris Kluwe,2009,sp_teams,28,25-28,MIN,Undrafted,Undrafted,16,0
MicahKnorr28DEN2003,Micah Knorr,2003,sp_teams,28,25-28,DEN,Undrafted,Undrafted,16,0
SamKoch28BAL2010,Sam Koch,2010,sp_teams,28,25-28,BAL,8,42,16,0
MichaelKoenen28ATL2010,Michael Koenen,2010,sp_teams,28,25-28,ATL,Undrafted,Undrafted,16,0
JoshLambo28JAX2018,Josh Lambo,2018,sp_teams,28,25-28,JAX,Undrafted,Undrafted,8,0
KyleLarson28CIN2008,Kyle Larson,2008,sp_teams,28,25-28,CIN,Undrafted,Undrafted,16,0
ShaneLechler28OAK2004,Shane Lechler,2004,sp_teams,28,25-28,OAK,7,11,16,0
AndyLee28SFO2010,Andy Lee,2010,sp_teams,28,25-28,SFO,8,34,16,0
RianLindell28BUF2005,Rian Lindell,2005,sp_teams,28,25-28,BUF,Undrafted,Undrafted,16,0
RhysLloyd28CAR2010,Rhys Lloyd,2010,sp_teams,28,25-28,CAR,Undrafted,Undrafted,15,0
JeffLocke28DET2017,Jeff Locke,2017,sp_teams,28,25-28,DET,7,16,5,0
RyanLongwell28GNB2002,Ryan Longwell,2002,sp_teams,28,25-28,GNB,Undrafted,Undrafted,16,0
OlindoMare28MIA2001,Olindo Mare,2001,sp_teams,28,25-28,MIA,Undrafted,Undrafted,16,0
SamMartin28DET2018,Sam Martin,2018,sp_teams,28,25-28,DET,7,20,7,0
TimMasthay28GNB2015,Tim Masthay,2015,sp_teams,28,25-28,GNB,Undrafted,Undrafted,16,0
BradMaynard28CHI2002,Brad Maynard,2002,sp_teams,28,25-28,CHI,5,79,16,0
PatMcAfee28IND2015,Pat McAfee,2015,sp_teams,28,25-28,IND,9,48,16,0
MatMcBriar28DAL2007,Mat McBriar,2007,sp_teams,28,25-28,DAL,Undrafted,Undrafted,16,0
RichmondMcGee28CLE2011,Richmond McGee,2011,sp_teams,28,25-28,CLE,Undrafted,Undrafted,1,0
BrianMoorman28BUF2004,Brian Moorman,2004,sp_teams,28,25-28,BUF,Undrafted,Undrafted,16,0
ThomasMorstead28NOR2014,Thomas Morstead,2014,sp_teams,28,25-28,NOR,7,19,16,0
JoeNedney28TEN2001,Joe Nedney,2001,sp_teams,28,25-28,TEN,Undrafted,Undrafted,16,0
BradNortman28JAX2017,Brad Nortman,2017,sp_teams,28,25-28,JAX,8,43,16,0
MikeNugent28CIN2010,Mike Nugent,2010,sp_teams,28,25-28,CIN,4,64,9,0
GlennPakulak28NOR2008,Glenn Pakulak,2008,sp_teams,28,25-28,NOR,Undrafted,Undrafted,8,0
AdamPodlesh28CHI2011,Adam Podlesh,2011,sp_teams,28,25-28,CHI,6,2,16,0
MattPrater28DEN2012,Matt Prater,2012,sp_teams,28,25-28,DEN,Undrafted,Undrafted,16,0
NeilRackers28ARI2004,Neil Rackers,2004,sp_teams,28,25-28,ARI,8,23,16,0
DaveRayner28DET2010,Dave Rayner,2010,sp_teams,28,25-28,DET,8,41,8,0
JeffReed28PIT2007,Jeff Reed,2007,sp_teams,28,25-28,PIT,Undrafted,Undrafted,16,0
KyleRichardson28BAL2001,Kyle Richardson,2001,sp_teams,28,25-28,BAL,Undrafted,Undrafted,16,0
WadeRichey28BAL2004,Wade Richey,2004,sp_teams,28,25-28,BAL,Undrafted,Undrafted,12,0
JonRyan28SEA2009,Jon Ryan,2009,sp_teams,28,25-28,SEA,Undrafted,Undrafted,16,0
ToddSauerbrun28CAR2001,Todd Sauerbrun,2001,sp_teams,28,25-28,CAR,4,65,16,0
MikeScifres28SDG2008,Mike Scifres,2008,sp_teams,28,25-28,SDG,7,13,16,0
JoshScobee28JAX2010,Josh Scobee,2010,sp_teams,28,25-28,JAX,7,9,16,0
TimSeder28JAX2002,Tim Seder,2002,sp_teams,28,25-28,JAX,Undrafted,Undrafted,5,0
HunterSmith28IND2005,Hunter Smith,2005,sp_teams,28,25-28,IND,9,44,16,0
JasonSpitz28GNB2010,Jason Spitz,2010,sp_teams,28,25-28,GNB,5,72,16,0
ChadStanley28HOU2004,Chad Stanley,2004,sp_teams,28,25-28,HOU,Undrafted,Undrafted,16,0
CalebSturgis28PHI2017,Caleb Sturgis,2017,sp_teams,28,25-28,PHI,7,21,1,0
RyanSuccop28TEN2014,Ryan Succop,2014,sp_teams,28,25-28,TEN,9,61,16,0
ShaunSuisham282TM2009,Shaun Suisham,2009,sp_teams,28,25-28,2TM,Undrafted,Undrafted,14,0
JimTarle28JAX2000,Jim Tarle,2000,sp_teams,28,25-28,JAX,Undrafted,Undrafted,6,0
GiorgioTavecchio28ATL2018,Giorgio Tavecchio,2018,sp_teams,28,25-28,ATL,Undrafted,Undrafted,1,0
JayTaylor28TAM2004,Jay Taylor,2004,sp_teams,28,25-28,TAM,Undrafted,Undrafted,5,0
JustinTucker28BAL2017,Justin Tucker,2017,sp_teams,28,25-28,BAL,Undrafted,Undrafted,16,0
LawrenceTynes28KAN2006,Lawrence Tynes,2006,sp_teams,28,25-28,KAN,Undrafted,Undrafted,16,0
AdamVinatieri28NWE2000,Adam Vinatieri,2000,sp_teams,28,25-28,NWE,Undrafted,Undrafted,16,0
KenWalter28CAR2000,Ken Walter,2000,sp_teams,28,25-28,CAR,Undrafted,Undrafted,16,0
TressWay28WAS2018,Tress Way,2018,sp_teams,28,25-28,WAS,Undrafted,Undrafted,7,0
SteveWeatherford28NYJ2010,Steve Weatherford,2010,sp_teams,28,25-28,NYJ,Undrafted,Undrafted,16,0
JeffWilkins28STL2000,Jeff Wilkins,2000,sp_teams,28,25-28,STL,Undrafted,Undrafted,11,0
DaveZastudil28CLE2006,Dave Zastudil,2006,sp_teams,28,25-28,CLE,6,5,16,0
GregZuerlein28STL2015,Greg Zuerlein,2015,sp_teams,28,25-28,STL,8,25,14,0
DavidAkers29PHI2003,David Akers,2003,sp_teams,29,29-32,PHI,Undrafted,Undrafted,16,0
ShaneAndrus293TM2009,Shane Andrus,2009,sp_teams,29,29-32,3TM,Undrafted,Undrafted,5,0
BryanAnger29TAM2017,Bryan Anger,2017,sp_teams,29,29-32,TAM,5,71,16,0
DanBailey29DAL2017,Dan Bailey,2017,sp_teams,29,29-32,DAL,Undrafted,Undrafted,12,0
JasonBaker29CAR2007,Jason Baker,2007,sp_teams,29,29-32,CAR,Undrafted,Undrafted,16,0
MikeBarr29ARI2007,Mike Barr,2007,sp_teams,29,29-32,ARI,Undrafted,Undrafted,11,0
ConnorBarth29TAM2015,Connor Barth,2015,sp_teams,29,29-32,TAM,Undrafted,Undrafted,12,0
MitchBerger29MIN2001,Mitch Berger,2001,sp_teams,29,29-32,MIN,8,37,12,0
JoshBidwell29TAM2005,Josh Bidwell,2005,sp_teams,29,29-32,TAM,6,8,16,0
RobBironas29TEN2007,Rob Bironas,2007,sp_teams,29,29-32,TEN,Undrafted,Undrafted,16,0
MatthewBosher29ATL2016,Matthew Bosher,2016,sp_teams,29,29-32,ATL,8,36,15,0
JoshBrown29STL2008,Josh Brown,2008,sp_teams,29,29-32,STL,9,48,16,0
KrisBrown29HOU2005,Kris Brown,2005,sp_teams,29,29-32,HOU,9,52,16,0
MattBryant292TM2004,Matt Bryant,2004,sp_teams,29,29-32,2TM,Undrafted,Undrafted,4,0
RandyBullock29CIN2018,Randy Bullock,2018,sp_teams,29,29-32,CIN,7,18,8,0
DanCarpenter29BUF2014,Dan Carpenter,2014,sp_teams,29,29-32,BUF,Undrafted,Undrafted,16,0
BrittonColquitt29DEN2014,Britton Colquitt,2014,sp_teams,29,29-32,DEN,Undrafted,Undrafted,16,0
DustinColquitt29KAN2011,Dustin Colquitt,2011,sp_teams,29,29-32,KAN,5,82,16,0
JoseCortez29MIN2004,Jose Cortez,2004,sp_teams,29,29-32,MIN,Undrafted,Undrafted,8,0
MasonCrosby29GNB2013,Mason Crosby,2013,sp_teams,29,29-32,GNB,8,37,16,0
BillyCundiff292TM2009,Billy Cundiff,2009,sp_teams,29,29-32,2TM,Undrafted,Undrafted,12,0
PhilDawson29CLE2004,Phil Dawson,2004,sp_teams,29,29-32,CLE,Undrafted,Undrafted,16,0
JayFeely29NYG2005,Jay Feely,2005,sp_teams,29,29-32,NYG,Undrafted,Undrafted,16,0
BrandonFields29MIA2013,Brandon Fields,2013,sp_teams,29,29-32,MIA,9,51,16,0
NickFolk29NYJ2013,Nick Folk,2013,sp_teams,29,29-32,NYJ,8,30,16,0
KaiForbath29MIN2016,Kai Forbath,2016,sp_teams,29,29-32,MIN,Undrafted,Undrafted,7,0
GrahamGano29CAR2016,Graham Gano,2016,sp_teams,29,29-32,CAR,Undrafted,Undrafted,16,0
StephenGostkowski29NWE2013,Stephen Gostkowski,2013,sp_teams,29,29-32,NWE,6,6,16,0
RobbieGould29CHI2010,Robbie Gould,2010,sp_teams,29,29-32,CHI,Undrafted,Undrafted,16,0
TobyGowin29NYJ2004,Toby Gowin,2004,sp_teams,29,29-32,NYJ,Undrafted,Undrafted,16,0
ShayneGraham29CIN2006,Shayne Graham,2006,sp_teams,29,29-32,CIN,Undrafted,Undrafted,16,0
MartinGramatica292TM2004,Martin Gramatica,2004,sp_teams,29,29-32,2TM,5,74,15,0
JohnHall29WAS2003,John Hall,2003,sp_teams,29,29-32,WAS,Undrafted,Undrafted,16,0
ChrisHanson29JAX2005,Chris Hanson,2005,sp_teams,29,29-32,JAX,Undrafted,Undrafted,16,0
NickHarris29DET2007,Nick Harris,2007,sp_teams,29,29-32,DET,6,7,16,0
StevenHauschka29SEA2014,Steven Hauschka,2014,sp_teams,29,29-32,SEA,Undrafted,Undrafted,16,0
CraigHentrich29TEN2000,Craig Hentrich,2000,sp_teams,29,29-32,TEN,10,39,16,0
MikeHollis29JAX2001,Mike Hollis,2001,sp_teams,29,29-32,JAX,Undrafted,Undrafted,16,0
KevinHuber29CIN2014,Kevin Huber,2014,sp_teams,29,29-32,CIN,7,11,16,0
SebastianJanikowski29OAK2007,Sebastian Janikowski,2007,sp_teams,29,29-32,OAK,1,24,16,0
DirkJohnson29PHI2004,Dirk Johnson,2004,sp_teams,29,29-32,PHI,Undrafted,Undrafted,16,0
ChrisJones29DAL2018,Chris Jones,2018,sp_teams,29,29-32,DAL,Undrafted,Undrafted,7,0
DonnieJones29STL2009,Donnie Jones,2009,sp_teams,29,29-32,STL,9,50,16,0
NateKaeding29SDG2011,Nate Kaeding,2011,sp_teams,29,29-32,SDG,5,69,1,0
BrettKern29TEN2015,Brett Kern,2015,sp_teams,29,29-32,TEN,Undrafted,Undrafted,16,0
DannyKight29IND2000,Danny Kight,2000,sp_teams,29,29-32,IND,Undrafted,Undrafted,16,0
MarquetteKing29OAK2017,Marquette King,2017,sp_teams,29,29-32,OAK,Undrafted,Undrafted,16,0
ChrisKluwe29MIN2010,Chris Kluwe,2010,sp_teams,29,29-32,MIN,Undrafted,Undrafted,16,0
MicahKnorr29DEN2004,Micah Knorr,2004,sp_teams,29,29-32,DEN,Undrafted,Undrafted,12,0
SamKoch29BAL2011,Sam Koch,2011,sp_teams,29,29-32,BAL,8,42,16,0
MichaelKoenen29TAM2011,Michael Koenen,2011,sp_teams,29,29-32,TAM,Undrafted,Undrafted,16,0
ShaneLechler29OAK2005,Shane Lechler,2005,sp_teams,29,29-32,OAK,7,11,16,0
AndyLee29SFO2011,Andy Lee,2011,sp_teams,29,29-32,SFO,8,34,16,0
RianLindell29BUF2006,Rian Lindell,2006,sp_teams,29,29-32,BUF,Undrafted,Undrafted,16,0
RyanLongwell29GNB2003,Ryan Longwell,2003,sp_teams,29,29-32,GNB,Undrafted,Undrafted,16,0
BrettMaher29DAL2018,Brett Maher,2018,sp_teams,29,29-32,DAL,Undrafted,Undrafted,7,0
OlindoMare29MIA2002,Olindo Mare,2002,sp_teams,29,29-32,MIA,Undrafted,Undrafted,16,0
BradMaynard29CHI2003,Brad Maynard,2003,sp_teams,29,29-32,CHI,5,79,16,0
PatMcAfee29IND2016,Pat McAfee,2016,sp_teams,29,29-32,IND,9,48,16,0
MatMcBriar29DAL2008,Mat McBriar,2008,sp_teams,29,29-32,DAL,Undrafted,Undrafted,6,0
JustinMedlock29CAR2012,Justin Medlock,2012,sp_teams,29,29-32,CAR,7,17,10,0
BrianMoorman29BUF2005,Brian Moorman,2005,sp_teams,29,29-32,BUF,Undrafted,Undrafted,16,0
ThomasMorstead29NOR2015,Thomas Morstead,2015,sp_teams,29,29-32,NOR,7,19,14,0
JoeNedney29TEN2002,Joe Nedney,2002,sp_teams,29,29-32,TEN,Undrafted,Undrafted,16,0
MikeNugent29CIN2011,Mike Nugent,2011,sp_teams,29,29-32,CIN,4,64,16,0
GlennPakulak29WAS2009,Glenn Pakulak,2009,sp_teams,29,29-32,WAS,Undrafted,Undrafted,2,0
AdamPodlesh29CHI2012,Adam Podlesh,2012,sp_teams,29,29-32,CHI,6,2,16,0
MattPrater29DEN2013,Matt Prater,2013,sp_teams,29,29-32,DEN,Undrafted,Undrafted,16,0
NeilRackers29ARI2005,Neil Rackers,2005,sp_teams,29,29-32,ARI,8,23,15,0
DaveRayner292TM2011,Dave Rayner,2011,sp_teams,29,29-32,2TM,8,41,8,0
JeffReed29PIT2008,Jeff Reed,2008,sp_teams,29,29-32,PIT,Undrafted,Undrafted,16,0
KyleRichardson29MIN2002,Kyle Richardson,2002,sp_teams,29,29-32,MIN,Undrafted,Undrafted,16,0
JonRyan29SEA2010,Jon Ryan,2010,sp_teams,29,29-32,SEA,Undrafted,Undrafted,16,0
ToddSauerbrun29CAR2002,Todd Sauerbrun,2002,sp_teams,29,29-32,CAR,4,65,16,0
MikeScifres29SDG2009,Mike Scifres,2009,sp_teams,29,29-32,SDG,7,13,16,0
JoshScobee29JAX2011,Josh Scobee,2011,sp_teams,29,29-32,JAX,7,9,16,0
HunterSmith29IND2006,Hunter Smith,2006,sp_teams,29,29-32,IND,9,44,16,0
ChadStanley29HOU2005,Chad Stanley,2005,sp_teams,29,29-32,HOU,Undrafted,Undrafted,16,0
CalebSturgis29LAC2018,Caleb Sturgis,2018,sp_teams,29,29-32,LAC,7,21,5,0
RyanSuccop29TEN2015,Ryan Succop,2015,sp_teams,29,29-32,TEN,9,61,16,0
ShaunSuisham29PIT2010,Shaun Suisham,2010,sp_teams,29,29-32,PIT,Undrafted,Undrafted,7,0
JimTarle29JAX2001,Jim Tarle,2001,sp_teams,29,29-32,JAX,Undrafted,Undrafted,9,0
JustinTucker29BAL2018,Justin Tucker,2018,sp_teams,29,29-32,BAL,Undrafted,Undrafted,8,0
LawrenceTynes29NYG2007,Lawrence Tynes,2007,sp_teams,29,29-32,NYG,Undrafted,Undrafted,16,0
AdamVinatieri29NWE2001,Adam Vinatieri,2001,sp_teams,29,29-32,NWE,Undrafted,Undrafted,16,0
KenWalter29NWE2001,Ken Walter,2001,sp_teams,29,29-32,NWE,Undrafted,Undrafted,11,0
SteveWeatherford29NYG2011,Steve Weatherford,2011,sp_teams,29,29-32,NYG,Undrafted,Undrafted,16,0
WesWelker29NWE2010,Wes Welker,2010,sp_teams,29,29-32,NWE,Undrafted,Undrafted,15,11
JeffWilkins29STL2001,Jeff Wilkins,2001,sp_teams,29,29-32,STL,Undrafted,Undrafted,16,0
DaveZastudil29CLE2007,Dave Zastudil,2007,sp_teams,29,29-32,CLE,6,5,12,0
GregZuerlein29LAR2016,Greg Zuerlein,2016,sp_teams,29,29-32,LAR,8,25,16,0
DavidAkers30PHI2004,David Akers,2004,sp_teams,30,29-32,PHI,Undrafted,Undrafted,16,0
ShaneAndrus30SFO2010,Shane Andrus,2010,sp_teams,30,29-32,SFO,Undrafted,Undrafted,2,0
BryanAnger30TAM2018,Bryan Anger,2018,sp_teams,30,29-32,TAM,5,71,7,0
DanBailey30MIN2018,Dan Bailey,2018,sp_teams,30,29-32,MIN,Undrafted,Undrafted,6,0
JasonBaker30CAR2008,Jason Baker,2008,sp_teams,30,29-32,CAR,Undrafted,Undrafted,16,0
ConnorBarth30CHI2016,Connor Barth,2016,sp_teams,30,29-32,CHI,Undrafted,Undrafted,16,0
MitchBerger30STL2002,Mitch Berger,2002,sp_teams,30,29-32,STL,8,37,16,0
JoshBidwell30TAM2006,Josh Bidwell,2006,sp_teams,30,29-32,TAM,6,8,16,0
RobBironas30TEN2008,Rob Bironas,2008,sp_teams,30,29-32,TEN,Undrafted,Undrafted,16,0
MatthewBosher30ATL2017,Matthew Bosher,2017,sp_teams,30,29-32,ATL,8,36,16,0
DougBrien30NOR2000,Doug Brien,2000,sp_teams,30,29-32,NOR,5,75,16,0
JoshBrown30STL2009,Josh Brown,2009,sp_teams,30,29-32,STL,9,48,16,0
KrisBrown30HOU2006,Kris Brown,2006,sp_teams,30,29-32,HOU,9,52,16,0
MattBryant30TAM2005,Matt Bryant,2005,sp_teams,30,29-32,TAM,Undrafted,Undrafted,15,0
DanCarpenter30BUF2015,Dan Carpenter,2015,sp_teams,30,29-32,BUF,Undrafted,Undrafted,16,0
BrittonColquitt30DEN2015,Britton Colquitt,2015,sp_teams,30,29-32,DEN,Undrafted,Undrafted,16,0
DustinColquitt30KAN2012,Dustin Colquitt,2012,sp_teams,30,29-32,KAN,5,82,16,0
JoseCortez304TM2005,Jose Cortez,2005,sp_teams,30,29-32,4TM,Undrafted,Undrafted,14,0
MasonCrosby30GNB2014,Mason Crosby,2014,sp_teams,30,29-32,GNB,8,37,16,0
BillyCundiff30BAL2010,Billy Cundiff,2010,sp_teams,30,29-32,BAL,Undrafted,Undrafted,16,0
RichieCunningham30CAR2000,Richie Cunningham,2000,sp_teams,30,29-32,CAR,Undrafted,Undrafted,4,0
PhilDawson30CLE2005,Phil Dawson,2005,sp_teams,30,29-32,CLE,Undrafted,Undrafted,16,0
JasonElam30DEN2000,Jason Elam,2000,sp_teams,30,29-32,DEN,5,71,13,0
JayFeely30NYG2006,Jay Feely,2006,sp_teams,30,29-32,NYG,Undrafted,Undrafted,16,0
BrandonFields30MIA2014,Brandon Fields,2014,sp_teams,30,29-32,MIA,9,51,16,0
NickFolk30NYJ2014,Nick Folk,2014,sp_teams,30,29-32,NYJ,8,30,16,0
KaiForbath30MIN2017,Kai Forbath,2017,sp_teams,30,29-32,MIN,Undrafted,Undrafted,16,0
GrahamGano30CAR2017,Graham Gano,2017,sp_teams,30,29-32,CAR,Undrafted,Undrafted,16,0
ChrisGardocki30CLE2000,Chris Gardocki,2000,sp_teams,30,29-32,CLE,5,73,16,0
StephenGostkowski30NWE2014,Stephen Gostkowski,2014,sp_teams,30,29-32,NWE,6,6,16,0
RobbieGould30CHI2011,Robbie Gould,2011,sp_teams,30,29-32,CHI,Undrafted,Undrafted,16,0
ShayneGraham30CIN2007,Shayne Graham,2007,sp_teams,30,29-32,CIN,Undrafted,Undrafted,16,0
JohnHall30WAS2004,John Hall,2004,sp_teams,30,29-32,WAS,Undrafted,Undrafted,8,0
ChrisHanson30JAX2006,Chris Hanson,2006,sp_teams,30,29-32,JAX,Undrafted,Undrafted,16,0
JasonHanson30DET2000,Jason Hanson,2000,sp_teams,30,29-32,DET,4,65,16,0
NickHarris30DET2008,Nick Harris,2008,sp_teams,30,29-32,DET,6,7,16,0
StevenHauschka30SEA2015,Steven Hauschka,2015,sp_teams,30,29-32,SEA,Undrafted,Undrafted,16,0
CraigHentrich30TEN2001,Craig Hentrich,2001,sp_teams,30,29-32,TEN,10,39,16,0
ReggieHodges30CLE2012,Reggie Hodges,2012,sp_teams,30,29-32,CLE,8,44,16,0
MikeHollis30BUF2002,Mike Hollis,2002,sp_teams,30,29-32,BUF,Undrafted,Undrafted,16,0
KevinHuber30CIN2015,Kevin Huber,2015,sp_teams,30,29-32,CIN,7,11,16,0
MichaelHusted30WAS2000,Michael Husted,2000,sp_teams,30,29-32,WAS,Undrafted,Undrafted,4,0
SebastianJanikowski30OAK2008,Sebastian Janikowski,2008,sp_teams,30,29-32,OAK,1,24,16,0
DirkJohnson30PHI2005,Dirk Johnson,2005,sp_teams,30,29-32,PHI,Undrafted,Undrafted,7,0
DonnieJones30STL2010,Donnie Jones,2010,sp_teams,30,29-32,STL,9,50,16,0
NateKaeding302TM2012,Nate Kaeding,2012,sp_teams,30,29-32,2TM,5,69,5,0
BrettKern30TEN2016,Brett Kern,2016,sp_teams,30,29-32,TEN,Undrafted,Undrafted,16,0
DannyKight30BAL2001,Danny Kight,2001,sp_teams,30,29-32,BAL,Undrafted,Undrafted,10,0
MarquetteKing30DEN2018,Marquette King,2018,sp_teams,30,29-32,DEN,Undrafted,Undrafted,4,0
ChrisKluwe30MIN2011,Chris Kluwe,2011,sp_teams,30,29-32,MIN,Undrafted,Undrafted,16,0
SamKoch30BAL2012,Sam Koch,2012,sp_teams,30,29-32,BAL,8,42,16,0
MichaelKoenen30TAM2012,Michael Koenen,2012,sp_teams,30,29-32,TAM,Undrafted,Undrafted,16,0
ShaneLechler30OAK2006,Shane Lechler,2006,sp_teams,30,29-32,OAK,7,11,16,0
AndyLee30SFO2012,Andy Lee,2012,sp_teams,30,29-32,SFO,8,34,16,0
RianLindell30BUF2007,Rian Lindell,2007,sp_teams,30,29-32,BUF,Undrafted,Undrafted,16,0
RyanLongwell30GNB2004,Ryan Longwell,2004,sp_teams,30,29-32,GNB,Undrafted,Undrafted,16,0
OlindoMare30MIA2003,Olindo Mare,2003,sp_teams,30,29-32,MIA,Undrafted,Undrafted,16,0
BradMaynard30CHI2004,Brad Maynard,2004,sp_teams,30,29-32,CHI,5,79,16,0
MatMcBriar30DAL2009,Mat McBriar,2009,sp_teams,30,29-32,DAL,Undrafted,Undrafted,16,0
JoshMiller30PIT2000,Josh Miller,2000,sp_teams,30,29-32,PIT,Undrafted,Undrafted,16,0
BrianMoorman30BUF2006,Brian Moorman,2006,sp_teams,30,29-32,BUF,Undrafted,Undrafted,16,0
ThomasMorstead30NOR2016,Thomas Morstead,2016,sp_teams,30,29-32,NOR,7,19,16,0
JoeNedney30TEN2003,Joe Nedney,2003,sp_teams,30,29-32,TEN,Undrafted,Undrafted,1,0
NickNovak30SDG2011,Nick Novak,2011,sp_teams,30,29-32,SDG,Undrafted,Undrafted,15,0
MikeNugent30CIN2012,Mike Nugent,2012,sp_teams,30,29-32,CIN,4,64,12,0
ToddPeterson30KAN2000,Todd Peterson,2000,sp_teams,30,29-32,KAN,9,29,11,0
AdamPodlesh30CHI2013,Adam Podlesh,2013,sp_teams,30,29-32,CHI,6,2,16,0
MattPrater302TM2014,Matt Prater,2014,sp_teams,30,29-32,2TM,Undrafted,Undrafted,11,0
NeilRackers30ARI2006,Neil Rackers,2006,sp_teams,30,29-32,ARI,8,23,16,0
JeffReed30PIT2009,Jeff Reed,2009,sp_teams,30,29-32,PIT,Undrafted,Undrafted,16,0
KyleRichardson30CIN2003,Kyle Richardson,2003,sp_teams,30,29-32,CIN,Undrafted,Undrafted,11,0
JonRyan30SEA2011,Jon Ryan,2011,sp_teams,30,29-32,SEA,Undrafted,Undrafted,16,0
ToddSauerbrun30CAR2003,Todd Sauerbrun,2003,sp_teams,30,29-32,CAR,4,65,16,0
MikeScifres30SDG2010,Mike Scifres,2010,sp_teams,30,29-32,SDG,7,13,16,0
JoshScobee30JAX2012,Josh Scobee,2012,sp_teams,30,29-32,JAX,7,9,16,0
HunterSmith30IND2007,Hunter Smith,2007,sp_teams,30,29-32,IND,9,44,16,0
ChadStanley30HOU2006,Chad Stanley,2006,sp_teams,30,29-32,HOU,Undrafted,Undrafted,16,0
RyanSuccop30TEN2016,Ryan Succop,2016,sp_teams,30,29-32,TEN,9,61,16,0
ShaunSuisham30PIT2011,Shaun Suisham,2011,sp_teams,30,29-32,PIT,Undrafted,Undrafted,16,0
LawrenceTynes30NYG2008,Lawrence Tynes,2008,sp_teams,30,29-32,NYG,Undrafted,Undrafted,2,0
MikeVanderjagt30IND2000,Mike Vanderjagt,2000,sp_teams,30,29-32,IND,Undrafted,Undrafted,16,0
AdamVinatieri30NWE2002,Adam Vinatieri,2002,sp_teams,30,29-32,NWE,Undrafted,Undrafted,16,0
KenWalter30NWE2002,Ken Walter,2002,sp_teams,30,29-32,NWE,Undrafted,Undrafted,16,0
SteveWeatherford30NYG2012,Steve Weatherford,2012,sp_teams,30,29-32,NYG,Undrafted,Undrafted,16,0
JeffWilkins30STL2002,Jeff Wilkins,2002,sp_teams,30,29-32,STL,Undrafted,Undrafted,16,0
DaveZastudil30CLE2008,Dave Zastudil,2008,sp_teams,30,29-32,CLE,6,5,16,0
GregZuerlein30LAR2017,Greg Zuerlein,2017,sp_teams,30,29-32,LAR,8,25,14,0
DavidAkers31PHI2005,David Akers,2005,sp_teams,31,29-32,PHI,Undrafted,Undrafted,12,0
LeoAraguz31DET2001,Leo Araguz,2001,sp_teams,31,29-32,DET,Undrafted,Undrafted,3,0
JasonBaker31CAR2009,Jason Baker,2009,sp_teams,31,29-32,CAR,Undrafted,Undrafted,16,0
ConnorBarth31CHI2017,Connor Barth,2017,sp_teams,31,29-32,CHI,Undrafted,Undrafted,10,0
MitchBerger31NOR2003,Mitch Berger,2003,sp_teams,31,29-32,NOR,8,37,16,0
JoshBidwell31TAM2007,Josh Bidwell,2007,sp_teams,31,29-32,TAM,6,8,16,0
RobBironas31TEN2009,Rob Bironas,2009,sp_teams,31,29-32,TEN,Undrafted,Undrafted,16,0
MatthewBosher31ATL2018,Matthew Bosher,2018,sp_teams,31,29-32,ATL,8,36,7,0
DougBrien312TM2001,Doug Brien,2001,sp_teams,31,29-32,2TM,5,75,3,0
JoshBrown31STL2010,Josh Brown,2010,sp_teams,31,29-32,STL,9,48,16,0
KrisBrown31HOU2007,Kris Brown,2007,sp_teams,31,29-32,HOU,9,52,16,0
MattBryant31TAM2006,Matt Bryant,2006,sp_teams,31,29-32,TAM,Undrafted,Undrafted,16,0
DanCarpenter31BUF2016,Dan Carpenter,2016,sp_teams,31,29-32,BUF,Undrafted,Undrafted,16,0
BrittonColquitt31CLE2016,Britton Colquitt,2016,sp_teams,31,29-32,CLE,Undrafted,Undrafted,16,0
DustinColquitt31KAN2013,Dustin Colquitt,2013,sp_teams,31,29-32,KAN,5,82,16,0
MasonCrosby31GNB2015,Mason Crosby,2015,sp_teams,31,29-32,GNB,8,37,16,0
BillyCundiff31BAL2011,Billy Cundiff,2011,sp_teams,31,29-32,BAL,Undrafted,Undrafted,15,0
PhilDawson31CLE2006,Phil Dawson,2006,sp_teams,31,29-32,CLE,Undrafted,Undrafted,16,0
JasonElam31DEN2001,Jason Elam,2001,sp_teams,31,29-32,DEN,5,71,16,0
JayFeely31MIA2007,Jay Feely,2007,sp_teams,31,29-32,MIA,Undrafted,Undrafted,16,0
BrandonFields31NOR2015,Brandon Fields,2015,sp_teams,31,29-32,NOR,9,51,2,0
NickFolk31NYJ2015,Nick Folk,2015,sp_teams,31,29-32,NYJ,8,30,8,0
GrahamGano31CAR2018,Graham Gano,2018,sp_teams,31,29-32,CAR,Undrafted,Undrafted,7,0
ChrisGardocki31CLE2001,Chris Gardocki,2001,sp_teams,31,29-32,CLE,5,73,16,0
StephenGostkowski31NWE2015,Stephen Gostkowski,2015,sp_teams,31,29-32,NWE,6,6,16,0
RobbieGould31CHI2012,Robbie Gould,2012,sp_teams,31,29-32,CHI,Undrafted,Undrafted,13,0
ShayneGraham31CIN2008,Shayne Graham,2008,sp_teams,31,29-32,CIN,Undrafted,Undrafted,14,0
MartinGramatica312TM2006,Martin Gramatica,2006,sp_teams,31,29-32,2TM,5,74,8,0
JohnHall31WAS2005,John Hall,2005,sp_teams,31,29-32,WAS,Undrafted,Undrafted,10,0
RemyHamilton31DET2005,Remy Hamilton,2005,sp_teams,31,29-32,DET,Undrafted,Undrafted,1,0
ChrisHanson31NWE2007,Chris Hanson,2007,sp_teams,31,29-32,NWE,Undrafted,Undrafted,16,0
JasonHanson31DET2001,Jason Hanson,2001,sp_teams,31,29-32,DET,4,65,16,0
NickHarris31DET2009,Nick Harris,2009,sp_teams,31,29-32,DET,6,7,16,0
StevenHauschka31SEA2016,Steven Hauschka,2016,sp_teams,31,29-32,SEA,Undrafted,Undrafted,16,0
CraigHentrich31TEN2002,Craig Hentrich,2002,sp_teams,31,29-32,TEN,10,39,16,0
KevinHuber31CIN2016,Kevin Huber,2016,sp_teams,31,29-32,CIN,7,11,16,0
SebastianJanikowski31OAK2009,Sebastian Janikowski,2009,sp_teams,31,29-32,OAK,1,24,16,0
DirkJohnson31PHI2006,Dirk Johnson,2006,sp_teams,31,29-32,PHI,Undrafted,Undrafted,16,0
DonnieJones31STL2011,Donnie Jones,2011,sp_teams,31,29-32,STL,9,50,16,0
BrettKern31TEN2017,Brett Kern,2017,sp_teams,31,29-32,TEN,Undrafted,Undrafted,16,0
ChrisKluwe31MIN2012,Chris Kluwe,2012,sp_teams,31,29-32,MIN,Undrafted,Undrafted,16,0
SamKoch31BAL2013,Sam Koch,2013,sp_teams,31,29-32,BAL,8,42,16,0
MichaelKoenen31TAM2013,Michael Koenen,2013,sp_teams,31,29-32,TAM,Undrafted,Undrafted,16,0
ShaneLechler31OAK2007,Shane Lechler,2007,sp_teams,31,29-32,OAK,7,11,16,0
AndyLee31SFO2013,Andy Lee,2013,sp_teams,31,29-32,SFO,8,34,16,0
RianLindell31BUF2008,Rian Lindell,2008,sp_teams,31,29-32,BUF,Undrafted,Undrafted,16,0
RyanLongwell31GNB2005,Ryan Longwell,2005,sp_teams,31,29-32,GNB,Undrafted,Undrafted,16,0
OlindoMare31MIA2004,Olindo Mare,2004,sp_teams,31,29-32,MIA,Undrafted,Undrafted,11,0
BradMaynard31CHI2005,Brad Maynard,2005,sp_teams,31,29-32,CHI,5,79,16,0
MatMcBriar31DAL2010,Mat McBriar,2010,sp_teams,31,29-32,DAL,Undrafted,Undrafted,16,0
JoshMiller31PIT2001,Josh Miller,2001,sp_teams,31,29-32,PIT,Undrafted,Undrafted,16,0
BrianMoorman31BUF2007,Brian Moorman,2007,sp_teams,31,29-32,BUF,Undrafted,Undrafted,16,0
ThomasMorstead31NOR2017,Thomas Morstead,2017,sp_teams,31,29-32,NOR,7,19,16,0
NickNovak31SDG2012,Nick Novak,2012,sp_teams,31,29-32,SDG,Undrafted,Undrafted,13,0
MikeNugent31CIN2013,Mike Nugent,2013,sp_teams,31,29-32,CIN,4,64,16,0
ToddPeterson31KAN2001,Todd Peterson,2001,sp_teams,31,29-32,KAN,9,29,16,0
ScottPlayer31ARI2000,Scott Player,2000,sp_teams,31,29-32,ARI,Undrafted,Undrafted,16,0
AdamPodlesh31PIT2014,Adam Podlesh,2014,sp_teams,31,29-32,PIT,6,2,0,NA
MattPrater31DET2015,Matt Prater,2015,sp_teams,31,29-32,DET,Undrafted,Undrafted,16,0
NeilRackers31ARI2007,Neil Rackers,2007,sp_teams,31,29-32,ARI,8,23,16,0
JeffReed312TM2010,Jeff Reed,2010,sp_teams,31,29-32,2TM,Undrafted,Undrafted,14,0
JonRyan31SEA2012,Jon Ryan,2012,sp_teams,31,29-32,SEA,Undrafted,Undrafted,16,0
ToddSauerbrun31CAR2004,Todd Sauerbrun,2004,sp_teams,31,29-32,CAR,4,65,16,0
MikeScifres31SDG2011,Mike Scifres,2011,sp_teams,31,29-32,SDG,7,13,16,0
JoshScobee31JAX2013,Josh Scobee,2013,sp_teams,31,29-32,JAX,7,9,16,0
HunterSmith31IND2008,Hunter Smith,2008,sp_teams,31,29-32,IND,9,44,16,0
RyanSuccop31TEN2017,Ryan Succop,2017,sp_teams,31,29-32,TEN,9,61,16,0
ShaunSuisham31PIT2012,Shaun Suisham,2012,sp_teams,31,29-32,PIT,Undrafted,Undrafted,16,0
LawrenceTynes31NYG2009,Lawrence Tynes,2009,sp_teams,31,29-32,NYG,Undrafted,Undrafted,16,0
MikeVanderjagt31IND2001,Mike Vanderjagt,2001,sp_teams,31,29-32,IND,Undrafted,Undrafted,16,0
AdamVinatieri31NWE2003,Adam Vinatieri,2003,sp_teams,31,29-32,NWE,Undrafted,Undrafted,16,0
KenWalter31NWE2003,Ken Walter,2003,sp_teams,31,29-32,NWE,Undrafted,Undrafted,15,0
SteveWeatherford31NYG2013,Steve Weatherford,2013,sp_teams,31,29-32,NYG,Undrafted,Undrafted,16,0
JeffWilkins31STL2003,Jeff Wilkins,2003,sp_teams,31,29-32,STL,Undrafted,Undrafted,16,0
DaveZastudil31CLE2009,Dave Zastudil,2009,sp_teams,31,29-32,CLE,6,5,8,0
GregZuerlein31LAR2018,Greg Zuerlein,2018,sp_teams,31,29-32,LAR,8,25,3,0
DavidAkers32PHI2006,David Akers,2006,sp_teams,32,29-32,PHI,Undrafted,Undrafted,16,0
JasonBaker32CAR2010,Jason Baker,2010,sp_teams,32,29-32,CAR,Undrafted,Undrafted,16,0
MitchBerger32NOR2004,Mitch Berger,2004,sp_teams,32,29-32,NOR,8,37,16,0
JoshBidwell32TAM2008,Josh Bidwell,2008,sp_teams,32,29-32,TAM,6,8,16,0
RobBironas32TEN2010,Rob Bironas,2010,sp_teams,32,29-32,TEN,Undrafted,Undrafted,16,0
CaryBlanchard32ARI2000,Cary Blanchard,2000,sp_teams,32,29-32,ARI,Undrafted,Undrafted,16,0
DougBrien32MIN2002,Doug Brien,2002,sp_teams,32,29-32,MIN,5,75,6,0
JoshBrown32STL2011,Josh Brown,2011,sp_teams,32,29-32,STL,9,48,16,0
KrisBrown32HOU2008,Kris Brown,2008,sp_teams,32,29-32,HOU,9,52,16,0
MattBryant32TAM2007,Matt Bryant,2007,sp_teams,32,29-32,TAM,Undrafted,Undrafted,16,0
BrittonColquitt32CLE2017,Britton Colquitt,2017,sp_teams,32,29-32,CLE,Undrafted,Undrafted,16,0
DustinColquitt32KAN2014,Dustin Colquitt,2014,sp_teams,32,29-32,KAN,5,82,16,0
MasonCrosby32GNB2016,Mason Crosby,2016,sp_teams,32,29-32,GNB,8,37,16,0
BillyCundiff32WAS2012,Billy Cundiff,2012,sp_teams,32,29-32,WAS,Undrafted,Undrafted,5,0
RichieCunningham32JAX2002,Richie Cunningham,2002,sp_teams,32,29-32,JAX,Undrafted,Undrafted,1,0
PhilDawson32CLE2007,Phil Dawson,2007,sp_teams,32,29-32,CLE,Undrafted,Undrafted,16,0
JasonElam32DEN2002,Jason Elam,2002,sp_teams,32,29-32,DEN,5,71,16,0
JayFeely32NYJ2008,Jay Feely,2008,sp_teams,32,29-32,NYJ,Undrafted,Undrafted,15,0
NickFolk32NYJ2016,Nick Folk,2016,sp_teams,32,29-32,NYJ,8,30,16,0
ChrisGardocki32CLE2002,Chris Gardocki,2002,sp_teams,32,29-32,CLE,5,73,16,0
StephenGostkowski32NWE2016,Stephen Gostkowski,2016,sp_teams,32,29-32,NWE,6,6,16,0
RobbieGould32CHI2013,Robbie Gould,2013,sp_teams,32,29-32,CHI,Undrafted,Undrafted,16,0
BenGraham32NYJ2005,Ben Graham,2005,sp_teams,32,29-32,NYJ,Undrafted,Undrafted,16,0
ShayneGraham32CIN2009,Shayne Graham,2009,sp_teams,32,29-32,CIN,Undrafted,Undrafted,16,0
MartinGramatica32NOR2007,Martin Gramatica,2007,sp_teams,32,29-32,NOR,5,74,3,0
JohnHall32WAS2006,John Hall,2006,sp_teams,32,29-32,WAS,Undrafted,Undrafted,5,0
ChrisHanson32NWE2008,Chris Hanson,2008,sp_teams,32,29-32,NWE,Undrafted,Undrafted,16,0
JasonHanson32DET2002,Jason Hanson,2002,sp_teams,32,29-32,DET,4,65,16,0
NickHarris32DET2010,Nick Harris,2010,sp_teams,32,29-32,DET,6,7,16,0
StevenHauschka32BUF2017,Steven Hauschka,2017,sp_teams,32,29-32,BUF,Undrafted,Undrafted,16,0
CraigHentrich32TEN2003,Craig Hentrich,2003,sp_teams,32,29-32,TEN,10,39,16,0
KevinHuber32CIN2017,Kevin Huber,2017,sp_teams,32,29-32,CIN,7,11,16,0
MichaelHusted32KAN2002,Michael Husted,2002,sp_teams,32,29-32,KAN,Undrafted,Undrafted,6,0
SebastianJanikowski32OAK2010,Sebastian Janikowski,2010,sp_teams,32,29-32,OAK,1,24,16,0
JohnJett32DET2000,John Jett,2000,sp_teams,32,29-32,DET,Undrafted,Undrafted,16,0
DirkJohnson32CHI2007,Dirk Johnson,2007,sp_teams,32,29-32,CHI,Undrafted,Undrafted,1,0
DonnieJones32HOU2012,Donnie Jones,2012,sp_teams,32,29-32,HOU,9,50,16,0
JohnKasay32CAR2001,John Kasay,2001,sp_teams,32,29-32,CAR,6,81,16,0
BrettKern32TEN2018,Brett Kern,2018,sp_teams,32,29-32,TEN,Undrafted,Undrafted,7,0
OlaKimrin32WAS2004,Ola Kimrin,2004,sp_teams,32,29-32,WAS,Undrafted,Undrafted,5,0
SamKoch32BAL2014,Sam Koch,2014,sp_teams,32,29-32,BAL,8,42,16,0
MichaelKoenen32TAM2014,Michael Koenen,2014,sp_teams,32,29-32,TAM,Undrafted,Undrafted,16,0
ShaneLechler32OAK2008,Shane Lechler,2008,sp_teams,32,29-32,OAK,7,11,16,0
AndyLee32SFO2014,Andy Lee,2014,sp_teams,32,29-32,SFO,8,34,16,0
RianLindell32BUF2009,Rian Lindell,2009,sp_teams,32,29-32,BUF,Undrafted,Undrafted,16,0
RyanLongwell32MIN2006,Ryan Longwell,2006,sp_teams,32,29-32,MIN,Undrafted,Undrafted,16,0
OlindoMare32MIA2005,Olindo Mare,2005,sp_teams,32,29-32,MIA,Undrafted,Undrafted,16,0
BradMaynard32CHI2006,Brad Maynard,2006,sp_teams,32,29-32,CHI,5,79,16,0
MatMcBriar32DAL2011,Mat McBriar,2011,sp_teams,32,29-32,DAL,Undrafted,Undrafted,14,0
JoshMiller32PIT2002,Josh Miller,2002,sp_teams,32,29-32,PIT,Undrafted,Undrafted,14,0
BrianMoorman32BUF2008,Brian Moorman,2008,sp_teams,32,29-32,BUF,Undrafted,Undrafted,16,0
ThomasMorstead32NOR2018,Thomas Morstead,2018,sp_teams,32,29-32,NOR,7,19,7,0
JoeNedney32SFO2005,Joe Nedney,2005,sp_teams,32,29-32,SFO,Undrafted,Undrafted,15,0
NickNovak32SDG2013,Nick Novak,2013,sp_teams,32,29-32,SDG,Undrafted,Undrafted,16,0
MikeNugent32CIN2014,Mike Nugent,2014,sp_teams,32,29-32,CIN,4,64,16,0
ToddPeterson32PIT2002,Todd Peterson,2002,sp_teams,32,29-32,PIT,9,29,10,0
ScottPlayer32ARI2001,Scott Player,2001,sp_teams,32,29-32,ARI,Undrafted,Undrafted,12,0
MattPrater32DET2016,Matt Prater,2016,sp_teams,32,29-32,DET,Undrafted,Undrafted,16,0
NeilRackers32ARI2008,Neil Rackers,2008,sp_teams,32,29-32,ARI,8,23,16,0
KyleRichardson32CLE2005,Kyle Richardson,2005,sp_teams,32,29-32,CLE,Undrafted,Undrafted,16,0
TomRouen32DEN2000,Tom Rouen,2000,sp_teams,32,29-32,DEN,Undrafted,Undrafted,16,0
JonRyan32SEA2013,Jon Ryan,2013,sp_teams,32,29-32,SEA,Undrafted,Undrafted,16,0
ToddSauerbrun32DEN2005,Todd Sauerbrun,2005,sp_teams,32,29-32,DEN,4,65,16,0
MikeScifres32SDG2012,Mike Scifres,2012,sp_teams,32,29-32,SDG,7,13,16,0
JoshScobee32JAX2014,Josh Scobee,2014,sp_teams,32,29-32,JAX,7,9,16,0
HunterSmith32WAS2009,Hunter Smith,2009,sp_teams,32,29-32,WAS,9,44,13,0
MattStover32BAL2000,Matt Stover,2000,sp_teams,32,29-32,BAL,3,63,16,0
RyanSuccop32TEN2018,Ryan Succop,2018,sp_teams,32,29-32,TEN,9,61,7,0
ShaunSuisham32PIT2013,Shaun Suisham,2013,sp_teams,32,29-32,PIT,Undrafted,Undrafted,16,0
MattTurk32MIA2000,Matt Turk,2000,sp_teams,32,29-32,MIA,Undrafted,Undrafted,16,0
LawrenceTynes32NYG2010,Lawrence Tynes,2010,sp_teams,32,29-32,NYG,Undrafted,Undrafted,15,0
MikeVanderjagt32IND2002,Mike Vanderjagt,2002,sp_teams,32,29-32,IND,Undrafted,Undrafted,16,0
AdamVinatieri32NWE2004,Adam Vinatieri,2004,sp_teams,32,29-32,NWE,Undrafted,Undrafted,16,0
KenWalter32SEA2004,Ken Walter,2004,sp_teams,32,29-32,SEA,Undrafted,Undrafted,6,0
SteveWeatherford32NYG2014,Steve Weatherford,2014,sp_teams,32,29-32,NYG,Undrafted,Undrafted,16,0
JeffWilkins32STL2004,Jeff Wilkins,2004,sp_teams,32,29-32,STL,Undrafted,Undrafted,16,0
DavidAkers33PHI2007,David Akers,2007,sp_teams,33,32+,PHI,Undrafted,Undrafted,16,0
LeoAraguz33MIN2003,Leo Araguz,2003,sp_teams,33,32+,MIN,Undrafted,Undrafted,2,0
JasonBaker33CAR2011,Jason Baker,2011,sp_teams,33,32+,CAR,Undrafted,Undrafted,16,0
MitchBerger33NOR2005,Mitch Berger,2005,sp_teams,33,32+,NOR,8,37,16,0
RobBironas33TEN2011,Rob Bironas,2011,sp_teams,33,32+,TEN,Undrafted,Undrafted,16,0
DougBrien33NYJ2003,Doug Brien,2003,sp_teams,33,32+,NYJ,5,75,16,0
JoshBrown33CIN2012,Josh Brown,2012,sp_teams,33,32+,CIN,9,48,4,0
KrisBrown33HOU2009,Kris Brown,2009,sp_teams,33,32+,HOU,9,52,16,0
MattBryant33TAM2008,Matt Bryant,2008,sp_teams,33,32+,TAM,Undrafted,Undrafted,16,0
SteveChristie33BUF2000,Steve Christie,2000,sp_teams,33,32+,BUF,Undrafted,Undrafted,16,0
BrittonColquitt33CLE2018,Britton Colquitt,2018,sp_teams,33,32+,CLE,Undrafted,Undrafted,8,0
DustinColquitt33KAN2015,Dustin Colquitt,2015,sp_teams,33,32+,KAN,5,82,16,0
MasonCrosby33GNB2017,Mason Crosby,2017,sp_teams,33,32+,GNB,8,37,16,0
BillyCundiff33CLE2013,Billy Cundiff,2013,sp_teams,33,32+,CLE,Undrafted,Undrafted,16,0
BradDaluiso33NYG2000,Brad Daluiso,2000,sp_teams,33,32+,NYG,Undrafted,Undrafted,14,0
PhilDawson33CLE2008,Phil Dawson,2008,sp_teams,33,32+,CLE,Undrafted,Undrafted,16,0
JasonElam33DEN2003,Jason Elam,2003,sp_teams,33,32+,DEN,5,71,16,0
JayFeely33NYJ2009,Jay Feely,2009,sp_teams,33,32+,NYJ,Undrafted,Undrafted,16,0
NickFolk33TAM2017,Nick Folk,2017,sp_teams,33,32+,TAM,8,30,4,0
ChrisGardocki33CLE2003,Chris Gardocki,2003,sp_teams,33,32+,CLE,5,73,16,0
StephenGostkowski33NWE2017,Stephen Gostkowski,2017,sp_teams,33,32+,NWE,6,6,16,0
RobbieGould33CHI2014,Robbie Gould,2014,sp_teams,33,32+,CHI,Undrafted,Undrafted,12,0
BenGraham33NYJ2006,Ben Graham,2006,sp_teams,33,32+,NYJ,Undrafted,Undrafted,16,0
ShayneGraham332TM2010,Shayne Graham,2010,sp_teams,33,32+,2TM,Undrafted,Undrafted,9,0
MartinGramatica33NOR2008,Martin Gramatica,2008,sp_teams,33,32+,NOR,5,74,5,0
ChrisHanson33NWE2009,Chris Hanson,2009,sp_teams,33,32+,NWE,Undrafted,Undrafted,16,0
JasonHanson33DET2003,Jason Hanson,2003,sp_teams,33,32+,DET,4,65,16,0
NickHarris33JAX2011,Nick Harris,2011,sp_teams,33,32+,JAX,6,7,11,0
StevenHauschka33BUF2018,Steven Hauschka,2018,sp_teams,33,32+,BUF,Undrafted,Undrafted,8,0
CraigHentrich33TEN2004,Craig Hentrich,2004,sp_teams,33,32+,TEN,10,39,16,0
KevinHuber33CIN2018,Kevin Huber,2018,sp_teams,33,32+,CIN,7,11,8,0
SebastianJanikowski33OAK2011,Sebastian Janikowski,2011,sp_teams,33,32+,OAK,1,24,15,0
JohnJett33DET2001,John Jett,2001,sp_teams,33,32+,DET,Undrafted,Undrafted,13,0
DirkJohnson33ARI2008,Dirk Johnson,2008,sp_teams,33,32+,ARI,Undrafted,Undrafted,12,0
DonnieJones33PHI2013,Donnie Jones,2013,sp_teams,33,32+,PHI,9,50,16,0
JohnKasay33CAR2002,John Kasay,2002,sp_teams,33,32+,CAR,6,81,2,0
SamKoch33BAL2015,Sam Koch,2015,sp_teams,33,32+,BAL,8,42,16,0
ShaneLechler33OAK2009,Shane Lechler,2009,sp_teams,33,32+,OAK,7,11,16,0
AndyLee33CLE2015,Andy Lee,2015,sp_teams,33,32+,CLE,8,34,16,0
RianLindell33BUF2010,Rian Lindell,2010,sp_teams,33,32+,BUF,Undrafted,Undrafted,16,0
RyanLongwell33MIN2007,Ryan Longwell,2007,sp_teams,33,32+,MIN,Undrafted,Undrafted,16,0
OlindoMare33MIA2006,Olindo Mare,2006,sp_teams,33,32+,MIA,Undrafted,Undrafted,16,0
BradMaynard33CHI2007,Brad Maynard,2007,sp_teams,33,32+,CHI,5,79,15,0
MatMcBriar33PHI2012,Mat McBriar,2012,sp_teams,33,32+,PHI,Undrafted,Undrafted,13,0
JoshMiller33PIT2003,Josh Miller,2003,sp_teams,33,32+,PIT,Undrafted,Undrafted,16,0
BrianMoorman33BUF2009,Brian Moorman,2009,sp_teams,33,32+,BUF,Undrafted,Undrafted,16,0
JoeNedney33SFO2006,Joe Nedney,2006,sp_teams,33,32+,SFO,Undrafted,Undrafted,16,0
NickNovak33SDG2014,Nick Novak,2014,sp_teams,33,32+,SDG,Undrafted,Undrafted,16,0
MikeNugent33CIN2015,Mike Nugent,2015,sp_teams,33,32+,CIN,4,64,16,0
TommyParks33NYJ2001,Tommy Parks,2001,sp_teams,33,32+,NYJ,Undrafted,Undrafted,1,0
ToddPeterson33SFO2003,Todd Peterson,2003,sp_teams,33,32+,SFO,9,29,8,0
ScottPlayer33ARI2002,Scott Player,2002,sp_teams,33,32+,ARI,Undrafted,Undrafted,16,0
MattPrater33DET2017,Matt Prater,2017,sp_teams,33,32+,DET,Undrafted,Undrafted,16,0
NeilRackers33ARI2009,Neil Rackers,2009,sp_teams,33,32+,ARI,8,23,14,0
TomRouen33DEN2001,Tom Rouen,2001,sp_teams,33,32+,DEN,Undrafted,Undrafted,16,0
JonRyan33SEA2014,Jon Ryan,2014,sp_teams,33,32+,SEA,Undrafted,Undrafted,16,0
ToddSauerbrun33NWE2006,Todd Sauerbrun,2006,sp_teams,33,32+,NWE,4,65,2,0
MikeScifres33SDG2013,Mike Scifres,2013,sp_teams,33,32+,SDG,7,13,16,0
JoshScobee33PIT2015,Josh Scobee,2015,sp_teams,33,32+,PIT,7,9,4,0
HunterSmith33WAS2010,Hunter Smith,2010,sp_teams,33,32+,WAS,9,44,9,0
MattStover33BAL2001,Matt Stover,2001,sp_teams,33,32+,BAL,3,63,16,0
PeteStoyanovich332TM2000,Pete Stoyanovich,2000,sp_teams,33,32+,2TM,10,42,8,0
ShaunSuisham33PIT2014,Shaun Suisham,2014,sp_teams,33,32+,PIT,Undrafted,Undrafted,16,0
MattTurk33MIA2001,Matt Turk,2001,sp_teams,33,32+,MIA,Undrafted,Undrafted,16,0
LawrenceTynes33NYG2011,Lawrence Tynes,2011,sp_teams,33,32+,NYG,Undrafted,Undrafted,16,0
MikeVanderjagt33IND2003,Mike Vanderjagt,2003,sp_teams,33,32+,IND,Undrafted,Undrafted,16,0
AdamVinatieri33NWE2005,Adam Vinatieri,2005,sp_teams,33,32+,NWE,Undrafted,Undrafted,16,0
JeffWilkins33STL2005,Jeff Wilkins,2005,sp_teams,33,32+,STL,Undrafted,Undrafted,16,0
DaveZastudil33ARI2011,Dave Zastudil,2011,sp_teams,33,32+,ARI,6,5,15,0
LouieAguiar34CHI2000,Louie Aguiar,2000,sp_teams,34,32+,CHI,Undrafted,Undrafted,9,0
DavidAkers34PHI2008,David Akers,2008,sp_teams,34,32+,PHI,Undrafted,Undrafted,16,0
JoshBidwell34WAS2010,Josh Bidwell,2010,sp_teams,34,32+,WAS,6,8,4,0
RobBironas34TEN2012,Rob Bironas,2012,sp_teams,34,32+,TEN,Undrafted,Undrafted,16,0
DougBrien34NYJ2004,Doug Brien,2004,sp_teams,34,32+,NYJ,5,75,16,0
JoshBrown34NYG2013,Josh Brown,2013,sp_teams,34,32+,NYG,9,48,16,0
KrisBrown34SDG2010,Kris Brown,2010,sp_teams,34,32+,SDG,9,52,3,0
MattBryant34ATL2009,Matt Bryant,2009,sp_teams,34,32+,ATL,Undrafted,Undrafted,5,0
SteveChristie34SDG2001,Steve Christie,2001,sp_teams,34,32+,SDG,Undrafted,Undrafted,5,0
DustinColquitt34KAN2016,Dustin Colquitt,2016,sp_teams,34,32+,KAN,5,82,16,0
MasonCrosby34GNB2018,Mason Crosby,2018,sp_teams,34,32+,GNB,8,37,7,0
BillyCundiff34CLE2014,Billy Cundiff,2014,sp_teams,34,32+,CLE,Undrafted,Undrafted,13,0
BradDaluiso34OAK2001,Brad Daluiso,2001,sp_teams,34,32+,OAK,Undrafted,Undrafted,1,0
PhilDawson34CLE2009,Phil Dawson,2009,sp_teams,34,32+,CLE,Undrafted,Undrafted,11,0
JasonElam34DEN2004,Jason Elam,2004,sp_teams,34,32+,DEN,5,71,16,0
JayFeely34ARI2010,Jay Feely,2010,sp_teams,34,32+,ARI,Undrafted,Undrafted,16,0
ChrisGardocki34PIT2004,Chris Gardocki,2004,sp_teams,34,32+,PIT,5,73,16,0
StephenGostkowski34NWE2018,Stephen Gostkowski,2018,sp_teams,34,32+,NWE,6,6,8,0
RobbieGould34CHI2015,Robbie Gould,2015,sp_teams,34,32+,CHI,Undrafted,Undrafted,16,0
BenGraham34NYJ2007,Ben Graham,2007,sp_teams,34,32+,NYJ,Undrafted,Undrafted,15,0
ShayneGraham342TM2011,Shayne Graham,2011,sp_teams,34,32+,2TM,Undrafted,Undrafted,3,0
JasonHanson34DET2004,Jason Hanson,2004,sp_teams,34,32+,DET,4,65,16,0
NickHarris34DET2012,Nick Harris,2012,sp_teams,34,32+,DET,6,7,13,0
CraigHentrich34TEN2005,Craig Hentrich,2005,sp_teams,34,32+,TEN,10,39,16,0
SebastianJanikowski34OAK2012,Sebastian Janikowski,2012,sp_teams,34,32+,OAK,1,24,16,0
JohnJett34DET2002,John Jett,2002,sp_teams,34,32+,DET,Undrafted,Undrafted,16,0
DirkJohnson34TAM2009,Dirk Johnson,2009,sp_teams,34,32+,TAM,Undrafted,Undrafted,11,0
DonnieJones34PHI2014,Donnie Jones,2014,sp_teams,34,32+,PHI,9,50,16,0
JohnKasay34CAR2003,John Kasay,2003,sp_teams,34,32+,CAR,6,81,16,0
SamKoch34BAL2016,Sam Koch,2016,sp_teams,34,32+,BAL,8,42,16,0
ShaneLechler34OAK2010,Shane Lechler,2010,sp_teams,34,32+,OAK,7,11,16,0
AndyLee34CAR2016,Andy Lee,2016,sp_teams,34,32+,CAR,8,34,9,0
RianLindell34BUF2011,Rian Lindell,2011,sp_teams,34,32+,BUF,Undrafted,Undrafted,8,0
RyanLongwell34MIN2008,Ryan Longwell,2008,sp_teams,34,32+,MIN,Undrafted,Undrafted,16,0
OlindoMare34NOR2007,Olindo Mare,2007,sp_teams,34,32+,NOR,Undrafted,Undrafted,13,0
BradMaynard34CHI2008,Brad Maynard,2008,sp_teams,34,32+,CHI,5,79,16,0
MatMcBriar34PIT2013,Mat McBriar,2013,sp_teams,34,32+,PIT,Undrafted,Undrafted,9,0
JoshMiller34NWE2004,Josh Miller,2004,sp_teams,34,32+,NWE,Undrafted,Undrafted,16,0
ChrisMohr34BUF2000,Chris Mohr,2000,sp_teams,34,32+,BUF,8,12,16,0
BrianMoorman34BUF2010,Brian Moorman,2010,sp_teams,34,32+,BUF,Undrafted,Undrafted,16,0
JoeNedney34SFO2007,Joe Nedney,2007,sp_teams,34,32+,SFO,Undrafted,Undrafted,16,0
NickNovak34HOU2015,Nick Novak,2015,sp_teams,34,32+,HOU,Undrafted,Undrafted,13,0
MikeNugent34CIN2016,Mike Nugent,2016,sp_teams,34,32+,CIN,4,64,13,0
ToddPeterson34SFO2004,Todd Peterson,2004,sp_teams,34,32+,SFO,9,29,16,0
ScottPlayer34ARI2003,Scott Player,2003,sp_teams,34,32+,ARI,Undrafted,Undrafted,16,0
MattPrater34DET2018,Matt Prater,2018,sp_teams,34,32+,DET,Undrafted,Undrafted,7,0
NeilRackers34HOU2010,Neil Rackers,2010,sp_teams,34,32+,HOU,8,23,16,0
SaverioRocca34PHI2007,Saverio Rocca,2007,sp_teams,34,32+,PHI,Undrafted,Undrafted,16,0
TomRouen343TM2002,Tom Rouen,2002,sp_teams,34,32+,3TM,Undrafted,Undrafted,12,0
JonRyan34SEA2015,Jon Ryan,2015,sp_teams,34,32+,SEA,Undrafted,Undrafted,16,0
ToddSauerbrun34DEN2007,Todd Sauerbrun,2007,sp_teams,34,32+,DEN,4,65,14,0
MikeScifres34SDG2014,Mike Scifres,2014,sp_teams,34,32+,SDG,7,13,13,0
MattStover34BAL2002,Matt Stover,2002,sp_teams,34,32+,BAL,3,63,15,0
TomTupa34NYJ2000,Tom Tupa,2000,sp_teams,34,32+,NYJ,5,70,16,0
MattTurk34NYJ2002,Matt Turk,2002,sp_teams,34,32+,NYJ,Undrafted,Undrafted,16,0
LawrenceTynes34NYG2012,Lawrence Tynes,2012,sp_teams,34,32+,NYG,Undrafted,Undrafted,16,0
MikeVanderjagt34IND2004,Mike Vanderjagt,2004,sp_teams,34,32+,IND,Undrafted,Undrafted,15,0
AdamVinatieri34IND2006,Adam Vinatieri,2006,sp_teams,34,32+,IND,Undrafted,Undrafted,13,0
KenWalter34NWE2006,Ken Walter,2006,sp_teams,34,32+,NWE,Undrafted,Undrafted,4,0
JeffWilkins34STL2006,Jeff Wilkins,2006,sp_teams,34,32+,STL,Undrafted,Undrafted,16,0
DaveZastudil34ARI2012,Dave Zastudil,2012,sp_teams,34,32+,ARI,6,5,16,0
DavidAkers35PHI2009,David Akers,2009,sp_teams,35,32+,PHI,Undrafted,Undrafted,16,0
LeoAraguz35SEA2005,Leo Araguz,2005,sp_teams,35,32+,SEA,Undrafted,Undrafted,4,0
DarrenBennett35SDG2000,Darren Bennett,2000,sp_teams,35,32+,SDG,Undrafted,Undrafted,16,0
MitchBerger35ARI2007,Mitch Berger,2007,sp_teams,35,32+,ARI,8,37,5,0
RobBironas35TEN2013,Rob Bironas,2013,sp_teams,35,32+,TEN,Undrafted,Undrafted,16,0
DougBrien35CHI2005,Doug Brien,2005,sp_teams,35,32+,CHI,5,75,3,0
JoshBrown35NYG2014,Josh Brown,2014,sp_teams,35,32+,NYG,9,48,16,0
MattBryant35ATL2010,Matt Bryant,2010,sp_teams,35,32+,ATL,Undrafted,Undrafted,16,0
SteveChristie35SDG2002,Steve Christie,2002,sp_teams,35,32+,SDG,Undrafted,Undrafted,16,0
DustinColquitt35KAN2017,Dustin Colquitt,2017,sp_teams,35,32+,KAN,5,82,16,0
BillyCundiff35BUF2015,Billy Cundiff,2015,sp_teams,35,32+,BUF,Undrafted,Undrafted,1,0
PhilDawson35CLE2010,Phil Dawson,2010,sp_teams,35,32+,CLE,Undrafted,Undrafted,16,0
JasonElam35DEN2005,Jason Elam,2005,sp_teams,35,32+,DEN,5,71,16,0
JeffFeagles35SEA2001,Jeff Feagles,2001,sp_teams,35,32+,SEA,Undrafted,Undrafted,16,0
JayFeely35ARI2011,Jay Feely,2011,sp_teams,35,32+,ARI,Undrafted,Undrafted,16,0
ChrisGardocki35PIT2005,Chris Gardocki,2005,sp_teams,35,32+,PIT,5,73,16,0
RobbieGould35NYG2016,Robbie Gould,2016,sp_teams,35,32+,NYG,Undrafted,Undrafted,10,0
BenGraham353TM2008,Ben Graham,2008,sp_teams,35,32+,3TM,Undrafted,Undrafted,9,0
ShayneGraham35HOU2012,Shayne Graham,2012,sp_teams,35,32+,HOU,Undrafted,Undrafted,16,0
JasonHanson35DET2005,Jason Hanson,2005,sp_teams,35,32+,DET,4,65,15,0
CraigHentrich35TEN2006,Craig Hentrich,2006,sp_teams,35,32+,TEN,10,39,16,0
SebastianJanikowski35OAK2013,Sebastian Janikowski,2013,sp_teams,35,32+,OAK,1,24,16,0
JohnJett35DET2003,John Jett,2003,sp_teams,35,32+,DET,Undrafted,Undrafted,4,0
DonnieJones35PHI2015,Donnie Jones,2015,sp_teams,35,32+,PHI,9,50,16,0
JohnKasay35CAR2004,John Kasay,2004,sp_teams,35,32+,CAR,6,81,14,0
SamKoch35BAL2017,Sam Koch,2017,sp_teams,35,32+,BAL,8,42,16,0
ShaneLechler35OAK2011,Shane Lechler,2011,sp_teams,35,32+,OAK,7,11,16,0
AndyLee35ARI2017,Andy Lee,2017,sp_teams,35,32+,ARI,8,34,16,0
RianLindell35BUF2012,Rian Lindell,2012,sp_teams,35,32+,BUF,Undrafted,Undrafted,16,0
RyanLongwell35MIN2009,Ryan Longwell,2009,sp_teams,35,32+,MIN,Undrafted,Undrafted,16,0
OlindoMare35SEA2008,Olindo Mare,2008,sp_teams,35,32+,SEA,Undrafted,Undrafted,16,0
BradMaynard35CHI2009,Brad Maynard,2009,sp_teams,35,32+,CHI,5,79,16,0
MatMcBriar35SDG2014,Mat McBriar,2014,sp_teams,35,32+,SDG,Undrafted,Undrafted,3,0
JoshMiller35NWE2005,Josh Miller,2005,sp_teams,35,32+,NWE,Undrafted,Undrafted,16,0
ChrisMohr35ATL2001,Chris Mohr,2001,sp_teams,35,32+,ATL,8,12,16,0
BrianMoorman35BUF2011,Brian Moorman,2011,sp_teams,35,32+,BUF,Undrafted,Undrafted,16,0
JoeNedney35SFO2008,Joe Nedney,2008,sp_teams,35,32+,SFO,Undrafted,Undrafted,16,0
NickNovak35HOU2016,Nick Novak,2016,sp_teams,35,32+,HOU,Undrafted,Undrafted,16,0
MikeNugent352TM2017,Mike Nugent,2017,sp_teams,35,32+,2TM,4,64,8,0
ToddPeterson35ATL2005,Todd Peterson,2005,sp_teams,35,32+,ATL,9,29,16,0
ScottPlayer35ARI2004,Scott Player,2004,sp_teams,35,32+,ARI,Undrafted,Undrafted,16,0
NeilRackers35HOU2011,Neil Rackers,2011,sp_teams,35,32+,HOU,8,23,16,0
SaverioRocca35PHI2008,Saverio Rocca,2008,sp_teams,35,32+,PHI,Undrafted,Undrafted,16,0
TomRouen35SEA2003,Tom Rouen,2003,sp_teams,35,32+,SEA,Undrafted,Undrafted,16,0
MarkRoyals35TAM2000,Mark Royals,2000,sp_teams,35,32+,TAM,Undrafted,Undrafted,16,0
JonRyan35SEA2016,Jon Ryan,2016,sp_teams,35,32+,SEA,Undrafted,Undrafted,16,0
MikeScifres35SDG2015,Mike Scifres,2015,sp_teams,35,32+,SDG,7,13,16,0
MattStover35BAL2003,Matt Stover,2003,sp_teams,35,32+,BAL,3,63,16,0
DanStryzinski35ATL2000,Dan Stryzinski,2000,sp_teams,35,32+,ATL,Undrafted,Undrafted,16,0
MattTurk35MIA2003,Matt Turk,2003,sp_teams,35,32+,MIA,Undrafted,Undrafted,13,0
MikeVanderjagt35IND2005,Mike Vanderjagt,2005,sp_teams,35,32+,IND,Undrafted,Undrafted,16,0
AdamVinatieri35IND2007,Adam Vinatieri,2007,sp_teams,35,32+,IND,Undrafted,Undrafted,16,0
JeffWilkins35STL2007,Jeff Wilkins,2007,sp_teams,35,32+,STL,Undrafted,Undrafted,16,0
DaveZastudil35ARI2013,Dave Zastudil,2013,sp_teams,35,32+,ARI,6,5,16,0
DavidAkers36PHI2010,David Akers,2010,sp_teams,36,32+,PHI,Undrafted,Undrafted,16,0
BryanBarker36JAX2000,Bryan Barker,2000,sp_teams,36,32+,JAX,Undrafted,Undrafted,16,0
DarrenBennett36SDG2001,Darren Bennett,2001,sp_teams,36,32+,SDG,Undrafted,Undrafted,16,0
MitchBerger36PIT2008,Mitch Berger,2008,sp_teams,36,32+,PIT,8,37,13,0
JoshBrown36NYG2015,Josh Brown,2015,sp_teams,36,32+,NYG,9,48,16,0
MattBryant36ATL2011,Matt Bryant,2011,sp_teams,36,32+,ATL,Undrafted,Undrafted,16,0
JohnCarney36SDG2000,John Carney,2000,sp_teams,36,32+,SDG,Undrafted,Undrafted,16,0
SteveChristie36SDG2003,Steve Christie,2003,sp_teams,36,32+,SDG,Undrafted,Undrafted,16,0
DustinColquitt36KAN2018,Dustin Colquitt,2018,sp_teams,36,32+,KAN,5,82,8,0
PhilDawson36CLE2011,Phil Dawson,2011,sp_teams,36,32+,CLE,Undrafted,Undrafted,16,0
JasonElam36DEN2006,Jason Elam,2006,sp_teams,36,32+,DEN,5,71,16,0
JeffFeagles36SEA2002,Jeff Feagles,2002,sp_teams,36,32+,SEA,Undrafted,Undrafted,16,0
JayFeely36ARI2012,Jay Feely,2012,sp_teams,36,32+,ARI,Undrafted,Undrafted,16,0
ChrisGardocki36PIT2006,Chris Gardocki,2006,sp_teams,36,32+,PIT,5,73,16,0
RobbieGould36SFO2017,Robbie Gould,2017,sp_teams,36,32+,SFO,Undrafted,Undrafted,16,0
BenGraham36ARI2009,Ben Graham,2009,sp_teams,36,32+,ARI,Undrafted,Undrafted,16,0
ShayneGraham36NOR2013,Shayne Graham,2013,sp_teams,36,32+,NOR,Undrafted,Undrafted,2,0
JasonHanson36DET2006,Jason Hanson,2006,sp_teams,36,32+,DET,4,65,16,0
CraigHentrich36TEN2007,Craig Hentrich,2007,sp_teams,36,32+,TEN,10,39,15,0
SebastianJanikowski36OAK2014,Sebastian Janikowski,2014,sp_teams,36,32+,OAK,1,24,16,0
DonnieJones36PHI2016,Donnie Jones,2016,sp_teams,36,32+,PHI,9,50,16,0
JohnKasay36CAR2005,John Kasay,2005,sp_teams,36,32+,CAR,6,81,16,0
SamKoch36BAL2018,Sam Koch,2018,sp_teams,36,32+,BAL,8,42,8,0
ShaneLechler36OAK2012,Shane Lechler,2012,sp_teams,36,32+,OAK,7,11,16,0
AndyLee36ARI2018,Andy Lee,2018,sp_teams,36,32+,ARI,8,34,8,0
RianLindell36TAM2013,Rian Lindell,2013,sp_teams,36,32+,TAM,Undrafted,Undrafted,16,0
RyanLongwell36MIN2010,Ryan Longwell,2010,sp_teams,36,32+,MIN,Undrafted,Undrafted,16,0
OlindoMare36SEA2009,Olindo Mare,2009,sp_teams,36,32+,SEA,Undrafted,Undrafted,16,0
BradMaynard36CHI2010,Brad Maynard,2010,sp_teams,36,32+,CHI,5,79,16,0
JoshMiller36NWE2006,Josh Miller,2006,sp_teams,36,32+,NWE,Undrafted,Undrafted,10,0
ChrisMohr36ATL2002,Chris Mohr,2002,sp_teams,36,32+,ATL,8,12,16,0
BrianMoorman362TM2012,Brian Moorman,2012,sp_teams,36,32+,2TM,Undrafted,Undrafted,15,0
JoeNedney36SFO2009,Joe Nedney,2009,sp_teams,36,32+,SFO,Undrafted,Undrafted,14,0
NickNovak36LAC2017,Nick Novak,2017,sp_teams,36,32+,LAC,Undrafted,Undrafted,7,0
MikeNugent36OAK2018,Mike Nugent,2018,sp_teams,36,32+,OAK,4,64,3,0
ScottPlayer36ARI2005,Scott Player,2005,sp_teams,36,32+,ARI,Undrafted,Undrafted,16,0
SaverioRocca36PHI2009,Saverio Rocca,2009,sp_teams,36,32+,PHI,Undrafted,Undrafted,16,0
TomRouen36SEA2004,Tom Rouen,2004,sp_teams,36,32+,SEA,Undrafted,Undrafted,4,0
MarkRoyals36TAM2001,Mark Royals,2001,sp_teams,36,32+,TAM,Undrafted,Undrafted,16,0
JonRyan36SEA2017,Jon Ryan,2017,sp_teams,36,32+,SEA,Undrafted,Undrafted,16,0
MattStover36BAL2004,Matt Stover,2004,sp_teams,36,32+,BAL,3,63,16,0
DanStryzinski36KAN2001,Dan Stryzinski,2001,sp_teams,36,32+,KAN,Undrafted,Undrafted,16,0
TomTupa36TAM2002,Tom Tupa,2002,sp_teams,36,32+,TAM,5,70,16,0
MattTurk36MIA2004,Matt Turk,2004,sp_teams,36,32+,MIA,Undrafted,Undrafted,16,0
MikeVanderjagt36DAL2006,Mike Vanderjagt,2006,sp_teams,36,32+,DAL,Undrafted,Undrafted,10,0
AdamVinatieri36IND2008,Adam Vinatieri,2008,sp_teams,36,32+,IND,Undrafted,Undrafted,16,0
DaveZastudil36ARI2014,Dave Zastudil,2014,sp_teams,36,32+,ARI,6,5,2,0
DavidAkers37SFO2011,David Akers,2011,sp_teams,37,32+,SFO,Undrafted,Undrafted,16,0
BryanBarker37WAS2001,Bryan Barker,2001,sp_teams,37,32+,WAS,Undrafted,Undrafted,16,0
TommyBarnhardt37WAS2000,Tommy Barnhardt,2000,sp_teams,37,32+,WAS,11,49,16,0
DarrenBennett37SDG2002,Darren Bennett,2002,sp_teams,37,32+,SDG,Undrafted,Undrafted,16,0
MitchBerger37DEN2009,Mitch Berger,2009,sp_teams,37,32+,DEN,8,37,10,0
JoshBrown37NYG2016,Josh Brown,2016,sp_teams,37,32+,NYG,9,48,5,0
MattBryant37ATL2012,Matt Bryant,2012,sp_teams,37,32+,ATL,Undrafted,Undrafted,16,0
JohnCarney37NOR2001,John Carney,2001,sp_teams,37,32+,NOR,Undrafted,Undrafted,15,0
SteveChristie37NYG2004,Steve Christie,2004,sp_teams,37,32+,NYG,Undrafted,Undrafted,16,0
PhilDawson37CLE2012,Phil Dawson,2012,sp_teams,37,32+,CLE,Undrafted,Undrafted,16,0
JasonElam37DEN2007,Jason Elam,2007,sp_teams,37,32+,DEN,5,71,16,0
JeffFeagles37NYG2003,Jeff Feagles,2003,sp_teams,37,32+,NYG,Undrafted,Undrafted,16,0
JayFeely37ARI2013,Jay Feely,2013,sp_teams,37,32+,ARI,Undrafted,Undrafted,16,0
RobbieGould37SFO2018,Robbie Gould,2018,sp_teams,37,32+,SFO,Undrafted,Undrafted,9,0
BenGraham37ARI2010,Ben Graham,2010,sp_teams,37,32+,ARI,Undrafted,Undrafted,16,0
ShayneGraham37NOR2014,Shayne Graham,2014,sp_teams,37,32+,NOR,Undrafted,Undrafted,16,0
JasonHanson37DET2007,Jason Hanson,2007,sp_teams,37,32+,DET,4,65,16,0
CraigHentrich37TEN2008,Craig Hentrich,2008,sp_teams,37,32+,TEN,10,39,16,0
SebastianJanikowski37OAK2015,Sebastian Janikowski,2015,sp_teams,37,32+,OAK,1,24,16,0
DonnieJones37PHI2017,Donnie Jones,2017,sp_teams,37,32+,PHI,9,50,16,0
JohnKasay37CAR2006,John Kasay,2006,sp_teams,37,32+,CAR,6,81,16,0
ShaneLechler37HOU2013,Shane Lechler,2013,sp_teams,37,32+,HOU,7,11,16,0
RyanLongwell37MIN2011,Ryan Longwell,2011,sp_teams,37,32+,MIN,Undrafted,Undrafted,16,0
OlindoMare37SEA2010,Olindo Mare,2010,sp_teams,37,32+,SEA,Undrafted,Undrafted,16,0
BradMaynard37CLE2011,Brad Maynard,2011,sp_teams,37,32+,CLE,5,79,15,0
JoshMiller37TEN2007,Josh Miller,2007,sp_teams,37,32+,TEN,Undrafted,Undrafted,1,0
ChrisMohr37ATL2003,Chris Mohr,2003,sp_teams,37,32+,ATL,8,12,16,0
BrianMoorman37BUF2013,Brian Moorman,2013,sp_teams,37,32+,BUF,Undrafted,Undrafted,11,0
JoeNedney37SFO2010,Joe Nedney,2010,sp_teams,37,32+,SFO,Undrafted,Undrafted,9,0
ScottPlayer37ARI2006,Scott Player,2006,sp_teams,37,32+,ARI,Undrafted,Undrafted,16,0
SaverioRocca37PHI2010,Saverio Rocca,2010,sp_teams,37,32+,PHI,Undrafted,Undrafted,16,0
TomRouen37SEA2005,Tom Rouen,2005,sp_teams,37,32+,SEA,Undrafted,Undrafted,12,0
MarkRoyals37MIA2002,Mark Royals,2002,sp_teams,37,32+,MIA,Undrafted,Undrafted,16,0
MattStover37BAL2005,Matt Stover,2005,sp_teams,37,32+,BAL,3,63,16,0
DanStryzinski37KAN2002,Dan Stryzinski,2002,sp_teams,37,32+,KAN,Undrafted,Undrafted,16,0
TomTupa37TAM2003,Tom Tupa,2003,sp_teams,37,32+,TAM,5,70,16,0
AdamVinatieri37IND2009,Adam Vinatieri,2009,sp_teams,37,32+,IND,Undrafted,Undrafted,6,0
DavidAkers38SFO2012,David Akers,2012,sp_teams,38,32+,SFO,Undrafted,Undrafted,16,0
BryanBarker38WAS2002,Bryan Barker,2002,sp_teams,38,32+,WAS,Undrafted,Undrafted,12,0
DarrenBennett38SDG2003,Darren Bennett,2003,sp_teams,38,32+,SDG,Undrafted,Undrafted,16,0
MattBryant38ATL2013,Matt Bryant,2013,sp_teams,38,32+,ATL,Undrafted,Undrafted,16,0
JohnCarney38NOR2002,John Carney,2002,sp_teams,38,32+,NOR,Undrafted,Undrafted,16,0
PhilDawson38SFO2013,Phil Dawson,2013,sp_teams,38,32+,SFO,Undrafted,Undrafted,16,0
AlDel Greco38TEN2000,Al Del Greco,2000,sp_teams,38,32+,TEN,Undrafted,Undrafted,16,0
JasonElam38ATL2008,Jason Elam,2008,sp_teams,38,32+,ATL,5,71,16,0
JeffFeagles38NYG2004,Jeff Feagles,2004,sp_teams,38,32+,NYG,Undrafted,Undrafted,16,0
JayFeely38CHI2014,Jay Feely,2014,sp_teams,38,32+,CHI,Undrafted,Undrafted,4,0
BenGraham382TM2011,Ben Graham,2011,sp_teams,38,32+,2TM,Undrafted,Undrafted,8,0
ShayneGraham38ATL2015,Shayne Graham,2015,sp_teams,38,32+,ATL,Undrafted,Undrafted,5,0
JasonHanson38DET2008,Jason Hanson,2008,sp_teams,38,32+,DET,4,65,16,0
CraigHentrich38TEN2009,Craig Hentrich,2009,sp_teams,38,32+,TEN,10,39,2,0
SebastianJanikowski38OAK2016,Sebastian Janikowski,2016,sp_teams,38,32+,OAK,1,24,16,0
DonnieJones38LAC2018,Donnie Jones,2018,sp_teams,38,32+,LAC,9,50,3,0
JohnKasay38CAR2007,John Kasay,2007,sp_teams,38,32+,CAR,6,81,16,0
SeanLandeta38PHI2000,Sean Landeta,2000,sp_teams,38,32+,PHI,Undrafted,Undrafted,16,0
ShaneLechler38HOU2014,Shane Lechler,2014,sp_teams,38,32+,HOU,7,11,16,0
OlindoMare38CAR2011,Olindo Mare,2011,sp_teams,38,32+,CAR,Undrafted,Undrafted,16,0
ChrisMohr38ATL2004,Chris Mohr,2004,sp_teams,38,32+,ATL,8,12,16,0
ScottPlayer38CLE2007,Scott Player,2007,sp_teams,38,32+,CLE,Undrafted,Undrafted,3,0
SaverioRocca38WAS2011,Saverio Rocca,2011,sp_teams,38,32+,WAS,Undrafted,Undrafted,16,0
MarkRoyals382TM2003,Mark Royals,2003,sp_teams,38,32+,2TM,Undrafted,Undrafted,14,0
MattStover38BAL2006,Matt Stover,2006,sp_teams,38,32+,BAL,3,63,16,0
DanStryzinski38NYJ2003,Dan Stryzinski,2003,sp_teams,38,32+,NYJ,Undrafted,Undrafted,16,0
TomTupa38WAS2004,Tom Tupa,2004,sp_teams,38,32+,WAS,5,70,16,0
MattTurk38STL2006,Matt Turk,2006,sp_teams,38,32+,STL,Undrafted,Undrafted,16,0
AdamVinatieri38IND2010,Adam Vinatieri,2010,sp_teams,38,32+,IND,Undrafted,Undrafted,16,0
DavidAkers39DET2013,David Akers,2013,sp_teams,39,32+,DET,Undrafted,Undrafted,16,0
BryanBarker39WAS2003,Bryan Barker,2003,sp_teams,39,32+,WAS,Undrafted,Undrafted,16,0
DarrenBennett39MIN2004,Darren Bennett,2004,sp_teams,39,32+,MIN,Undrafted,Undrafted,15,0
MattBryant39ATL2014,Matt Bryant,2014,sp_teams,39,32+,ATL,Undrafted,Undrafted,16,0
JohnCarney39NOR2003,John Carney,2003,sp_teams,39,32+,NOR,Undrafted,Undrafted,16,0
PhilDawson39SFO2014,Phil Dawson,2014,sp_teams,39,32+,SFO,Undrafted,Undrafted,16,0
JasonElam39ATL2009,Jason Elam,2009,sp_teams,39,32+,ATL,5,71,11,0
JeffFeagles39NYG2005,Jeff Feagles,2005,sp_teams,39,32+,NYG,Undrafted,Undrafted,16,0
BenGraham39DET2012,Ben Graham,2012,sp_teams,39,32+,DET,Undrafted,Undrafted,3,0
JasonHanson39DET2009,Jason Hanson,2009,sp_teams,39,32+,DET,4,65,16,0
LeeJohnson39NWE2000,Lee Johnson,2000,sp_teams,39,32+,NWE,7,10,16,0
JohnKasay39CAR2008,John Kasay,2008,sp_teams,39,32+,CAR,6,81,16,0
SeanLandeta39PHI2001,Sean Landeta,2001,sp_teams,39,32+,PHI,Undrafted,Undrafted,16,0
ShaneLechler39HOU2015,Shane Lechler,2015,sp_teams,39,32+,HOU,7,11,16,0
OlindoMare39CHI2012,Olindo Mare,2012,sp_teams,39,32+,CHI,Undrafted,Undrafted,3,0
SaverioRocca39WAS2012,Saverio Rocca,2012,sp_teams,39,32+,WAS,Undrafted,Undrafted,16,0
MattStover39BAL2007,Matt Stover,2007,sp_teams,39,32+,BAL,3,63,16,0
MattTurk39HOU2007,Matt Turk,2007,sp_teams,39,32+,HOU,Undrafted,Undrafted,16,0
AdamVinatieri39IND2011,Adam Vinatieri,2011,sp_teams,39,32+,IND,Undrafted,Undrafted,16,0
MortenAndersen*40ATL2000,Morten Andersen*,2000,sp_teams,40,32+,ATL,6,76,16,0
BryanBarker40GNB2004,Bryan Barker,2004,sp_teams,40,32+,GNB,Undrafted,Undrafted,16,0
DarrenBennett40MIN2005,Darren Bennett,2005,sp_teams,40,32+,MIN,Undrafted,Undrafted,1,0
MattBryant40ATL2015,Matt Bryant,2015,sp_teams,40,32+,ATL,Undrafted,Undrafted,11,0
JohnCarney40NOR2004,John Carney,2004,sp_teams,40,32+,NOR,Undrafted,Undrafted,16,0
PhilDawson40SFO2015,Phil Dawson,2015,sp_teams,40,32+,SFO,Undrafted,Undrafted,16,0
JeffFeagles40NYG2006,Jeff Feagles,2006,sp_teams,40,32+,NYG,Undrafted,Undrafted,16,0
JasonHanson40DET2010,Jason Hanson,2010,sp_teams,40,32+,DET,4,65,8,0
SebastianJanikowski40SEA2018,Sebastian Janikowski,2018,sp_teams,40,32+,SEA,1,24,7,0
LeeJohnson402TM2001,Lee Johnson,2001,sp_teams,40,32+,2TM,7,10,9,0
JohnKasay40CAR2009,John Kasay,2009,sp_teams,40,32+,CAR,6,81,16,0
SeanLandeta40PHI2002,Sean Landeta,2002,sp_teams,40,32+,PHI,Undrafted,Undrafted,12,0
ShaneLechler40HOU2016,Shane Lechler,2016,sp_teams,40,32+,HOU,7,11,16,0
SaverioRocca40WAS2013,Saverio Rocca,2013,sp_teams,40,32+,WAS,Undrafted,Undrafted,16,0
MattStover40BAL2008,Matt Stover,2008,sp_teams,40,32+,BAL,3,63,16,0
MattTurk40HOU2008,Matt Turk,2008,sp_teams,40,32+,HOU,Undrafted,Undrafted,16,0
AdamVinatieri40IND2012,Adam Vinatieri,2012,sp_teams,40,32+,IND,Undrafted,Undrafted,16,0
MortenAndersen*41NYG2001,Morten Andersen*,2001,sp_teams,41,32+,NYG,6,76,16,0
GaryAnderson41MIN2000,Gary Anderson,2000,sp_teams,41,32+,MIN,9,25,16,0
BryanBarker41STL2005,Bryan Barker,2005,sp_teams,41,32+,STL,Undrafted,Undrafted,11,0
MattBryant41ATL2016,Matt Bryant,2016,sp_teams,41,32+,ATL,Undrafted,Undrafted,16,0
JohnCarney41NOR2005,John Carney,2005,sp_teams,41,32+,NOR,Undrafted,Undrafted,16,0
PhilDawson41SFO2016,Phil Dawson,2016,sp_teams,41,32+,SFO,Undrafted,Undrafted,16,0
JeffFeagles41NYG2007,Jeff Feagles,2007,sp_teams,41,32+,NYG,Undrafted,Undrafted,16,0
JasonHanson41DET2011,Jason Hanson,2011,sp_teams,41,32+,DET,4,65,16,0
LeeJohnson41PHI2002,Lee Johnson,2002,sp_teams,41,32+,PHI,7,10,2,0
JohnKasay41CAR2010,John Kasay,2010,sp_teams,41,32+,CAR,6,81,16,0
SeanLandeta41STL2003,Sean Landeta,2003,sp_teams,41,32+,STL,Undrafted,Undrafted,16,0
ShaneLechler41HOU2017,Shane Lechler,2017,sp_teams,41,32+,HOU,7,11,16,0
MattStover41IND2009,Matt Stover,2009,sp_teams,41,32+,IND,3,63,10,0
MattTurk41HOU2009,Matt Turk,2009,sp_teams,41,32+,HOU,Undrafted,Undrafted,16,0
AdamVinatieri41IND2013,Adam Vinatieri,2013,sp_teams,41,32+,IND,Undrafted,Undrafted,15,0
MortenAndersen*42KAN2002,Morten Andersen*,2002,sp_teams,42,32+,KAN,6,76,14,0
GaryAnderson42MIN2001,Gary Anderson,2001,sp_teams,42,32+,MIN,9,25,16,0
MattBryant42ATL2017,Matt Bryant,2017,sp_teams,42,32+,ATL,Undrafted,Undrafted,16,0
JohnCarney42NOR2006,John Carney,2006,sp_teams,42,32+,NOR,Undrafted,Undrafted,16,0
PhilDawson42ARI2017,Phil Dawson,2017,sp_teams,42,32+,ARI,Undrafted,Undrafted,16,0
JeffFeagles42NYG2008,Jeff Feagles,2008,sp_teams,42,32+,NYG,Undrafted,Undrafted,16,0
JasonHanson42DET2012,Jason Hanson,2012,sp_teams,42,32+,DET,4,65,16,0
JohnKasay42NOR2011,John Kasay,2011,sp_teams,42,32+,NOR,6,81,16,0
SeanLandeta42STL2004,Sean Landeta,2004,sp_teams,42,32+,STL,Undrafted,Undrafted,10,0
MattTurk42HOU2010,Matt Turk,2010,sp_teams,42,32+,HOU,Undrafted,Undrafted,16,0
AdamVinatieri42IND2014,Adam Vinatieri,2014,sp_teams,42,32+,IND,Undrafted,Undrafted,16,0
MortenAndersen*43KAN2003,Morten Andersen*,2003,sp_teams,43,32+,KAN,6,76,16,0
GaryAnderson43MIN2002,Gary Anderson,2002,sp_teams,43,32+,MIN,9,25,14,0
MattBryant43ATL2018,Matt Bryant,2018,sp_teams,43,32+,ATL,Undrafted,Undrafted,6,0
JohnCarney432TM2007,John Carney,2007,sp_teams,43,32+,2TM,Undrafted,Undrafted,13,0
PhilDawson43ARI2018,Phil Dawson,2018,sp_teams,43,32+,ARI,Undrafted,Undrafted,8,0
JeffFeagles43NYG2009,Jeff Feagles,2009,sp_teams,43,32+,NYG,Undrafted,Undrafted,16,0
DougFlutie43NWE2005,Doug Flutie,2005,sp_teams,43,32+,NWE,2,62,5,0
SeanLandeta43PHI2005,Sean Landeta,2005,sp_teams,43,32+,PHI,Undrafted,Undrafted,5,0
MattTurk432TM2011,Matt Turk,2011,sp_teams,43,32+,2TM,Undrafted,Undrafted,9,0
AdamVinatieri43IND2015,Adam Vinatieri,2015,sp_teams,43,32+,IND,Undrafted,Undrafted,16,0
MortenAndersen*44MIN2004,Morten Andersen*,2004,sp_teams,44,32+,MIN,6,76,16,0
GaryAnderson44TEN2003,Gary Anderson,2003,sp_teams,44,32+,TEN,9,25,15,0
JohnCarney44NYG2008,John Carney,2008,sp_teams,44,32+,NYG,Undrafted,Undrafted,15,0
EddieMurray44WAS2000,Eddie Murray,2000,sp_teams,44,32+,WAS,9,21,6,0
AdamVinatieri44IND2016,Adam Vinatieri,2016,sp_teams,44,32+,IND,Undrafted,Undrafted,16,0
GaryAnderson45TEN2004,Gary Anderson,2004,sp_teams,45,32+,TEN,9,25,15,0
JohnCarney45NOR2009,John Carney,2009,sp_teams,45,32+,NOR,Undrafted,Undrafted,11,0
AdamVinatieri45IND2017,Adam Vinatieri,2017,sp_teams,45,32+,IND,Undrafted,Undrafted,15,0
MortenAndersen*46ATL2006,Morten Andersen*,2006,sp_teams,46,32+,ATL,6,76,14,0
JohnCarney46NOR2010,John Carney,2010,sp_teams,46,32+,NOR,Undrafted,Undrafted,2,0
AdamVinatieri46IND2018,Adam Vinatieri,2018,sp_teams,46,32+,IND,Undrafted,Undrafted,8,0
MortenAndersen*47ATL2007,Morten Andersen*,2007,sp_teams,47,32+,ATL,6,76,14,0
HakimAkbar21NWE2001,Hakim Akbar,2001,sec,21,< 24,NWE,6,70,6,0
JaireAlexander21GNB2018,Jaire Alexander,2018,sec,21,< 24,GNB,Undrafted,Undrafted,5,3
AsherAllen21MIN2009,Asher Allen,2009,sec,21,< 24,MIN,4,234,10,1
EliApple21NYG2016,Eli Apple,2016,sec,21,< 24,NYG,1,2,14,11
BuddaBaker21ARI2017,Budda Baker,2017,sec,21,< 24,ARI,3,179,16,7
JessieBates21CIN2018,Jessie Bates,2018,sec,21,< 24,CIN,Undrafted,Undrafted,8,8
MorganBurnett21GNB2010,Morgan Burnett,2010,sec,21,< 24,GNB,4,218,4,4
ArtieBurns21PIT2016,Artie Burns,2016,sec,21,< 24,PIT,1,159,16,9
AhmadCarroll21GNB2004,Ahmad Carroll,2004,sec,21,< 24,GNB,1,159,14,11
LandonCollins21NYG2015,Landon Collins,2015,sec,21,< 24,NYG,3,176,16,16
Su'aCravens21WAS2016,Su'a Cravens,2016,sec,21,< 24,WAS,3,198,11,3
RonaldDarby21BUF2015,Ronald Darby,2015,sec,21,< 24,BUF,3,195,15,15
VontaeDavis21MIA2009,Vontae Davis,2009,sec,21,< 24,MIA,1,159,16,9
LorenzoDoss21DEN2015,Lorenzo Doss,2015,sec,21,< 24,DEN,6,71,6,0
TerrellEdmunds21PIT2018,Terrell Edmunds,2018,sec,21,< 24,PIT,Undrafted,Undrafted,7,6
KendallFuller21WAS2016,Kendall Fuller,2016,sec,21,< 24,WAS,4,232,13,6
ChrisGamble21CAR2004,Chris Gamble,2004,sec,21,< 24,CAR,1,168,16,16
T.J.Green21IND2016,T.J. Green,2016,sec,21,< 24,IND,3,202,15,4
JoeHaden21CLE2010,Joe Haden,2010,sec,21,< 24,CLE,1,216,16,7
DeAngeloHall21ATL2004,DeAngelo Hall,2004,sec,21,< 24,ATL,1,227,10,9
VernonHargreaves21TAM2016,Vernon Hargreaves,2016,sec,21,< 24,TAM,1,13,16,16
BrandonHarris21HOU2011,Brandon Harris,2011,sec,21,< 24,HOU,3,206,7,0
RonnieHarrison21JAX2018,Ronnie Harrison,2018,sec,21,< 24,JAX,Undrafted,Undrafted,8,5
HoltonHill21MIN2018,Holton Hill,2018,sec,21,< 24,MIN,Undrafted,Undrafted,8,1
MalikHooker21IND2017,Malik Hooker,2017,sec,21,< 24,IND,1,56,7,6
MikeHughes21MIN2018,Mike Hughes,2018,sec,21,< 24,MIN,Undrafted,Undrafted,6,2
MarlonHumphrey21BAL2017,Marlon Humphrey,2017,sec,21,< 24,BAL,1,66,16,5
MylesJack21JAX2016,Myles Jack,2016,sec,21,< 24,JAX,3,179,16,10
TonyJefferson21ARI2013,Tony Jefferson,2013,sec,21,< 24,ARI,Undrafted,Undrafted,16,2
MarshonLattimore21NOR2017,Marshon Lattimore,2017,sec,21,< 24,NOR,1,13,13,13
AlLouis-Jean21CHI2014,Al Louis-Jean,2014,sec,21,< 24,CHI,Undrafted,Undrafted,9,0
DerrickMartin21BAL2006,Derrick Martin,2006,sec,21,< 24,BAL,7,118,8,0
TyrannMathieu21ARI2013,Tyrann Mathieu,2013,sec,21,< 24,ARI,4,215,13,11
JustinMiller21NYJ2005,Justin Miller,2005,sec,21,< 24,NYJ,3,202,16,8
RahimMoore21DEN2011,Rahim Moore,2011,sec,21,< 24,DEN,3,189,15,7
SterlingMoore21NWE2011,Sterling Moore,2011,sec,21,< 24,NWE,Undrafted,Undrafted,6,3
CaptainMunnerlyn21CAR2009,Captain Munnerlyn,2009,sec,21,< 24,CAR,8,127,15,4
KeanuNeal21ATL2016,Keanu Neal,2016,sec,21,< 24,ATL,1,77,14,14
PatrickPeterson21ARI2011,Patrick Peterson,2011,sec,21,< 24,ARI,1,194,16,16
JabariPrice21MIN2014,Jabari Price,2014,sec,21,< 24,MIN,8,137,14,0
JustinReid21HOU2018,Justin Reid,2018,sec,21,< 24,HOU,Undrafted,Undrafted,8,4
NickellRobey-Coleman21BUF2013,Nickell Robey-Coleman,2013,sec,21,< 24,BUF,Undrafted,Undrafted,16,2
JoshRobinson21MIN2012,Josh Robinson,2012,sec,21,< 24,MIN,4,212,16,6
RashardRobinson21SFO2016,Rashard Robinson,2016,sec,21,< 24,SFO,5,38,14,6
OrlandoScandrick21DAL2008,Orlando Scandrick,2008,sec,21,< 24,DAL,6,49,16,2
JacobyShepherd21STL2000,Jacoby Shepherd,2000,sec,21,< 24,STL,3,208,15,1
LitoSheppard21PHI2002,Lito Sheppard,2002,sec,21,< 24,PHI,1,166,12,0
SeanTaylor21WAS2004,Sean Taylor,2004,sec,21,< 24,WAS,1,194,15,13
EarlThomas21SEA2010,Earl Thomas,2010,sec,21,< 24,SEA,1,45,16,16
RaymondVentrone21NWE2007,Raymond Ventrone,2007,sec,21,< 24,NWE,Undrafted,Undrafted,2,0
JordanWhitehead21TAM2018,Jordan Whitehead,2018,sec,21,< 24,TAM,Undrafted,Undrafted,6,2
DonteWhitner21BUF2006,Donte Whitner,2006,sec,21,< 24,BUF,1,227,15,14
AaronWilliams21BUF2011,Aaron Williams,2011,sec,21,< 24,BUF,3,177,9,6
MarcusWilliams21NOR2017,Marcus Williams,2017,sec,21,< 24,NOR,3,186,15,15
QuincyWilson21IND2017,Quincy Wilson,2017,sec,21,< 24,IND,3,190,7,5
DarylWorley21CAR2016,Daryl Worley,2016,sec,21,< 24,CAR,4,224,16,11
IsaAbdul-Quddus22NOR2011,Isa Abdul-Quddus,2011,sec,22,< 24,NOR,Undrafted,Undrafted,16,1
HamzaAbdullah22DEN2005,Hamza Abdullah,2005,sec,22,< 24,DEN,8,143,1,0
JamalAdams22NYJ2017,Jamal Adams,2017,sec,22,< 24,NYJ,1,205,16,16
MichaelAdams22ARI2007,Michael Adams,2007,sec,22,< 24,ARI,Undrafted,Undrafted,7,0
PhillipAdams22SFO2010,Phillip Adams,2010,sec,22,< 24,SFO,8,136,15,0
AlAfalava22CHI2009,Al Afalava,2009,sec,22,< 24,CHI,7,100,13,13
JamalAgnew22DET2017,Jamal Agnew,2017,sec,22,< 24,DET,6,72,13,0
AdonisAlexander22WAS2018,Adonis Alexander,2018,sec,22,< 24,WAS,Undrafted,Undrafted,2,0
AsherAllen22MIN2010,Asher Allen,2010,sec,22,< 24,MIN,4,234,14,11
WillAllen22TAM2004,Will Allen,2004,sec,22,< 24,TAM,5,15,16,0
JonathonAmaya22MIA2010,Jonathon Amaya,2010,sec,22,< 24,MIA,Undrafted,Undrafted,10,0
DavidAmerson22WAS2013,David Amerson,2013,sec,22,< 24,WAS,3,196,16,8
AdrianAmos22CHI2015,Adrian Amos,2015,sec,22,< 24,CHI,6,48,16,16
PrinceAmukamara22NYG2011,Prince Amukamara,2011,sec,22,< 24,NYG,1,99,7,0
EliApple22NYG2017,Eli Apple,2017,sec,22,< 24,NYG,1,2,11,7
LarryAsante22TAM2010,Larry Asante,2010,sec,22,< 24,TAM,6,67,2,0
NnamdiAsomugha22OAK2003,Nnamdi Asomugha,2003,sec,22,< 24,OAK,1,172,15,1
JoshAubrey22CLE2013,Josh Aubrey,2013,sec,22,< 24,CLE,Undrafted,Undrafted,6,0
ChidobeAwuzie22DAL2017,Chidobe Awuzie,2017,sec,22,< 24,DAL,3,206,10,6
JordanBabineaux22SEA2004,Jordan Babineaux,2004,sec,22,< 24,SEA,Undrafted,Undrafted,6,0
JohnsonBademosi22CLE2012,Johnson Bademosi,2012,sec,22,< 24,CLE,Undrafted,Undrafted,16,0
ChampBailey22WAS2000,Champ Bailey,2000,sec,22,< 24,WAS,1,216,16,16
BuddaBaker22ARI2018,Budda Baker,2018,sec,22,< 24,ARI,3,179,8,8
RashadBaker22BUF2004,Rashad Baker,2004,sec,22,< 24,BUF,Undrafted,Undrafted,14,3
AlanBall22DAL2007,Alan Ball,2007,sec,22,< 24,DAL,8,147,2,0
DominiqueBarber22HOU2008,Dominique Barber,2008,sec,22,< 24,HOU,7,81,12,0
AdairiusBarnes22DET2016,Adairius Barnes,2016,sec,22,< 24,DET,Undrafted,Undrafted,7,1
RashidiBarnes22CLE2000,Rashidi Barnes,2000,sec,22,< 24,CLE,8,137,14,0
JulianBattle22KAN2003,Julian Battle,2003,sec,22,< 24,KAN,4,241,14,0
AinsleyBattles22PIT2000,Ainsley Battles,2000,sec,22,< 24,PIT,Undrafted,Undrafted,16,1
RobertBean22CIN2000,Robert Bean,2000,sec,22,< 24,CIN,6,38,12,4
VonnBell22NOR2016,Vonn Bell,2016,sec,22,< 24,NOR,3,207,16,14
AaronBerry22DET2010,Aaron Berry,2010,sec,22,< 24,DET,Undrafted,Undrafted,1,1
EricBerry22KAN2010,Eric Berry,2010,sec,22,< 24,KAN,1,194,16,16
AntoineBethea22IND2006,Antoine Bethea,2006,sec,22,< 24,IND,7,117,14,14
JustinBethel22ARI2012,Justin Bethel,2012,sec,22,< 24,ARI,7,85,16,0
TerrealBierria22SEA2002,Terreal Bierria,2002,sec,22,< 24,SEA,5,25,14,0
AhmadBlack22TAM2011,Ahmad Black,2011,sec,22,< 24,TAM,6,58,4,0
WillBlackmon22GNB2006,Will Blackmon,2006,sec,22,< 24,GNB,5,19,4,0
LeighBodden22CLE2003,Leigh Bodden,2003,sec,22,< 24,CLE,Undrafted,Undrafted,13,1
TreBoston22CAR2014,Tre Boston,2014,sec,22,< 24,CAR,5,33,11,5
A.J.Bouye22HOU2013,A.J. Bouye,2013,sec,22,< 24,HOU,Undrafted,Undrafted,6,0
BrandonBoykin22PHI2012,Brandon Boykin,2012,sec,22,< 24,PHI,5,28,16,4
TyvonBranch22OAK2008,Tyvon Branch,2008,sec,22,< 24,OAK,5,3,8,0
BashaudBreeland22WAS2014,Bashaud Breeland,2014,sec,22,< 24,WAS,5,5,16,15
AaronBrewer22DEN2012,Aaron Brewer,2012,sec,22,< 24,DEN,Undrafted,Undrafted,16,0
KentrellBrice22GNB2016,Kentrell Brice,2016,sec,22,< 24,GNB,Undrafted,Undrafted,16,1
BeauBrinkley22TEN2012,Beau Brinkley,2012,sec,22,< 24,TEN,Undrafted,Undrafted,16,0
TramaineBrock22SFO2010,Tramaine Brock,2010,sec,22,< 24,SFO,Undrafted,Undrafted,3,0
AhmadBrooks22BUF2002,Ahmad Brooks,2002,sec,22,< 24,BUF,Undrafted,Undrafted,6,2
TerrenceBrooks22BAL2014,Terrence Brooks,2014,sec,22,< 24,BAL,4,226,11,0
C.C.Brown22HOU2005,C.C. Brown,2005,sec,22,< 24,HOU,7,97,16,13
CorneliusBrown22IND2010,Cornelius Brown,2010,sec,22,< 24,IND,Undrafted,Undrafted,10,0
DelvinBrown22JAX2001,Delvin Brown,2001,sec,22,< 24,JAX,Undrafted,Undrafted,5,0
MikeBrown22CHI2000,Mike Brown,2000,sec,22,< 24,CHI,3,182,16,16
RalphBrown22NYG2000,Ralph Brown,2000,sec,22,< 24,NYG,6,46,2,0
SergioBrown22NWE2010,Sergio Brown,2010,sec,22,< 24,NWE,Undrafted,Undrafted,11,0
TarellBrown22SFO2007,Tarell Brown,2007,sec,22,< 24,SFO,6,53,9,0
DavidBruton22DEN2009,David Bruton,2009,sec,22,< 24,DEN,5,18,14,1
DeoneBucannon22ARI2014,Deone Bucannon,2014,sec,22,< 24,ARI,1,167,16,9
PhillipBuchanon22OAK2002,Phillip Buchanon,2002,sec,22,< 24,OAK,1,77,6,2
JoshBullocks22NOR2005,Josh Bullocks,2005,sec,22,< 24,NOR,3,184,16,13
MorganBurnett22GNB2011,Morgan Burnett,2011,sec,22,< 24,GNB,4,218,16,16
ArtieBurns22PIT2017,Artie Burns,2017,sec,22,< 24,PIT,1,159,16,16
CurryBurns22HOU2003,Curry Burns,2003,sec,22,< 24,HOU,8,128,1,0
BrandonBurton22MIN2011,Brandon Burton,2011,sec,22,< 24,MIN,6,44,10,1
JarrettBush22GNB2006,Jarrett Bush,2006,sec,22,< 24,GNB,Undrafted,Undrafted,16,0
CarringtonByndom22CAR2014,Carrington Byndom,2014,sec,22,< 24,CAR,Undrafted,Undrafted,3,0
MauriceCanady22BAL2016,Maurice Canady,2016,sec,22,< 24,BAL,7,119,4,0
BrandonCarr22KAN2008,Brandon Carr,2008,sec,22,< 24,KAN,6,46,16,16
ChrisCarr22OAK2005,Chris Carr,2005,sec,22,< 24,OAK,Undrafted,Undrafted,16,0
AhmadCarroll22GNB2005,Ahmad Carroll,2005,sec,22,< 24,GNB,1,159,16,16
ChanceCasey22OAK2013,Chance Casey,2013,sec,22,< 24,OAK,Undrafted,Undrafted,2,0
ChrisCash22DET2002,Chris Cash,2002,sec,22,< 24,DET,7,83,16,12
AntoineCason22SDG2008,Antoine Cason,2008,sec,22,< 24,SDG,1,167,16,3
KamChancellor22SEA2010,Kam Chancellor,2010,sec,22,< 24,SEA,6,38,16,0
SeanChandler22NYG2018,Sean Chandler,2018,sec,22,< 24,NYG,Undrafted,Undrafted,8,0
MarquiChristian22LAR2016,Marqui Christian,2016,sec,22,< 24,LAR,6,74,11,0
PatrickChung22NWE2009,Patrick Chung,2009,sec,22,< 24,NWE,3,177,16,1
BarryChurch22DAL2010,Barry Church,2010,sec,22,< 24,DAL,Undrafted,Undrafted,15,0
MorrisClaiborne22DAL2012,Morris Claiborne,2012,sec,22,< 24,DAL,1,205,15,15
ChuckClark22BAL2017,Chuck Clark,2017,sec,22,< 24,BAL,7,95,15,0
NateClements22BUF2001,Nate Clements,2001,sec,22,< 24,BUF,1,120,16,11
HaHa Clinton-Dix22GNB2014,Ha Ha Clinton-Dix,2014,sec,22,< 24,GNB,1,120,16,10
RicardoColclough22PIT2004,Ricardo Colclough,2004,sec,22,< 24,PIT,3,181,16,0
ErikColeman22NYJ2004,Erik Coleman,2004,sec,22,< 24,NYJ,6,49,16,16
KurtColeman22PHI2010,Kurt Coleman,2010,sec,22,< 24,PHI,8,153,15,2
TravisColeman22CHI2002,Travis Coleman,2002,sec,22,< 24,CHI,Undrafted,Undrafted,7,0
XavierColeman22NYJ2017,Xavier Coleman,2017,sec,22,< 24,NYJ,Undrafted,Undrafted,2,0
JalenCollins22ATL2015,Jalen Collins,2015,sec,22,< 24,ATL,3,186,16,2
LandonCollins22NYG2016,Landon Collins,2016,sec,22,< 24,NYG,3,176,16,16
NickCollins22GNB2005,Nick Collins,2005,sec,22,< 24,GNB,3,196,16,16
GareonConley22OAK2017,Gareon Conley,2017,sec,22,< 24,OAK,1,149,2,0
ChrisConte22CHI2011,Chris Conte,2011,sec,22,< 24,CHI,4,242,14,9
EmanuelCook22NYJ2010,Emanuel Cook,2010,sec,22,< 24,NYJ,Undrafted,Undrafted,4,0
KeyuoCraver22NOR2002,Keyuo Craver,2002,sec,22,< 24,NOR,5,30,10,1
RichardCrawford22WAS2012,Richard Crawford,2012,sec,22,< 24,WAS,8,124,10,0
AntonioCromartie22SDG2006,Antonio Cromartie,2006,sec,22,< 24,SDG,1,99,16,0
DarrelCrutchfield22PHI2001,Darrel Crutchfield,2001,sec,22,< 24,PHI,Undrafted,Undrafted,4,0
CraigDahl22NYG2007,Craig Dahl,2007,sec,22,< 24,NYG,Undrafted,Undrafted,9,2
RonaldDarby22BUF2016,Ronald Darby,2016,sec,22,< 24,BUF,3,195,14,14
JasonDavid22IND2004,Jason David,2004,sec,22,< 24,IND,5,30,16,11
CarltonDavis22TAM2018,Carlton Davis,2018,sec,22,< 24,TAM,Undrafted,Undrafted,6,6
MichaelDavis22LAC2017,Michael Davis,2017,sec,22,< 24,LAC,Undrafted,Undrafted,15,0
MikeDavis22SFO2015,Mike Davis,2015,sec,22,< 24,SFO,5,31,6,0
ThomasDavis22CAR2005,Thomas Davis,2005,sec,22,< 24,CAR,1,45,16,1
VontaeDavis22MIA2010,Vontae Davis,2010,sec,22,< 24,MIA,1,159,16,15
LouisDelmas22DET2009,Louis Delmas,2009,sec,22,< 24,DET,3,176,15,15
PatDennis22KAN2000,Pat Dennis,2000,sec,22,< 24,KAN,6,69,16,13
QuandreDiggs22DET2015,Quandre Diggs,2015,sec,22,< 24,DET,7,110,16,4
TonyDixon22DAL2001,Tony Dixon,2001,sec,22,< 24,DAL,3,201,8,0
KevinDockery22NYG2006,Kevin Dockery,2006,sec,22,< 24,NYG,Undrafted,Undrafted,14,0
LorenzoDoss22DEN2016,Lorenzo Doss,2016,sec,22,< 24,DEN,6,71,6,0
MikeDoss22IND2003,Mike Doss,2003,sec,22,< 24,IND,3,203,15,15
RasulDouglas22PHI2017,Rasul Douglas,2017,sec,22,< 24,PHI,4,248,14,5
JustinDrescher22NOR2010,Justin Drescher,2010,sec,22,< 24,NOR,Undrafted,Undrafted,6,0
GregDucre222TM2014,Greg Ducre,2014,sec,22,< 24,2TM,Undrafted,Undrafted,6,0
TonyDye22CIN2012,Tony Dye,2012,sec,22,< 24,CIN,Undrafted,Undrafted,0,NA
AndreDyson22TEN2001,Andre Dyson,2001,sec,22,< 24,TEN,3,206,14,12
MattElam22BAL2013,Matt Elam,2013,sec,22,< 24,BAL,1,174,16,15
KevinEllison22SDG2009,Kevin Ellison,2009,sec,22,< 24,SDG,7,98,13,9
JoshEvans22JAX2013,Josh Evans,2013,sec,22,< 24,JAX,7,76,15,11
JustinEvans22TAM2017,Justin Evans,2017,sec,22,< 24,TAM,3,195,14,9
CortlandFinnegan22TEN2006,Cortland Finnegan,2006,sec,22,< 24,TEN,8,126,16,2
MinkahFitzpatrick22MIA2018,Minkah Fitzpatrick,2018,sec,22,< 24,MIA,Undrafted,Undrafted,8,3
DonnieFletcher22NYJ2012,Donnie Fletcher,2012,sec,22,< 24,NYJ,Undrafted,Undrafted,3,0
JamarFletcher22MIA2001,Jamar Fletcher,2001,sec,22,< 24,MIA,1,166,14,2
BrandonFlowers22KAN2008,Brandon Flowers,2008,sec,22,< 24,KAN,3,178,14,13
AnthonyFloyd22IND2003,Anthony Floyd,2003,sec,22,< 24,IND,Undrafted,Undrafted,6,0
DomoniqueFoxworth22DEN2005,Domonique Foxworth,2005,sec,22,< 24,DEN,4,246,16,7
AaronFrancisco22ARI2005,Aaron Francisco,2005,sec,22,< 24,ARI,Undrafted,Undrafted,11,0
KavonFrazier22DAL2016,Kavon Frazier,2016,sec,22,< 24,DAL,7,123,9,0
TerrenceFrederick22NYG2012,Terrence Frederick,2012,sec,22,< 24,NYG,8,155,2,0
KendallFuller22WAS2017,Kendall Fuller,2017,sec,22,< 24,WAS,4,232,16,6
KyleFuller22CHI2014,Kyle Fuller,2014,sec,22,< 24,CHI,1,45,16,14
E.J.Gaines22STL2014,E.J. Gaines,2014,sec,22,< 24,STL,7,97,15,15
ChrisGamble22CAR2005,Chris Gamble,2005,sec,22,< 24,CAR,1,168,15,15
RandallGay22NWE2004,Randall Gay,2004,sec,22,< 24,NWE,Undrafted,Undrafted,15,9
WilliamGay22PIT2007,William Gay,2007,sec,22,< 24,PIT,6,78,16,0
DerrickGibson22OAK2001,Derrick Gibson,2001,sec,22,< 24,OAK,1,168,16,0
StephonGilmore22BUF2012,Stephon Gilmore,2012,sec,22,< 24,BUF,1,2,16,16
TashaunGipson22CLE2012,Tashaun Gipson,2012,sec,22,< 24,CLE,Undrafted,Undrafted,10,3
JacobyGlenn22CHI2015,Jacoby Glenn,2015,sec,22,< 24,CHI,Undrafted,Undrafted,1,0
RobertGolden22PIT2012,Robert Golden,2012,sec,22,< 24,PIT,Undrafted,Undrafted,15,0
DeJonGomes22WAS2011,DeJon Gomes,2011,sec,22,< 24,WAS,6,52,15,5
DwayneGoodrich22DAL2000,Dwayne Goodrich,2000,sec,22,< 24,DAL,3,193,5,0
CharlesGordon22MIN2006,Charles Gordon,2006,sec,22,< 24,MIN,Undrafted,Undrafted,8,1
CoreyGraham22CHI2007,Corey Graham,2007,sec,22,< 24,CHI,6,75,13,0
DeonGrant22CAR2001,Deon Grant,2001,sec,22,< 24,CAR,3,202,16,16
JustinGreen22NWE2013,Justin Green,2013,sec,22,< 24,NWE,Undrafted,Undrafted,2,0
T.J.Green22IND2017,T.J. Green,2017,sec,22,< 24,IND,3,202,16,7
JabariGreer22BUF2004,Jabari Greer,2004,sec,22,< 24,BUF,Undrafted,Undrafted,12,1
MichaelGriffin22TEN2007,Michael Griffin,2007,sec,22,< 24,TEN,1,99,16,10
ShaquillGriffin22SEA2017,Shaquill Griffin,2017,sec,22,< 24,SEA,4,239,15,11
WinstonGuy22SEA2012,Winston Guy,2012,sec,22,< 24,SEA,7,90,2,0
JoeHaden22CLE2011,Joe Haden,2011,sec,22,< 24,CLE,1,216,15,15
EricHagg22CLE2011,Eric Hagg,2011,sec,22,< 24,CLE,8,157,10,0
AndreHal22HOU2014,Andre Hal,2014,sec,22,< 24,HOU,8,127,14,0
GrantHaley22NYG2018,Grant Haley,2018,sec,22,< 24,NYG,Undrafted,Undrafted,2,1
CoreyHall22ATL2001,Corey Hall,2001,sec,22,< 24,ATL,8,126,3,0
De'vonHall22IND2009,De'von Hall,2009,sec,22,< 24,IND,Undrafted,Undrafted,4,0
DeAngeloHall22ATL2005,DeAngelo Hall,2005,sec,22,< 24,ATL,1,227,15,15
KenHamlin22SEA2003,Ken Hamlin,2003,sec,22,< 24,SEA,3,186,16,14
JermaineHampton22IND2001,Jermaine Hampton,2001,sec,22,< 24,IND,Undrafted,Undrafted,10,0
VernonHargreaves22TAM2017,Vernon Hargreaves,2017,sec,22,< 24,TAM,1,13,9,7
DuronHarmon22NWE2013,Duron Harmon,2013,sec,22,< 24,NWE,4,240,15,3
BrandonHarris22HOU2012,Brandon Harris,2012,sec,22,< 24,HOU,3,206,8,0
CaryHarris22BUF2009,Cary Harris,2009,sec,22,< 24,BUF,7,92,4,1
ChrisHarris22DEN2011,Chris Harris,2011,sec,22,< 24,DEN,Undrafted,Undrafted,16,4
MichaelHawkins22GNB2005,Michael Hawkins,2005,sec,22,< 24,GNB,6,74,11,1
JeffHeath22DAL2013,Jeff Heath,2013,sec,22,< 24,DAL,Undrafted,Undrafted,16,9
JamieHenderson22NYJ2001,Jamie Henderson,2001,sec,22,< 24,NYJ,5,4,16,1
TreHerndon22JAX2018,Tre Herndon,2018,sec,22,< 24,JAX,Undrafted,Undrafted,5,0
DelanoHill22SEA2017,Delano Hill,2017,sec,22,< 24,SEA,4,244,15,0
WillHill22NYG2012,Will Hill,2012,sec,22,< 24,NYG,Undrafted,Undrafted,12,0
EllisHobbs22NWE2005,Ellis Hobbs,2005,sec,22,< 24,NWE,4,232,16,8
RoderickHood22PHI2003,Roderick Hood,2003,sec,22,< 24,PHI,Undrafted,Undrafted,14,0
MalikHooker22IND2018,Malik Hooker,2018,sec,22,< 24,IND,1,56,7,7
ChrisHope22PIT2002,Chris Hope,2002,sec,22,< 24,PIT,4,243,14,0
JayronHosley22NYG2012,Jayron Hosley,2012,sec,22,< 24,NYG,4,243,12,6
DavonHouse22GNB2011,Davon House,2011,sec,22,< 24,GNB,5,37,2,0
TracyHoward22CLE2016,Tracy Howard,2016,sec,22,< 24,CLE,Undrafted,Undrafted,15,3
MarquestonHuff22TEN2014,Marqueston Huff,2014,sec,22,< 24,TEN,5,27,14,1
DanteHughes22IND2007,Dante Hughes,2007,sec,22,< 24,IND,4,244,10,0
MarlonHumphrey22BAL2018,Marlon Humphrey,2018,sec,22,< 24,BAL,1,66,6,5
PeteHunter22DAL2002,Pete Hunter,2002,sec,22,< 24,DAL,6,75,11,2
GeorgeIloka22CIN2012,George Iloka,2012,sec,22,< 24,CIN,6,74,7,0
KemalIshmael22ATL2013,Kemal Ishmael,2013,sec,22,< 24,ATL,8,152,4,0
RodIssac22JAX2011,Rod Issac,2011,sec,22,< 24,JAX,6,53,3,0
Adoree'Jackson22TEN2017,Adoree' Jackson,2017,sec,22,< 24,TEN,1,88,16,16
JoshJackson22GNB2018,Josh Jackson,2018,sec,22,< 24,GNB,Undrafted,Undrafted,7,3
KareemJackson22HOU2010,Kareem Jackson,2010,sec,22,< 24,HOU,1,109,16,16
MarlinJackson22IND2005,Marlin Jackson,2005,sec,22,< 24,IND,1,169,15,1
TanardJackson22TAM2007,Tanard Jackson,2007,sec,22,< 24,TAM,5,9,16,16
TramainJacobs22BAL2014,Tramain Jacobs,2014,sec,22,< 24,BAL,Undrafted,Undrafted,3,0
DerwinJames22LAC2018,Derwin James,2018,sec,22,< 24,LAC,Undrafted,Undrafted,7,7
JaiquawnJarrett22PHI2011,Jaiquawn Jarrett,2011,sec,22,< 24,PHI,3,199,12,2
KyshoenJarrett22WAS2015,Kyshoen Jarrett,2015,sec,22,< 24,WAS,7,90,16,6
A.J.Jefferson22ARI2010,A.J. Jefferson,2010,sec,22,< 24,ARI,Undrafted,Undrafted,2,0
JoeJefferson22IND2002,Joe Jefferson,2002,sec,22,< 24,IND,4,221,14,0
TonyJefferson22ARI2014,Tony Jefferson,2014,sec,22,< 24,ARI,Undrafted,Undrafted,16,8
MalcolmJenkins22NOR2009,Malcolm Jenkins,2009,sec,22,< 24,NOR,1,45,14,6
BrandonJennings22OAK2000,Brandon Jennings,2000,sec,22,< 24,OAK,Undrafted,Undrafted,2,0
BruceJohnson22NYG2009,Bruce Johnson,2009,sec,22,< 24,NYG,Undrafted,Undrafted,16,5
JohnJohnson22LAR2017,John Johnson,2017,sec,22,< 24,LAR,4,240,16,11
LeonardJohnson22TAM2012,Leonard Johnson,2012,sec,22,< 24,TAM,Undrafted,Undrafted,16,6
MarquisJohnson22STL2010,Marquis Johnson,2010,sec,22,< 24,STL,8,122,2,0
TaronJohnson22BUF2018,Taron Johnson,2018,sec,22,< 24,BUF,Undrafted,Undrafted,7,1
TrumaineJohnson22STL2012,Trumaine Johnson,2012,sec,22,< 24,STL,4,211,16,3
AdamJones22TEN2005,Adam Jones,2005,sec,22,< 24,TEN,1,205,15,13
DavidJones22CIN2007,David Jones,2007,sec,22,< 24,CIN,6,51,7,0
NateJones22DAL2004,Nate Jones,2004,sec,22,< 24,DAL,8,115,16,1
ReshadJones22MIA2010,Reshad Jones,2010,sec,22,< 24,MIA,6,70,13,2
SidneyJones22PHI2018,Sidney Jones,2018,sec,22,< 24,PHI,3,187,6,1
HaroldJones-Quartey22CHI2015,Harold Jones-Quartey,2015,sec,22,< 24,CHI,Undrafted,Undrafted,13,4
JohnathanJoseph22CIN2006,Johnathan Joseph,2006,sec,22,< 24,CIN,1,149,16,9
RicotJoseph22WAS2002,Ricot Joseph,2002,sec,22,< 24,WAS,Undrafted,Undrafted,6,0
BhawohJue22GNB2001,Bhawoh Jue,2001,sec,22,< 24,GNB,4,218,15,7
JayronKearse22MIN2016,Jayron Kearse,2016,sec,22,< 24,MIN,8,153,16,1
BenKelly22MIA2000,Ben Kelly,2000,sec,22,< 24,MIA,4,232,2,0
BrandonKing22NWE2015,Brandon King,2015,sec,22,< 24,NWE,Undrafted,Undrafted,13,0
JustinKing22STL2009,Justin King,2009,sec,22,< 24,STL,5,4,15,7
KevinKing22GNB2017,Kevin King,2017,sec,22,< 24,GNB,3,176,9,5
JacobLacey22IND2009,Jacob Lacey,2009,sec,22,< 24,IND,Undrafted,Undrafted,16,9
KennyLadler22BUF2014,Kenny Ladler,2014,sec,22,< 24,BUF,Undrafted,Undrafted,2,0
JeremyLane22SEA2012,Jeremy Lane,2012,sec,22,< 24,SEA,7,80,13,3
EllisLankster22BUF2009,Ellis Lankster,2009,sec,22,< 24,BUF,8,132,10,0
MarshonLattimore22NOR2018,Marshon Lattimore,2018,sec,22,< 24,NOR,1,13,7,7
Cre'vonLeBlanc22CHI2016,Cre'von LeBlanc,2016,sec,22,< 24,CHI,Undrafted,Undrafted,13,9
MauriceLeggett22KAN2008,Maurice Leggett,2008,sec,22,< 24,KAN,Undrafted,Undrafted,12,3
JourdanLewis22DAL2017,Jourdan Lewis,2017,sec,22,< 24,DAL,4,241,15,7
KendrickLewis22KAN2010,Kendrick Lewis,2010,sec,22,< 24,KAN,6,41,12,10
MichaelLewis22PHI2002,Michael Lewis,2002,sec,22,< 24,PHI,3,203,14,4
DwightLowery22NYJ2008,Dwight Lowery,2008,sec,22,< 24,NYJ,5,17,16,10
KenLucas22SEA2001,Ken Lucas,2001,sec,22,< 24,SEA,3,184,16,8
ElbertMack22TAM2008,Elbert Mack,2008,sec,22,< 24,TAM,Undrafted,Undrafted,15,0
DavidMacklin22IND2000,David Macklin,2000,sec,22,< 24,IND,4,240,16,2
AvonteMaddox22PHI2018,Avonte Maddox,2018,sec,22,< 24,PHI,Undrafted,Undrafted,8,4
RichardMarshall22CAR2006,Richard Marshall,2006,sec,22,< 24,CAR,3,203,16,8
DerrickMartin22BAL2007,Derrick Martin,2007,sec,22,< 24,BAL,7,118,16,3
RonaldMartin22NYJ2015,Ronald Martin,2015,sec,22,< 24,NYJ,Undrafted,Undrafted,8,0
TyrannMathieu22ARI2014,Tyrann Mathieu,2014,sec,22,< 24,ARI,4,215,13,6
TaylorMays22SFO2010,Taylor Mays,2010,sec,22,< 24,SFO,3,193,16,6
TrumaineMcBride22CHI2007,Trumaine McBride,2007,sec,22,< 24,CHI,8,133,16,9
DariusSlay22DET2013,Darius Slay,2013,sec,22,< 24,DET,3,179,13,4
MauriceSmith22MIA2017,Maurice Smith,2017,sec,22,< 24,MIA,Undrafted,Undrafted,6,0
ReggieSmith22SFO2008,Reggie Smith,2008,sec,22,< 24,SFO,4,222,3,0
SeanSmith22MIA2009,Sean Smith,2009,sec,22,< 24,MIA,3,207,16,16
TyeSmith22SEA2015,Tye Smith,2015,sec,22,< 24,SEA,6,78,4,0
FredSmoot22WAS2001,Fred Smoot,2001,sec,22,< 24,WAS,3,189,14,13
ShawntaeSpencer22SFO2004,Shawntae Spencer,2004,sec,22,< 24,SFO,3,203,16,12
AmariSpievey22DET2010,Amari Spievey,2010,sec,22,< 24,DET,4,212,15,9
DaimionStafford22TEN2013,Daimion Stafford,2013,sec,22,< 24,TEN,8,157,16,0
ScottStarks22JAX2005,Scott Starks,2005,sec,22,< 24,JAX,4,235,16,0
JawanzaStarling22HOU2013,Jawanza Starling,2013,sec,22,< 24,HOU,Undrafted,Undrafted,2,0
CraigSteltz22CHI2008,Craig Steltz,2008,sec,22,< 24,CHI,5,25,11,0
DarianStewart22STL2010,Darian Stewart,2010,sec,22,< 24,STL,Undrafted,Undrafted,13,0
DarenStone22ATL2007,Daren Stone,2007,sec,22,< 24,ATL,7,113,12,0
GregStroman22WAS2018,Greg Stroman,2018,sec,22,< 24,WAS,Undrafted,Undrafted,7,2
ChandonSullivan22PHI2018,Chandon Sullivan,2018,sec,22,< 24,PHI,Undrafted,Undrafted,1,0
CameronSutton22PIT2017,Cameron Sutton,2017,sec,22,< 24,PIT,4,243,5,1
D.J.Swearinger22HOU2013,D.J. Swearinger,2013,sec,22,< 24,HOU,3,202,16,10
JoshSymonette22WAS2000,Josh Symonette,2000,sec,22,< 24,WAS,Undrafted,Undrafted,3,0
TeezTabor22DET2017,Teez Tabor,2017,sec,22,< 24,DET,3,198,10,1
AqibTalib22TAM2008,Aqib Talib,2008,sec,22,< 24,TAM,1,109,15,2
BrandonTaylor22SDG2012,Brandon Taylor,2012,sec,22,< 24,SDG,4,220,4,1
SeanTaylor22WAS2005,Sean Taylor,2005,sec,22,< 24,WAS,1,194,15,15
EarlThomas22SEA2011,Earl Thomas,2011,sec,22,< 24,SEA,1,45,16,16
JoshThomas22CAR2011,Josh Thomas,2011,sec,22,< 24,CAR,6,49,9,0
ShamarkoThomas22PIT2013,Shamarko Thomas,2013,sec,22,< 24,PIT,5,15,14,2
BrandynThompson22WAS2011,Brandyn Thompson,2011,sec,22,< 24,WAS,8,124,6,0
TedricThompson22SEA2017,Tedric Thompson,2017,sec,22,< 24,SEA,5,15,9,0
NeikoThorpe22KAN2012,Neiko Thorpe,2012,sec,22,< 24,KAN,Undrafted,Undrafted,9,0
CharlesTillman22CHI2003,Charles Tillman,2003,sec,22,< 24,CHI,3,178,16,13
ErikTotten22PIT2002,Erik Totten,2002,sec,22,< 24,PIT,Undrafted,Undrafted,1,0
WoodnyTurenne22CHI2009,Woodny Turenne,2009,sec,22,< 24,CHI,Undrafted,Undrafted,1,0
KennyVaccaro22NOR2013,Kenny Vaccaro,2013,sec,22,< 24,NOR,1,56,14,14
DeMarcusVan Dyke22OAK2011,DeMarcus Van Dyke,2011,sec,22,< 24,OAK,4,229,14,4
DarrickVaughn22ATL2000,Darrick Vaughn,2000,sec,22,< 24,ATL,8,122,16,0
RaymondVentrone22NWE2008,Raymond Ventrone,2008,sec,22,< 24,NWE,Undrafted,Undrafted,15,0
BrockVereen22CHI2014,Brock Vereen,2014,sec,22,< 24,CHI,5,37,16,4
AlterraunVerner22TEN2010,Alterraun Verner,2010,sec,22,< 24,TEN,5,7,16,12
FrankWalker22NYG2003,Frank Walker,2003,sec,22,< 24,NYG,7,117,10,7
JamarWall222TM2010,Jamar Wall,2010,sec,22,< 24,2TM,7,106,2,0
C.J.Wallace22SEA2007,C.J. Wallace,2007,sec,22,< 24,SEA,Undrafted,Undrafted,9,0
RaymondWalls22IND2001,Raymond Walls,2001,sec,22,< 24,IND,6,59,4,0
MattWare22PHI2004,Matt Ware,2004,sec,22,< 24,PHI,4,237,12,0
PierreWarren222TM2014,Pierre Warren,2014,sec,22,< 24,2TM,Undrafted,Undrafted,6,6
FabianWashington22OAK2005,Fabian Washington,2005,sec,22,< 24,OAK,1,141,16,11
DeeWebb22JAX2006,Dee Webb,2006,sec,22,< 24,JAX,8,146,11,1
KayvonWebster22DEN2013,Kayvon Webster,2013,sec,22,< 24,DEN,4,239,14,2
EricWeddle22SDG2007,Eric Weddle,2007,sec,22,< 24,SDG,3,180,15,0
GregWesley22KAN2000,Greg Wesley,2000,sec,22,< 24,KAN,4,233,16,16
CoreyWhite22NOR2012,Corey White,2012,sec,22,< 24,NOR,6,69,10,4
TreDaviousWhite22BUF2017,TreDavious White,2017,sec,22,< 24,BUF,1,167,16,16
DonteWhitner22BUF2007,Donte Whitner,2007,sec,22,< 24,BUF,1,227,15,15
J.J.Wilcox22DAL2013,J.J. Wilcox,2013,sec,22,< 24,DAL,4,228,13,5
AaronWilliams22BUF2012,Aaron Williams,2012,sec,22,< 24,BUF,3,177,11,10
JimmyWilliams22SFO2001,Jimmy Williams,2001,sec,22,< 24,SFO,7,106,10,0
JimmyWilliams22ATL2006,Jimmy Williams,2006,sec,22,< 24,ATL,3,180,13,5
MarcusWilliams22NOR2018,Marcus Williams,2018,sec,22,< 24,NOR,3,186,7,7
PaytonWilliams22IND2000,Payton Williams,2000,sec,22,< 24,IND,Undrafted,Undrafted,7,0
QuintinWilliams22MIA2004,Quintin Williams,2004,sec,22,< 24,MIA,Undrafted,Undrafted,6,0
RoyWilliams22DAL2002,Roy Williams,2002,sec,22,< 24,DAL,1,227,16,16
ShawnWilliams22CIN2013,Shawn Williams,2013,sec,22,< 24,CIN,4,232,16,0
TankWilliams22TEN2002,Tank Williams,2002,sec,22,< 24,TEN,3,189,16,16
C.J.Wilson22CAR2007,C.J. Wilson,2007,sec,22,< 24,CAR,8,138,4,0
JarrodWilson22JAX2016,Jarrod Wilson,2016,sec,22,< 24,JAX,Undrafted,Undrafted,16,0
JoshWilson22SEA2007,Josh Wilson,2007,sec,22,< 24,SEA,3,200,12,0
QuincyWilson22IND2018,Quincy Wilson,2018,sec,22,< 24,IND,3,190,5,1
TavonWilson22NWE2012,Tavon Wilson,2012,sec,22,< 24,NWE,3,192,16,4
TracyWilson22NYJ2011,Tracy Wilson,2011,sec,22,< 24,NYJ,Undrafted,Undrafted,5,0
AhkelloWitherspoon22SFO2017,Ahkello Witherspoon,2017,sec,22,< 24,SFO,4,212,12,9
XavierWoods22DAL2017,Xavier Woods,2017,sec,22,< 24,DAL,7,101,16,4
DarylWorley22CAR2017,Daryl Worley,2017,sec,22,< 24,CAR,4,224,15,14
EricWright22CLE2007,Eric Wright,2007,sec,22,< 24,CLE,3,198,14,13
MajorWright22CHI2010,Major Wright,2010,sec,22,< 24,CHI,4,222,11,0
IsaacYiadom22DEN2018,Isaac Yiadom,2018,sec,22,< 24,DEN,Undrafted,Undrafted,6,0
AshtonYouboty22BUF2006,Ashton Youboty,2006,sec,22,< 24,BUF,4,217,3,1
TavonYoung22BAL2016,Tavon Young,2016,sec,22,< 24,BAL,5,7,16,11
UsamaYoung22NOR2007,Usama Young,2007,sec,22,< 24,NOR,4,212,14,0
IsaAbdul-Quddus23NOR2012,Isa Abdul-Quddus,2012,sec,23,< 24,NOR,Undrafted,Undrafted,15,3
HamzaAbdullah23DEN2006,Hamza Abdullah,2006,sec,23,< 24,DEN,8,143,11,0
HusainAbdullah23MIN2008,Husain Abdullah,2008,sec,23,< 24,MIN,Undrafted,Undrafted,16,0
KennethAcker23SFO2015,Kenneth Acker,2015,sec,23,< 24,SFO,7,89,15,13
JamalAdams23NYJ2018,Jamal Adams,2018,sec,23,< 24,NYJ,1,205,8,8
JamarAdams23SEA2008,Jamar Adams,2008,sec,23,< 24,SEA,Undrafted,Undrafted,1,0
MichaelAdams23ARI2008,Michael Adams,2008,sec,23,< 24,ARI,Undrafted,Undrafted,5,1
MikeAdams23SFO2004,Mike Adams,2004,sec,23,< 24,SFO,Undrafted,Undrafted,8,0
PhillipAdams232TM2011,Phillip Adams,2011,sec,23,< 24,2TM,8,136,7,0
JahleelAddae23SDG2013,Jahleel Addae,2013,sec,23,< 24,SDG,Undrafted,Undrafted,16,2
JudeAdjei-Barimah23TAM2015,Jude Adjei-Barimah,2015,sec,23,< 24,TAM,Undrafted,Undrafted,13,7
AlAfalava23IND2010,Al Afalava,2010,sec,23,< 24,IND,7,100,4,0
JamalAgnew23DET2018,Jamal Agnew,2018,sec,23,< 24,DET,6,72,5,0
DannyAiken23NWE2011,Danny Aiken,2011,sec,23,< 24,NWE,Undrafted,Undrafted,16,0
WaltAikens23MIA2014,Walt Aikens,2014,sec,23,< 24,MIA,5,30,15,0
GeraldAlexander23DET2007,Gerald Alexander,2007,sec,23,< 24,DET,3,207,16,16
MackensieAlexander23MIN2016,Mackensie Alexander,2016,sec,23,< 24,MIN,3,199,13,0
MauriceAlexander23STL2014,Maurice Alexander,2014,sec,23,< 24,STL,5,14,9,0
RocAlexander23DEN2004,Roc Alexander,2004,sec,23,< 24,DEN,Undrafted,Undrafted,16,1
AsherAllen23MIN2011,Asher Allen,2011,sec,23,< 24,MIN,4,234,12,9
CortezAllen23PIT2011,Cortez Allen,2011,sec,23,< 24,PIT,5,33,15,0
JasonAllen23MIA2006,Jason Allen,2006,sec,23,< 24,MIA,1,66,16,0
NateAllen23PHI2010,Nate Allen,2010,sec,23,< 24,PHI,3,180,13,13
WillAllen23TAM2005,Will Allen,2005,sec,23,< 24,TAM,5,15,13,8
WillAllen23NYG2001,Will Allen,2001,sec,23,< 24,NYG,1,131,13,12
JonathonAmaya23NOR2011,Jonathon Amaya,2011,sec,23,< 24,NOR,Undrafted,Undrafted,16,0
DavidAmerson23WAS2014,David Amerson,2014,sec,23,< 24,WAS,3,196,15,15
AdrianAmos23CHI2016,Adrian Amos,2016,sec,23,< 24,CHI,6,48,15,14
PrinceAmukamara23NYG2012,Prince Amukamara,2012,sec,23,< 24,NYG,1,99,13,11
DwightAnderson23STL2004,Dwight Anderson,2004,sec,23,< 24,STL,Undrafted,Undrafted,12,0
MarquesAnderson23GNB2002,Marques Anderson,2002,sec,23,< 24,GNB,4,241,14,11
RashardAnderson23CAR2000,Rashard Anderson,2000,sec,23,< 24,CAR,1,141,12,0
WillieAndrews23NWE2006,Willie Andrews,2006,sec,23,< 24,NWE,8,140,15,0
TroyApke23WAS2018,Troy Apke,2018,sec,23,< 24,WAS,Undrafted,Undrafted,2,0
EliApple232TM2018,Eli Apple,2018,sec,23,< 24,2TM,1,2,6,6
JavierArenas23KAN2010,Javier Arenas,2010,sec,23,< 24,KAN,3,195,16,2
AlexArmah23CAR2017,Alex Armah,2017,sec,23,< 24,CAR,7,102,9,0
CornellArmstrong23MIA2018,Cornell Armstrong,2018,sec,23,< 24,MIA,Undrafted,Undrafted,7,0
KyleArrington232TM2009,Kyle Arrington,2009,sec,23,< 24,2TM,Undrafted,Undrafted,9,0
LarryAsante23TAM2011,Larry Asante,2011,sec,23,< 24,TAM,6,67,10,0
NnamdiAsomugha23OAK2004,Nnamdi Asomugha,2004,sec,23,< 24,OAK,1,172,16,7
JoshAubrey23HOU2014,Josh Aubrey,2014,sec,23,< 24,HOU,Undrafted,Undrafted,2,0
ChidobeAwuzie23DAL2018,Chidobe Awuzie,2018,sec,23,< 24,DAL,3,206,7,5
JerryAzumah23CHI2000,Jerry Azumah,2000,sec,23,< 24,CHI,6,53,14,4
RoderickBabers23DET2003,Roderick Babers,2003,sec,23,< 24,DET,5,28,5,0
JordanBabineaux23SEA2005,Jordan Babineaux,2005,sec,23,< 24,SEA,Undrafted,Undrafted,16,4
JohnsonBademosi23CLE2013,Johnson Bademosi,2013,sec,23,< 24,CLE,Undrafted,Undrafted,16,0
ChampBailey23WAS2001,Champ Bailey,2001,sec,23,< 24,WAS,1,216,16,16
DionBailey232TM2015,Dion Bailey,2015,sec,23,< 24,2TM,Undrafted,Undrafted,7,2
RashadBaker23BUF2005,Rashad Baker,2005,sec,23,< 24,BUF,Undrafted,Undrafted,14,0
AlanBall23DAL2008,Alan Ball,2008,sec,23,< 24,DAL,8,147,10,0
LonnieBallentine23HOU2016,Lonnie Ballentine,2016,sec,23,< 24,HOU,8,165,2,0
ChrisBanjo23GNB2013,Chris Banjo,2013,sec,23,< 24,GNB,Undrafted,Undrafted,16,1
DominiqueBarber23HOU2009,Dominique Barber,2009,sec,23,< 24,HOU,7,81,13,6
RashadBarksdale23KAN2007,Rashad Barksdale,2007,sec,23,< 24,KAN,7,111,6,0
KevinBarnes23WAS2009,Kevin Barnes,2009,sec,23,< 24,WAS,4,228,4,0
DavidBarrett23ARI2000,David Barrett,2000,sec,23,< 24,ARI,5,5,16,0
MarkBarron23TAM2012,Mark Barron,2012,sec,23,< 24,TAM,1,216,16,16
WilliamBartee23KAN2000,William Bartee,2000,sec,23,< 24,KAN,3,199,16,3
RonBartell23STL2005,Ron Bartell,2005,sec,23,< 24,STL,3,195,10,7
IdreesBashir23IND2001,Idrees Bashir,2001,sec,23,< 24,IND,3,180,15,15
JulianBattle23KAN2004,Julian Battle,2004,sec,23,< 24,KAN,4,241,12,1
TraBattle232TM2008,Tra Battle,2008,sec,23,< 24,2TM,Undrafted,Undrafted,6,0
AinsleyBattles23JAX2001,Ainsley Battles,2001,sec,23,< 24,JAX,Undrafted,Undrafted,13,11
RashadBauman23WAS2002,Rashad Bauman,2002,sec,23,< 24,WAS,4,226,16,1
De'VanteBausby23CHI2016,De'Vante Bausby,2016,sec,23,< 24,CHI,Undrafted,Undrafted,4,0
RobertBean23CIN2001,Robert Bean,2001,sec,23,< 24,CIN,6,38,15,4
RogersBeckett23SDG2000,Rogers Beckett,2000,sec,23,< 24,SDG,3,187,16,3
JasonBell23DAL2001,Jason Bell,2001,sec,23,< 24,DAL,Undrafted,Undrafted,16,0
JoshBell23DEN2008,Josh Bell,2008,sec,23,< 24,DEN,Undrafted,Undrafted,9,5
VonnBell23NOR2017,Vonn Bell,2017,sec,23,< 24,NOR,3,207,16,10
BillBentley23DET2012,Bill Bentley,2012,sec,23,< 24,DET,4,233,4,3
BeneBenwikere23CAR2014,Bene Benwikere,2014,sec,23,< 24,CAR,6,54,10,6
NatBerhe23NYG2014,Nat Berhe,2014,sec,23,< 24,NYG,6,59,16,0
JordanBernstine23WAS2012,Jordan Bernstine,2012,sec,23,< 24,WAS,8,128,1,0
AaronBerry23DET2011,Aaron Berry,2011,sec,23,< 24,DET,Undrafted,Undrafted,11,3
EricBerry23KAN2011,Eric Berry,2011,sec,23,< 24,KAN,1,194,1,1
GaryBerry23GNB2000,Gary Berry,2000,sec,23,< 24,GNB,5,31,4,0
AntoineBethea23IND2007,Antoine Bethea,2007,sec,23,< 24,IND,7,117,13,13
JustinBethel23ARI2013,Justin Bethel,2013,sec,23,< 24,ARI,7,85,16,0
E.J.Biggers23TAM2010,E.J. Biggers,2010,sec,23,< 24,TAM,8,128,16,6
CoryBird23IND2001,Cory Bird,2001,sec,23,< 24,IND,4,240,14,0
BrandanBishop23ATL2014,Brandan Bishop,2014,sec,23,< 24,ATL,Undrafted,Undrafted,0,NA
AhmadBlack23TAM2012,Ahmad Black,2012,sec,23,< 24,TAM,6,58,16,1
HaroldBlackmon23SEA2001,Harold Blackmon,2001,sec,23,< 24,SEA,8,121,2,0
WillBlackmon23GNB2007,Will Blackmon,2007,sec,23,< 24,GNB,5,19,9,1
AntwonBlake23PIT2013,Antwon Blake,2013,sec,23,< 24,PIT,Undrafted,Undrafted,14,0
RobertBlanton23MIN2012,Robert Blanton,2012,sec,23,< 24,MIN,6,44,13,0
Dre'Bly23STL2000,Dre' Bly,2000,sec,23,< 24,STL,3,185,16,3
LeighBodden23CLE2004,Leigh Bodden,2004,sec,23,< 24,CLE,Undrafted,Undrafted,8,1
BrieanBoddy-Calhoun23CLE2016,Briean Boddy-Calhoun,2016,sec,23,< 24,CLE,Undrafted,Undrafted,14,7
PatrickBody23CIN2005,Patrick Body,2005,sec,23,< 24,CIN,Undrafted,Undrafted,6,0
TreBoston23CAR2015,Tre Boston,2015,sec,23,< 24,CAR,5,33,16,1
MichaelBoulware23SEA2004,Michael Boulware,2004,sec,23,< 24,SEA,3,198,16,4
A.J.Bouye23HOU2014,A.J. Bouye,2014,sec,23,< 24,HOU,Undrafted,Undrafted,14,6
JohnBowie23OAK2007,John Bowie,2007,sec,23,< 24,OAK,5,14,2,0
JeromeBoyd23OAK2009,Jerome Boyd,2009,sec,23,< 24,OAK,Undrafted,Undrafted,1,0
BrandonBoykin23PHI2013,Brandon Boykin,2013,sec,23,< 24,PHI,5,28,16,2
TyronBrackenridge23KAN2007,Tyron Brackenridge,2007,sec,23,< 24,KAN,Undrafted,Undrafted,13,1
JamesBradberry23CAR2016,James Bradberry,2016,sec,23,< 24,CAR,3,208,13,13
ColinBranch23CAR2003,Colin Branch,2003,sec,23,< 24,CAR,5,23,16,0
TyvonBranch23OAK2009,Tyvon Branch,2009,sec,23,< 24,OAK,5,3,16,16
SamBrandon23DEN2002,Sam Brandon,2002,sec,23,< 24,DEN,5,37,16,2
BashaudBreeland23WAS2015,Bashaud Breeland,2015,sec,23,< 24,WAS,5,5,15,14
AaronBrewer23DEN2013,Aaron Brewer,2013,sec,23,< 24,DEN,Undrafted,Undrafted,16,0
JackBrewer23MIN2002,Jack Brewer,2002,sec,23,< 24,MIN,Undrafted,Undrafted,15,1
KentrellBrice23GNB2017,Kentrell Brice,2017,sec,23,< 24,GNB,Undrafted,Undrafted,6,3
BeauBrinkley23TEN2013,Beau Brinkley,2013,sec,23,< 24,TEN,Undrafted,Undrafted,16,0
EricBrock23ATL2008,Eric Brock,2008,sec,23,< 24,ATL,Undrafted,Undrafted,1,0
TramaineBrock23SFO2011,Tramaine Brock,2011,sec,23,< 24,SFO,Undrafted,Undrafted,11,0
RodregisBrooks23IND2001,Rodregis Brooks,2001,sec,23,< 24,IND,8,148,5,0
TerrenceBrooks23BAL2015,Terrence Brooks,2015,sec,23,< 24,BAL,4,226,12,0
AnthonyBrown23DAL2016,Anthony Brown,2016,sec,23,< 24,DAL,7,98,16,10
BryceBrown23BUF2014,Bryce Brown,2014,sec,23,< 24,BUF,8,140,7,2
C.C.Brown23HOU2006,C.C. Brown,2006,sec,23,< 24,HOU,7,97,15,15
CourtneyBrown23DAL2007,Courtney Brown,2007,sec,23,< 24,DAL,8,123,8,0
CurtisBrown23PIT2011,Curtis Brown,2011,sec,23,< 24,PIT,4,244,12,0
FakhirBrown23SDG2000,Fakhir Brown,2000,sec,23,< 24,SDG,Undrafted,Undrafted,9,8
MarcusBrown23SEA2010,Marcus Brown,2010,sec,23,< 24,SEA,Undrafted,Undrafted,1,0
MikeBrown23CHI2001,Mike Brown,2001,sec,23,< 24,CHI,3,182,16,16
RalphBrown23NYG2001,Ralph Brown,2001,sec,23,< 24,NYG,6,46,8,0
SergioBrown23NWE2011,Sergio Brown,2011,sec,23,< 24,NWE,Undrafted,Undrafted,15,3
SheldonBrown23PHI2002,Sheldon Brown,2002,sec,23,< 24,PHI,3,204,16,0
ClarenceCurry23ARI2004,Clarence Curry,2004,sec,23,< 24,ARI,Undrafted,Undrafted,1,0
RonaldCurry23OAK2002,Ronald Curry,2002,sec,23,< 24,OAK,8,145,1,0
JohnathanCyprien23JAX2013,Johnathan Cyprien,2013,sec,23,< 24,JAX,3,176,15,15
CarsonDach23NYG2003,Carson Dach,2003,sec,23,< 24,NYG,Undrafted,Undrafted,16,0
MattDaniels23STL2012,Matt Daniels,2012,sec,23,< 24,STL,Undrafted,Undrafted,4,0
TravisDaniels23MIA2005,Travis Daniels,2005,sec,23,< 24,MIA,5,7,16,14
RonaldDarby23PHI2017,Ronald Darby,2017,sec,23,< 24,PHI,3,195,8,7
JasonDavid23IND2005,Jason David,2005,sec,23,< 24,IND,5,30,16,16
A.J.Davis23NOR2012,A.J. Davis,2012,sec,23,< 24,NOR,Undrafted,Undrafted,1,0
KanorrisDavis23NWE2013,Kanorris Davis,2013,sec,23,< 24,NWE,Undrafted,Undrafted,3,0
MichaelDavis23LAC2018,Michael Davis,2018,sec,23,< 24,LAC,Undrafted,Undrafted,7,0
SammyDavis23SDG2003,Sammy Davis,2003,sec,23,< 24,SDG,1,171,16,16
SeanDavis23PIT2016,Sean Davis,2016,sec,23,< 24,PIT,3,203,16,9
VontaeDavis23MIA2011,Vontae Davis,2011,sec,23,< 24,MIA,1,159,12,12
WillDavis23MIA2013,Will Davis,2013,sec,23,< 24,MIA,4,242,5,0
AndrewDavison23NYJ2002,Andrew Davison,2002,sec,23,< 24,NYJ,Undrafted,Undrafted,6,0
DonteDeayon23NYG2017,Donte Deayon,2017,sec,23,< 24,NYG,Undrafted,Undrafted,4,0
ThomasDeCoud23ATL2008,Thomas DeCoud,2008,sec,23,< 24,ATL,4,247,10,0
DeeDelaney23JAX2018,Dee Delaney,2018,sec,23,< 24,JAX,Undrafted,Undrafted,1,0
LouisDelmas23DET2010,Louis Delmas,2010,sec,23,< 24,DET,3,176,15,15
CurtisDeLoatch23NYG2004,Curtis DeLoatch,2004,sec,23,< 24,NYG,Undrafted,Undrafted,16,0
QuintinDemps23PHI2008,Quintin Demps,2008,sec,23,< 24,PHI,5,21,16,0
WillDemps23BAL2002,Will Demps,2002,sec,23,< 24,BAL,Undrafted,Undrafted,14,10
PatrickDendy23GNB2005,Patrick Dendy,2005,sec,23,< 24,GNB,Undrafted,Undrafted,4,0
AlfonzoDennard23NWE2012,Alfonzo Dennard,2012,sec,23,< 24,NWE,8,136,10,7
DarquezeDennard23CIN2014,Darqueze Dennard,2014,sec,23,< 24,CIN,1,149,14,0
PatDennis23DAL2001,Pat Dennis,2001,sec,23,< 24,DAL,6,69,11,0
QuandreDiggs23DET2016,Quandre Diggs,2016,sec,23,< 24,DET,7,110,12,4
AhmadDixon233TM2014,Ahmad Dixon,2014,sec,23,< 24,3TM,8,157,11,0
TonyDixon23DAL2002,Tony Dixon,2002,sec,23,< 24,DAL,3,201,16,8
JamesDockery23CLE2011,James Dockery,2011,sec,23,< 24,CLE,Undrafted,Undrafted,12,0
KevinDockery23NYG2007,Kevin Dockery,2007,sec,23,< 24,NYG,Undrafted,Undrafted,13,6
JasonDoering23IND2001,Jason Doering,2001,sec,23,< 24,IND,7,103,16,1
JonDorenbos23BUF2003,Jon Dorenbos,2003,sec,23,< 24,BUF,Undrafted,Undrafted,16,0
LorenzoDoss23DEN2017,Lorenzo Doss,2017,sec,23,< 24,DEN,6,71,3,0
MikeDoss23IND2004,Mike Doss,2004,sec,23,< 24,IND,3,203,10,9
RasulDouglas23PHI2018,Rasul Douglas,2018,sec,23,< 24,PHI,4,248,8,0
JonathanDowling23OAK2014,Jonathan Dowling,2014,sec,23,< 24,OAK,8,156,7,0
Ras-IDowling23NWE2011,Ras-I Dowling,2011,sec,23,< 24,NWE,3,176,2,2
JustinDrescher23NOR2011,Justin Drescher,2011,sec,23,< 24,NOR,Undrafted,Undrafted,16,0
KurtisDrummond23HOU2015,Kurtis Drummond,2015,sec,23,< 24,HOU,Undrafted,Undrafted,9,0
GregDucre23SDG2015,Greg Ducre,2015,sec,23,< 24,SDG,Undrafted,Undrafted,4,1
QuintonDunbar23WAS2015,Quinton Dunbar,2015,sec,23,< 24,WAS,Undrafted,Undrafted,11,2
TonyDye23CIN2013,Tony Dye,2013,sec,23,< 24,CIN,Undrafted,Undrafted,1,0
AndreDyson23TEN2002,Andre Dyson,2002,sec,23,< 24,TEN,3,206,16,16
GlennEarl23HOU2004,Glenn Earl,2004,sec,23,< 24,HOU,5,27,12,9
NijrellEason23ARI2002,Nijrell Eason,2002,sec,23,< 24,ARI,Undrafted,Undrafted,1,0
AntuanEdwards23GNB2000,Antuan Edwards,2000,sec,23,< 24,GNB,1,159,12,3
DovonteEdwards23MIN2005,Dovonte Edwards,2005,sec,23,< 24,MIN,Undrafted,Undrafted,12,0
MattElam23BAL2014,Matt Elam,2014,sec,23,< 24,BAL,1,174,16,11
JavienElliott23TAM2016,Javien Elliott,2016,sec,23,< 24,TAM,Undrafted,Undrafted,6,1
TraeElston232TM2017,Trae Elston,2017,sec,23,< 24,2TM,Undrafted,Undrafted,14,1
BenEmanuel23SFO2005,Ben Emanuel,2005,sec,23,< 24,SFO,6,79,11,8
JohnEubanks23WAS2006,John Eubanks,2006,sec,23,< 24,WAS,Undrafted,Undrafted,1,0
JoshEvans23JAX2014,Josh Evans,2014,sec,23,< 24,JAX,7,76,16,14
JustinEvans23TAM2018,Justin Evans,2018,sec,23,< 24,TAM,3,195,7,7
MarwinEvans23GNB2016,Marwin Evans,2016,sec,23,< 24,GNB,Undrafted,Undrafted,16,0
DeshazorEverett23WAS2015,Deshazor Everett,2015,sec,23,< 24,WAS,Undrafted,Undrafted,11,0
TylerEverett23CHI2006,Tyler Everett,2006,sec,23,< 24,CHI,Undrafted,Undrafted,3,0
AntoneExum23MIN2014,Antone Exum,2014,sec,23,< 24,MIN,7,91,14,0
DemarcusFaggins23HOU2002,Demarcus Faggins,2002,sec,23,< 24,HOU,7,81,2,0
ClaytonFejedelem23CIN2016,Clayton Fejedelem,2016,sec,23,< 24,CIN,8,154,16,0
ReidFerguson23BUF2017,Reid Ferguson,2017,sec,23,< 24,BUF,Undrafted,Undrafted,16,0
CortlandFinnegan23TEN2007,Cortland Finnegan,2007,sec,23,< 24,TEN,8,126,16,16
TravisFisher23STL2002,Travis Fisher,2002,sec,23,< 24,STL,3,210,14,11
JamellFleming23ARI2012,Jamell Fleming,2012,sec,23,< 24,ARI,4,228,15,3
BradleyFletcher23STL2009,Bradley Fletcher,2009,sec,23,< 24,STL,4,212,7,3
JamarFletcher23MIA2002,Jamar Fletcher,2002,sec,23,< 24,MIA,1,166,16,4
DraytonFlorence23SDG2003,Drayton Florence,2003,sec,23,< 24,SDG,3,190,16,0
BrandonFlowers23KAN2009,Brandon Flowers,2009,sec,23,< 24,KAN,3,178,15,15
TreFlowers23SEA2018,Tre Flowers,2018,sec,23,< 24,SEA,Undrafted,Undrafted,6,6
AnthonyFloyd23IND2004,Anthony Floyd,2004,sec,23,< 24,IND,Undrafted,Undrafted,11,2
TherrianFontenot23GNB2005,Therrian Fontenot,2005,sec,23,< 24,GNB,Undrafted,Undrafted,1,0
RudyFord23ARI2017,Rudy Ford,2017,sec,23,< 24,ARI,7,118,10,0
TrevorFord23GNB2009,Trevor Ford,2009,sec,23,< 24,GNB,Undrafted,Undrafted,3,0
VernonFox23SDG2002,Vernon Fox,2002,sec,23,< 24,SDG,Undrafted,Undrafted,16,3
DomoniqueFoxworth23DEN2006,Domonique Foxworth,2006,sec,23,< 24,DEN,4,246,16,5
EricFrampton232TM2007,Eric Frampton,2007,sec,23,< 24,2TM,6,72,14,0
CoyeFrancies23CLE2009,Coye Francies,2009,sec,23,< 24,CLE,7,101,6,0
AaronFrancisco23ARI2006,Aaron Francisco,2006,sec,23,< 24,ARI,Undrafted,Undrafted,16,2
DominiqueFranks23ATL2010,Dominique Franks,2010,sec,23,< 24,ATL,6,40,2,0
KavonFrazier23DAL2017,Kavon Frazier,2017,sec,23,< 24,DAL,7,123,15,0
LanceFrazier23DAL2004,Lance Frazier,2004,sec,23,< 24,DAL,Undrafted,Undrafted,12,8
IsaiahFrey23CHI2013,Isaiah Frey,2013,sec,23,< 24,CHI,7,93,16,6
JamaalFudge23JAX2006,Jamaal Fudge,2006,sec,23,< 24,JAX,Undrafted,Undrafted,6,0
CurtisFuller23SEA2001,Curtis Fuller,2001,sec,23,< 24,SEA,5,32,10,1
KyleFuller23CHI2015,Kyle Fuller,2015,sec,23,< 24,CHI,1,45,16,16
VincentFuller23TEN2005,Vincent Fuller,2005,sec,23,< 24,TEN,5,11,2,0
CharlesGaines23CLE2015,Charles Gaines,2015,sec,23,< 24,CLE,7,98,6,4
PhillipGaines23KAN2014,Phillip Gaines,2014,sec,23,< 24,KAN,4,235,13,5
AnthonyGaitor23TAM2011,Anthony Gaitor,2011,sec,23,< 24,TAM,8,134,8,0
ChrisGamble23CAR2006,Chris Gamble,2006,sec,23,< 24,CAR,1,168,15,13
TrentGamble23MIA2000,Trent Gamble,2000,sec,23,< 24,MIA,Undrafted,Undrafted,16,0
IsaiahGardner23JAX2008,Isaiah Gardner,2008,sec,23,< 24,JAX,Undrafted,Undrafted,4,0
RichGardner23TEN2004,Rich Gardner,2004,sec,23,< 24,TEN,4,241,15,1
KevinGarrett23STL2003,Kevin Garrett,2003,sec,23,< 24,STL,6,80,9,0
WillieGary23STL2001,Willie Gary,2001,sec,23,< 24,STL,Undrafted,Undrafted,7,0
JoshGattis23CHI2007,Josh Gattis,2007,sec,23,< 24,CHI,6,57,4,0
RashaanGaulden23CAR2018,Rashaan Gaulden,2018,sec,23,< 24,CAR,Undrafted,Undrafted,6,0
RandallGay23NWE2005,Randall Gay,2005,sec,23,< 24,NWE,Undrafted,Undrafted,5,2
WilliamGay23PIT2008,William Gay,2008,sec,23,< 24,PIT,6,78,16,4
ClaytonGeathers23IND2015,Clayton Geathers,2015,sec,23,< 24,IND,5,12,15,2
BenGedeon23MIN2017,Ben Gedeon,2017,sec,23,< 24,MIN,5,25,16,9
K.J.Gerard23BAL2009,K.J. Gerard,2009,sec,23,< 24,BAL,Undrafted,Undrafted,3,0
BrandonGhee23CIN2010,Brandon Ghee,2010,sec,23,< 24,CIN,4,245,6,0
DavidGibson23TAM2000,David Gibson,2000,sec,23,< 24,TAM,7,103,9,0
DerrickGibson23OAK2002,Derrick Gibson,2002,sec,23,< 24,OAK,1,168,16,11
BlakeGideon23DEN2012,Blake Gideon,2012,sec,23,< 24,DEN,Undrafted,Undrafted,0,NA
MarcusGilchrist23SDG2011,Marcus Gilchrist,2011,sec,23,< 24,SDG,3,195,14,4
StephonGilmore23BUF2013,Stephon Gilmore,2013,sec,23,< 24,BUF,1,2,11,9
MattGiordano23IND2005,Matt Giordano,2005,sec,23,< 24,IND,5,40,15,0
TashaunGipson23CLE2013,Tashaun Gipson,2013,sec,23,< 24,CLE,Undrafted,Undrafted,16,15
SteveGleason23NOR2000,Steve Gleason,2000,sec,23,< 24,NOR,Undrafted,Undrafted,3,0
JacobyGlenn23CHI2016,Jacoby Glenn,2016,sec,23,< 24,CHI,Undrafted,Undrafted,7,3
TayGlover-Wright23IND2015,Tay Glover-Wright,2015,sec,23,< 24,IND,Undrafted,Undrafted,2,0
CharlesGodfrey23CAR2008,Charles Godfrey,2008,sec,23,< 24,CAR,4,213,16,16
RobertGolden23PIT2013,Robert Golden,2013,sec,23,< 24,PIT,Undrafted,Undrafted,16,0
DashonGoldson23SFO2007,Dashon Goldson,2007,sec,23,< 24,SFO,5,31,10,0
DeJonGomes23WAS2012,DeJon Gomes,2012,sec,23,< 24,WAS,6,52,15,3
CharlesGordon23MIN2007,Charles Gordon,2007,sec,23,< 24,MIN,Undrafted,Undrafted,16,3
CletisGordon23SDG2006,Cletis Gordon,2006,sec,23,< 24,SDG,Undrafted,Undrafted,2,0
JoshGordy23GNB2010,Josh Gordy,2010,sec,23,< 24,GNB,Undrafted,Undrafted,2,0
DannyGorrer23STL2009,Danny Gorrer,2009,sec,23,< 24,STL,Undrafted,Undrafted,3,1
CoreyGraham23CHI2008,Corey Graham,2008,sec,23,< 24,CHI,6,75,16,9
NickGraham23PHI2007,Nick Graham,2007,sec,23,< 24,PHI,Undrafted,Undrafted,15,0
DeonGrant23CAR2002,Deon Grant,2002,sec,23,< 24,CAR,3,202,16,16
DoranGrant23PIT2015,Doran Grant,2015,sec,23,< 24,PIT,5,26,3,0
DwayneGratz23JAX2013,Dwayne Gratz,2013,sec,23,< 24,JAX,4,210,10,8
JeffGrau23DAL2002,Jeff Grau,2002,sec,23,< 24,DAL,8,142,16,0
EricGreen23ARI2005,Eric Green,2005,sec,23,< 24,ARI,4,222,12,5
JonteGreen23DET2012,Jonte Green,2012,sec,23,< 24,DET,7,106,15,5
JustinGreen23NWE2014,Justin Green,2014,sec,23,< 24,NWE,Undrafted,Undrafted,0,NA
RayGreen23CAR2000,Ray Green,2000,sec,23,< 24,CAR,Undrafted,Undrafted,16,0
CourtneyGreene23JAX2009,Courtney Greene,2009,sec,23,< 24,JAX,8,154,9,0
RavenGreene23GNB2018,Raven Greene,2018,sec,23,< 24,GNB,Undrafted,Undrafted,5,0
JabariGreer23BUF2005,Jabari Greer,2005,sec,23,< 24,BUF,Undrafted,Undrafted,16,2
SteveGregory23SDG2006,Steve Gregory,2006,sec,23,< 24,SDG,Undrafted,Undrafted,14,0
MichaelGriffin23TEN2008,Michael Griffin,2008,sec,23,< 24,TEN,1,99,16,16
ShaquillGriffin23SEA2018,Shaquill Griffin,2018,sec,23,< 24,SEA,4,239,7,7
CodyGrimm23TAM2010,Cody Grimm,2010,sec,23,< 24,TAM,8,121,11,9
DeJuanGroce23STL2003,DeJuan Groce,2003,sec,23,< 24,STL,5,10,16,1
LadariusGunter23GNB2015,Ladarius Gunter,2015,sec,23,< 24,GNB,Undrafted,Undrafted,7,0
WinstonGuy23JAX2013,Winston Guy,2013,sec,23,< 24,JAX,7,90,14,2
JoeHaden23CLE2012,Joe Haden,2012,sec,23,< 24,CLE,1,216,11,11
BryceHager23STL2015,Bryce Hager,2015,sec,23,< 24,STL,8,136,16,0
EricHagg23CLE2012,Eric Hagg,2012,sec,23,< 24,CLE,8,157,12,4
NateHairston23IND2017,Nate Hairston,2017,sec,23,< 24,IND,6,64,14,4
AndreHal23HOU2015,Andre Hal,2015,sec,23,< 24,HOU,8,127,16,11
DeAngeloHall23ATL2006,DeAngelo Hall,2006,sec,23,< 24,ATL,1,227,16,16
LeonHall23CIN2007,Leon Hall,2007,sec,23,< 24,CIN,1,88,16,10
AntonioHamilton23OAK2016,Antonio Hamilton,2016,sec,23,< 24,OAK,Undrafted,Undrafted,4,0
KenHamlin23SEA2004,Ken Hamlin,2004,sec,23,< 24,SEA,3,186,16,16
JoselioHanson23SFO2004,Joselio Hanson,2004,sec,23,< 24,SFO,Undrafted,Undrafted,13,3
JermaineHardy23CAR2005,Jermaine Hardy,2005,sec,23,< 24,CAR,Undrafted,Undrafted,3,0
VernonHargreaves23TAM2018,Vernon Hargreaves,2018,sec,23,< 24,TAM,1,13,1,1
DeveronHarper23CAR2000,Deveron Harper,2000,sec,23,< 24,CAR,Undrafted,Undrafted,16,0
AntwanHarris23NWE2000,Antwan Harris,2000,sec,23,< 24,NWE,7,96,14,0
BrandonHarris23HOU2013,Brandon Harris,2013,sec,23,< 24,HOU,3,206,16,0
CaryHarris23BUF2010,Cary Harris,2010,sec,23,< 24,BUF,7,92,2,0
ChrisHarris23DEN2012,Chris Harris,2012,sec,23,< 24,DEN,Undrafted,Undrafted,15,12
ChrisHarris23CHI2005,Chris Harris,2005,sec,23,< 24,CHI,7,90,14,13
De'VanteHarris23NOR2016,De'Vante Harris,2016,sec,23,< 24,NOR,Undrafted,Undrafted,10,1
DominiqueHarris23TAM2010,Dominique Harris,2010,sec,23,< 24,TAM,Undrafted,Undrafted,1,0
JeremyHarris23JAX2014,Jeremy Harris,2014,sec,23,< 24,JAX,8,118,6,0
JoshHarris23ATL2012,Josh Harris,2012,sec,23,< 24,ATL,Undrafted,Undrafted,16,0
MikeHarris23JAX2012,Mike Harris,2012,sec,23,< 24,JAX,7,84,15,6
VictorHarris23PHI2009,Victor Harris,2009,sec,23,< 24,PHI,6,63,15,8
BrandonHarrison23HOU2008,Brandon Harrison,2008,sec,23,< 24,HOU,6,50,15,6
LloydHarrison23WAS2000,Lloyd Harrison,2000,sec,23,< 24,WAS,4,210,2,0
TysynHartman23KAN2012,Tysyn Hartman,2012,sec,23,< 24,KAN,Undrafted,Undrafted,11,2
ShaunardHarts23KAN2001,Shaunard Harts,2001,sec,23,< 24,KAN,8,123,3,0
DominiqueHatfield23LAR2017,Dominique Hatfield,2017,sec,23,< 24,LAR,Undrafted,Undrafted,11,0
JoshHawkins23GNB2016,Josh Hawkins,2016,sec,23,< 24,GNB,Undrafted,Undrafted,11,0
MichaelHawkins23CLE2006,Michael Hawkins,2006,sec,23,< 24,CLE,6,74,7,0
MichaelHawthorne23NOR2000,Michael Hawthorne,2000,sec,23,< 24,NOR,7,105,11,1
D.J.Hayden23OAK2013,D.J. Hayden,2013,sec,23,< 24,OAK,1,24,8,2
KelvinHayden23IND2006,Kelvin Hayden,2006,sec,23,< 24,IND,3,206,15,1
CaseyHayward23GNB2012,Casey Hayward,2012,sec,23,< 24,GNB,3,208,16,7
JeffHeath23DAL2014,Jeff Heath,2014,sec,23,< 24,DAL,Undrafted,Undrafted,14,0
JamieHenderson23NYJ2002,Jamie Henderson,2002,sec,23,< 24,NYJ,5,4,2,0
A.J.Hendy23MIA2016,A.J. Hendy,2016,sec,23,< 24,MIA,Undrafted,Undrafted,1,0
ThomasHennessy23NYJ2017,Thomas Hennessy,2017,sec,23,< 24,NYJ,Undrafted,Undrafted,16,0
DelanoHill23SEA2018,Delano Hill,2018,sec,23,< 24,SEA,4,244,5,0
JaylenHill23BAL2017,Jaylen Hill,2017,sec,23,< 24,BAL,Undrafted,Undrafted,6,0
RenaldoHill23ARI2001,Renaldo Hill,2001,sec,23,< 24,ARI,8,112,14,1
ReynaldoHill23TEN2005,Reynaldo Hill,2005,sec,23,< 24,TEN,8,129,15,10
WillHill23NYG2013,Will Hill,2013,sec,23,< 24,NYG,Undrafted,Undrafted,12,10
MikeHilton23PIT2017,Mike Hilton,2017,sec,23,< 24,PIT,Undrafted,Undrafted,16,4
EllisHobbs23NWE2006,Ellis Hobbs,2006,sec,23,< 24,NWE,4,232,15,9
BrandonHogan23CAR2011,Brandon Hogan,2011,sec,23,< 24,CAR,5,247,3,0
ColinHolba23JAX2017,Colin Holba,2017,sec,23,< 24,JAX,7,124,7,0
DevinHolland23TAM2011,Devin Holland,2011,sec,23,< 24,TAM,Undrafted,Undrafted,4,0
DavenHolly23CHI2005,Daven Holly,2005,sec,23,< 24,CHI,8,126,3,0
RashadHolman23SFO2001,Rashad Holman,2001,sec,23,< 24,SFO,7,87,16,1
JoshuaHolsey23WAS2017,Joshua Holsey,2017,sec,23,< 24,WAS,8,145,12,0
TerrenceHolt23DET2003,Terrence Holt,2003,sec,23,< 24,DET,6,42,11,2
RoderickHood23PHI2004,Roderick Hood,2004,sec,23,< 24,PHI,Undrafted,Undrafted,16,2
ChrisHope23PIT2003,Chris Hope,2003,sec,23,< 24,PIT,4,243,16,0
JayronHosley23NYG2013,Jayron Hosley,2013,sec,23,< 24,NYG,4,243,11,1
DavonHouse23GNB2012,Davon House,2012,sec,23,< 24,GNB,5,37,9,5
KevinHouse23SDG2002,Kevin House,2002,sec,23,< 24,SDG,Undrafted,Undrafted,1,0
ChrisHouston23ATL2007,Chris Houston,2007,sec,23,< 24,ATL,3,185,16,11
ReggieHoward232TM2000,Reggie Howard,2000,sec,23,< 24,2TM,Undrafted,Undrafted,2,0
XavienHoward23MIA2016,Xavien Howard,2016,sec,23,< 24,MIA,3,181,7,6
DelanoHowell232TM2012,Delano Howell,2012,sec,23,< 24,2TM,Undrafted,Undrafted,6,0
JohnHowell23TAM2001,John Howell,2001,sec,23,< 24,TAM,5,21,14,1
MichaelHuff23OAK2006,Michael Huff,2006,sec,23,< 24,OAK,1,216,16,16
DanteHughes23IND2008,Dante Hughes,2008,sec,23,< 24,IND,4,244,14,0
DarrellHunter23ARI2006,Darrell Hunter,2006,sec,23,< 24,ARI,Undrafted,Undrafted,3,0
MichaelHunter23NYG2016,Michael Hunter,2016,sec,23,< 24,NYG,Undrafted,Undrafted,2,0
PeteHunter23DAL2003,Pete Hunter,2003,sec,23,< 24,DAL,6,75,16,1
DemontreHurst23CHI2014,Demontre Hurst,2014,sec,23,< 24,CHI,Undrafted,Undrafted,15,2
VonHutchins23IND2004,Von Hutchins,2004,sec,23,< 24,IND,7,81,16,1
MicahHyde23GNB2013,Micah Hyde,2013,sec,23,< 24,GNB,6,65,16,3
DukeIhenacho23DEN2012,Duke Ihenacho,2012,sec,23,< 24,DEN,Undrafted,Undrafted,2,0
JackIkegwuonu23PHI2009,Jack Ikegwuonu,2009,sec,23,< 24,PHI,5,37,1,0
GeorgeIloka23CIN2013,George Iloka,2013,sec,23,< 24,CIN,6,74,16,16
KemalIshmael23ATL2014,Kemal Ishmael,2014,sec,23,< 24,ATL,8,152,16,10
PrinceCharles Iworah23SFO2016,Prince Charles Iworah,2016,sec,23,< 24,SFO,8,158,1,0
ChidiIwuoma23DET2001,Chidi Iwuoma,2001,sec,23,< 24,DET,Undrafted,Undrafted,13,1
Adoree'Jackson23TEN2018,Adoree' Jackson,2018,sec,23,< 24,TEN,1,88,7,4
AsaJackson23BAL2012,Asa Jackson,2012,sec,23,< 24,BAL,6,76,3,0
ChevisJackson23ATL2008,Chevis Jackson,2008,sec,23,< 24,ATL,4,214,16,1
DexterJackson23TAM2000,Dexter Jackson,2000,sec,23,< 24,TAM,5,17,13,0
DonteJackson23CAR2018,Donte Jackson,2018,sec,23,< 24,CAR,Undrafted,Undrafted,7,7
KareemJackson23HOU2011,Kareem Jackson,2011,sec,23,< 24,HOU,1,109,15,13
MarlinJackson23IND2006,Marlin Jackson,2006,sec,23,< 24,IND,1,169,14,8
TanardJackson23TAM2008,Tanard Jackson,2008,sec,23,< 24,TAM,5,9,16,16
TramainJacobs23NYG2015,Tramain Jacobs,2015,sec,23,< 24,NYG,Undrafted,Undrafted,5,0
NatrellJamerson23HOU2018,Natrell Jamerson,2018,sec,23,< 24,HOU,Undrafted,Undrafted,8,0
CharlesJames23NYG2013,Charles James,2013,sec,23,< 24,NYG,Undrafted,Undrafted,12,0
MichaelJameson23CLE2002,Michael Jameson,2002,sec,23,< 24,CLE,7,72,11,1
QuentinJammer23SDG2002,Quentin Jammer,2002,sec,23,< 24,SDG,1,194,14,4
J.J.Jansen23CAR2009,J.J. Jansen,2009,sec,23,< 24,CAR,Undrafted,Undrafted,16,0
A.J.Jefferson23ARI2011,A.J. Jefferson,2011,sec,23,< 24,ARI,Undrafted,Undrafted,16,7
TonyJefferson23ARI2015,Tony Jefferson,2015,sec,23,< 24,ARI,Undrafted,Undrafted,16,7
MalcolmJenkins23NOR2010,Malcolm Jenkins,2010,sec,23,< 24,NOR,1,45,15,15
MikeJenkins23DAL2008,Mike Jenkins,2008,sec,23,< 24,DAL,1,159,14,3
RayshawnJenkins23LAC2017,Rayshawn Jenkins,2017,sec,23,< 24,LAC,5,17,15,0
BrandonJennings23OAK2001,Brandon Jennings,2001,sec,23,< 24,OAK,Undrafted,Undrafted,8,0
M.D.Jennings23GNB2011,M.D. Jennings,2011,sec,23,< 24,GNB,Undrafted,Undrafted,15,0
LorenzoJerome23SFO2017,Lorenzo Jerome,2017,sec,23,< 24,SFO,Undrafted,Undrafted,4,0
AdeJimoh23WAS2003,Ade Jimoh,2003,sec,23,< 24,WAS,Undrafted,Undrafted,16,0
BruceJohnson23NYG2010,Bruce Johnson,2010,sec,23,< 24,NYG,Undrafted,Undrafted,6,0
DannyJohnson23WAS2018,Danny Johnson,2018,sec,23,< 24,WAS,Undrafted,Undrafted,7,0
DerrickJohnson23SFO2005,Derrick Johnson,2005,sec,23,< 24,SFO,7,115,14,5
DontaeJohnson23SFO2014,Dontae Johnson,2014,sec,23,< 24,SFO,5,34,16,3
IsaiahJohnson23DET2015,Isaiah Johnson,2015,sec,23,< 24,DET,Undrafted,Undrafted,6,0
JeronJohnson23SEA2011,Jeron Johnson,2011,sec,23,< 24,SEA,Undrafted,Undrafted,8,0
JohnJohnson23LAR2018,John Johnson,2018,sec,23,< 24,LAR,4,240,8,8
JovonJohnson23PIT2006,Jovon Johnson,2006,sec,23,< 24,PIT,Undrafted,Undrafted,2,0
KevinJohnson23HOU2015,Kevin Johnson,2015,sec,23,< 24,HOU,1,66,16,10
LeonardJohnson23TAM2013,Leonard Johnson,2013,sec,23,< 24,TAM,Undrafted,Undrafted,16,8
MarquisJohnson23STL2011,Marquis Johnson,2011,sec,23,< 24,STL,8,122,3,0
MichaelJohnson23NYG2007,Michael Johnson,2007,sec,23,< 24,NYG,8,136,16,5
RashadJohnson23ARI2009,Rashad Johnson,2009,sec,23,< 24,ARI,4,244,10,1
SheltonJohnson23OAK2013,Shelton Johnson,2013,sec,23,< 24,OAK,Undrafted,Undrafted,4,0
TrumaineJohnson23STL2013,Trumaine Johnson,2013,sec,23,< 24,STL,4,211,16,12
TyrellJohnson23MIN2008,Tyrell Johnson,2008,sec,23,< 24,MIN,3,187,16,7
AdamJones23TEN2006,Adam Jones,2006,sec,23,< 24,TEN,1,205,15,15
ByronJones23DAL2015,Byron Jones,2015,sec,23,< 24,DAL,1,167,16,11
CyrusJones23NWE2016,Cyrus Jones,2016,sec,23,< 24,NWE,3,206,10,1
DavidJones23CIN2008,David Jones,2008,sec,23,< 24,CIN,6,51,14,7
DerrickJones23NYJ2017,Derrick Jones,2017,sec,23,< 24,NYJ,7,114,3,0
DonJones23MIA2013,Don Jones,2013,sec,23,< 24,MIA,8,160,16,0
JonathanJones23NWE2016,Jonathan Jones,2016,sec,23,< 24,NWE,Undrafted,Undrafted,16,1
JoshJones23GNB2017,Josh Jones,2017,sec,23,< 24,GNB,3,207,16,7
NateJones23DAL2005,Nate Jones,2005,sec,23,< 24,DAL,8,115,16,0
ReshadJones23MIA2011,Reshad Jones,2011,sec,23,< 24,MIA,6,70,15,12
RushenJones23MIN2003,Rushen Jones,2003,sec,23,< 24,MIN,Undrafted,Undrafted,11,0
HaroldJones-Quartey23CHI2016,Harold Jones-Quartey,2016,sec,23,< 24,CHI,Undrafted,Undrafted,16,12
JohnathanJoseph23CIN2007,Johnathan Joseph,2007,sec,23,< 24,CIN,1,149,15,14
KarlJoseph23OAK2016,Karl Joseph,2016,sec,23,< 24,OAK,1,45,12,9
BhawohJue23GNB2002,Bhawoh Jue,2002,sec,23,< 24,GNB,4,218,4,0
MattKatula23BAL2005,Matt Katula,2005,sec,23,< 24,BAL,Undrafted,Undrafted,16,0
JayronKearse23MIN2017,Jayron Kearse,2017,sec,23,< 24,MIN,8,153,15,0
BrysonKeeton23NYJ2016,Bryson Keeton,2016,sec,23,< 24,NYJ,Undrafted,Undrafted,1,0
JohnKeith23SFO2000,John Keith,2000,sec,23,< 24,SFO,5,11,6,3
BenKelly232TM2001,Ben Kelly,2001,sec,23,< 24,2TM,4,232,4,0
KenoyKennedy23DEN2000,Kenoy Kennedy,2000,sec,23,< 24,DEN,3,189,13,0
TerrenceKiel23SDG2003,Terrence Kiel,2003,sec,23,< 24,SDG,3,208,16,8
MilesKillebrew23DET2016,Miles Killebrew,2016,sec,23,< 24,DET,5,15,16,0
EthanKilmer23CIN2006,Ethan Kilmer,2006,sec,23,< 24,CIN,8,119,16,0
DerrickKindred23CLE2016,Derrick Kindred,2016,sec,23,< 24,CLE,5,34,12,5
AkeemKing23ATL2015,Akeem King,2015,sec,23,< 24,ATL,8,158,5,0
BrandonKing23NWE2016,Brandon King,2016,sec,23,< 24,NWE,Undrafted,Undrafted,16,0
DesmondKing23LAC2017,Desmond King,2017,sec,23,< 24,LAC,6,58,16,4
EricKing23BUF2005,Eric King,2005,sec,23,< 24,BUF,6,62,16,1
JustinKing23STL2010,Justin King,2010,sec,23,< 24,STL,5,4,8,0
KevinKing23GNB2018,Kevin King,2018,sec,23,< 24,GNB,3,176,5,5
DreKirkpatrick23CIN2012,Dre Kirkpatrick,2012,sec,23,< 24,CIN,1,77,5,0
JordanKovacs23MIA2013,Jordan Kovacs,2013,sec,23,< 24,MIA,Undrafted,Undrafted,9,0
JacobLacey23IND2010,Jacob Lacey,2010,sec,23,< 24,IND,Undrafted,Undrafted,12,8
KeenanLambert23OAK2015,Keenan Lambert,2015,sec,23,< 24,OAK,Undrafted,Undrafted,5,0
LaRonLandry23WAS2007,LaRon Landry,2007,sec,23,< 24,WAS,1,205,16,16
JeremyLane23SEA2013,Jeremy Lane,2013,sec,23,< 24,SEA,7,80,15,0
BrendanLangley23DEN2017,Brendan Langley,2017,sec,23,< 24,DEN,4,4,11,0
GerardLawson23CLE2008,Gerard Lawson,2008,sec,23,< 24,CLE,Undrafted,Undrafted,15,0
NevinLawson23DET2014,Nevin Lawson,2014,sec,23,< 24,DET,5,38,2,0
Cre'vonLeBlanc23CHI2017,Cre'von LeBlanc,2017,sec,23,< 24,CHI,Undrafted,Undrafted,15,1
JoeLefeged23IND2011,Joe Lefeged,2011,sec,23,< 24,IND,Undrafted,Undrafted,16,1
MauriceLeggett23KAN2009,Maurice Leggett,2009,sec,23,< 24,KAN,Undrafted,Undrafted,10,1
JimLeonhard23BUF2005,Jim Leonhard,2005,sec,23,< 24,BUF,Undrafted,Undrafted,10,0
JourdanLewis23DAL2018,Jourdan Lewis,2018,sec,23,< 24,DAL,4,241,6,0
KeenanLewis23PIT2009,Keenan Lewis,2009,sec,23,< 24,PIT,4,245,4,0
KeithLewis23SFO2004,Keith Lewis,2004,sec,23,< 24,SFO,7,108,16,0
KendrickLewis23KAN2011,Kendrick Lewis,2011,sec,23,< 24,KAN,6,41,16,16
LeQuanLewis232TM2012,LeQuan Lewis,2012,sec,23,< 24,2TM,Undrafted,Undrafted,8,0
MichaelLewis23PHI2003,Michael Lewis,2003,sec,23,< 24,PHI,3,203,16,16
MyronLewis23TAM2010,Myron Lewis,2010,sec,23,< 24,TAM,4,213,10,1
RoyLewis23PIT2008,Roy Lewis,2008,sec,23,< 24,PIT,Undrafted,Undrafted,1,0
ChrisLewis-Harris23CIN2012,Chris Lewis-Harris,2012,sec,23,< 24,CIN,Undrafted,Undrafted,2,0
TonyLippett23MIA2015,Tony Lippett,2015,sec,23,< 24,MIA,6,62,9,0
BretLockett23NWE2009,Bret Lockett,2009,sec,23,< 24,NWE,Undrafted,Undrafted,10,0
CullenLoeffler23MIN2004,Cullen Loeffler,2004,sec,23,< 24,MIN,Undrafted,Undrafted,16,0
JammalLord23HOU2004,Jammal Lord,2004,sec,23,< 24,HOU,7,83,1,0
AndreLott23WAS2002,Andre Lott,2002,sec,23,< 24,WAS,6,65,16,0
RickLovato23GNB2015,Rick Lovato,2015,sec,23,< 24,GNB,Undrafted,Undrafted,2,0
DaytawionLowe23PHI2014,Daytawion Lowe,2014,sec,23,< 24,PHI,Undrafted,Undrafted,0,NA
DwightLowery23NYJ2009,Dwight Lowery,2009,sec,23,< 24,NYJ,5,17,13,5
CalvinLowry23TEN2006,Calvin Lowry,2006,sec,23,< 24,TEN,5,5,16,0
ShalomLuani23OAK2017,Shalom Luani,2017,sec,23,< 24,OAK,8,133,16,1
JordanLucas23MIA2016,Jordan Lucas,2016,sec,23,< 24,MIA,7,114,8,0
KenLucas23SEA2002,Ken Lucas,2002,sec,23,< 24,SEA,3,184,16,16
CoreyLynch23CIN2008,Corey Lynch,2008,sec,23,< 24,CIN,7,85,7,0
GregMabin232TM2017,Greg Mabin,2017,sec,23,< 24,2TM,Undrafted,Undrafted,7,0
ElbertMack23TAM2009,Elbert Mack,2009,sec,23,< 24,TAM,Undrafted,Undrafted,15,3
DavidMacklin23IND2001,David Macklin,2001,sec,23,< 24,IND,4,240,16,16
JoeMaese23BAL2001,Joe Maese,2001,sec,23,< 24,BAL,7,104,15,0
CraigMager23SDG2015,Craig Mager,2015,sec,23,< 24,SDG,4,231,10,2
RickyManning23CAR2003,Ricky Manning,2003,sec,23,< 24,CAR,4,230,16,7
MarquandManuel23CIN2002,Marquand Manuel,2002,sec,23,< 24,CIN,7,90,15,8
ChrisMaragos23SFO2010,Chris Maragos,2010,sec,23,< 24,SFO,Undrafted,Undrafted,3,0
DeanMarlowe23CAR2015,Dean Marlowe,2015,sec,23,< 24,CAR,Undrafted,Undrafted,4,0
CurtisMarsh23PHI2011,Curtis Marsh,2011,sec,23,< 24,PHI,4,239,7,0
AlfonsoMarshall23CHI2004,Alfonso Marshall,2004,sec,23,< 24,CHI,8,126,7,0
NickMarshall23JAX2015,Nick Marshall,2015,sec,23,< 24,JAX,Undrafted,Undrafted,13,1
RichardMarshall23CAR2007,Richard Marshall,2007,sec,23,< 24,CAR,3,203,16,6
DerrickMartin23BAL2008,Derrick Martin,2008,sec,23,< 24,BAL,7,118,4,0
RonaldMartin23NYJ2016,Ronald Martin,2016,sec,23,< 24,NYJ,Undrafted,Undrafted,3,0
ChrisMassey23STL2002,Chris Massey,2002,sec,23,< 24,STL,8,152,16,1
TyrannMathieu23ARI2015,Tyrann Mathieu,2015,sec,23,< 24,ARI,4,215,14,14
RasheanMathis23JAX2003,Rashean Mathis,2003,sec,23,< 24,JAX,3,182,16,16
MarcusMaxey232TM2006,Marcus Maxey,2006,sec,23,< 24,2TM,6,61,2,0
ByronMaxwell23SEA2011,Byron Maxwell,2011,sec,23,< 24,SEA,7,81,9,0
TaylorMays23CIN2011,Taylor Mays,2011,sec,23,< 24,CIN,3,193,10,0
ChrisMcAlister23BAL2000,Chris McAlister,2000,sec,23,< 24,BAL,1,2,16,16
TrumaineMcBride23CHI2008,Trumaine McBride,2008,sec,23,< 24,CHI,8,133,16,1
KevinMcCadam23ATL2002,Kevin McCadam,2002,sec,23,< 24,ATL,6,54,11,1
BobbyMcCain23MIA2016,Bobby McCain,2016,sec,23,< 24,MIA,6,51,16,8
BriceMcCain23HOU2009,Brice McCain,2009,sec,23,< 24,HOU,7,97,16,1
BryanMcCann23DAL2010,Bryan McCann,2010,sec,23,< 24,DAL,Undrafted,Undrafted,9,0
DevinMcCourty23NWE2010,Devin McCourty,2010,sec,23,< 24,NWE,1,167,16,16
JasonMcCourty23TEN2010,Jason McCourty,2010,sec,23,< 24,TEN,7,113,12,6
DannyMcCray23DAL2011,Danny McCray,2011,sec,23,< 24,DAL,Undrafted,Undrafted,14,0
DemetriusMcCray23JAX2014,Demetrius McCray,2014,sec,23,< 24,JAX,8,121,16,12
L.J.McCray23SFO2014,L.J. McCray,2014,sec,23,< 24,SFO,Undrafted,Undrafted,14,0
KevinMcDermott23SFO2013,Kevin McDermott,2013,sec,23,< 24,SFO,Undrafted,Undrafted,16,0
BrandonMcDonald23CLE2008,Brandon McDonald,2008,sec,23,< 24,CLE,6,46,16,15
T.J.McDonald23STL2014,T.J. McDonald,2014,sec,23,< 24,STL,4,218,16,16
TevinMcDonald23OAK2015,Tevin McDonald,2015,sec,23,< 24,OAK,Undrafted,Undrafted,4,0
BradleyMcDougald232TM2013,Bradley McDougald,2013,sec,23,< 24,2TM,Undrafted,Undrafted,4,0
LeonMcFadden23CLE2013,Leon McFadden,2013,sec,23,< 24,CLE,4,214,16,2
WalterMcFadden23OAK2010,Walter McFadden,2010,sec,23,< 24,OAK,6,43,4,0
BrandonMcGee23STL2013,Brandon McGee,2013,sec,23,< 24,STL,6,55,15,0
TerrenceMcGee23BUF2003,Terrence McGee,2003,sec,23,< 24,BUF,5,15,14,2
BrandonMcGowan23CHI2006,Brandon McGowan,2006,sec,23,< 24,CHI,Undrafted,Undrafted,1,0
JonMcGraw23NYJ2002,Jon McGraw,2002,sec,23,< 24,NYJ,3,202,15,1
LeodisMcKelvin23BUF2008,Leodis McKelvin,2008,sec,23,< 24,BUF,1,13,16,6
ChrisMcKenzie23HOU2005,Chris McKenzie,2005,sec,23,< 24,HOU,Undrafted,Undrafted,3,0
RodneyMcLeod23STL2013,Rodney McLeod,2013,sec,23,< 24,STL,Undrafted,Undrafted,16,16
SherrickMcManis23HOU2010,Sherrick McManis,2010,sec,23,< 24,HOU,6,50,14,0
JerronMcMillian23GNB2012,Jerron McMillian,2012,sec,23,< 24,GNB,5,38,16,0
LeonMcQuay23KAN2017,Leon McQuay,2017,sec,23,< 24,KAN,7,129,1,1
TorryMcTyer23MIA2018,Torry McTyer,2018,sec,23,< 24,MIA,Undrafted,Undrafted,7,2
ObiMelifonwu23OAK2017,Obi Melifonwu,2017,sec,23,< 24,OAK,3,201,5,1
BrandonMeriweather23NWE2007,Brandon Meriweather,2007,sec,23,< 24,NWE,1,149,16,0
WillieMiddlebrooks23DEN2002,Willie Middlebrooks,2002,sec,23,< 24,DEN,1,149,15,0
DougMiddleton23NYJ2016,Doug Middleton,2016,sec,23,< 24,NYJ,Undrafted,Undrafted,4,0
WilliamMiddleton23JAX2009,William Middleton,2009,sec,23,< 24,JAX,6,43,12,0
QuintinMikell23PHI2003,Quintin Mikell,2003,sec,23,< 24,PHI,Undrafted,Undrafted,16,0
JeromyMiles23CIN2010,Jeromy Miles,2010,sec,23,< 24,CIN,Undrafted,Undrafted,6,0
CraigMiller23JAX2000,Craig Miller,2000,sec,23,< 24,JAX,Undrafted,Undrafted,4,2
HarlanMiller23ARI2017,Harlan Miller,2017,sec,23,< 24,ARI,7,115,5,0
JustinMiller23NYJ2007,Justin Miller,2007,sec,23,< 24,NYJ,3,202,2,0
DeeMilliner23NYJ2014,Dee Milliner,2014,sec,23,< 24,NYJ,1,238,3,2
JalenMills23PHI2017,Jalen Mills,2017,sec,23,< 24,PHI,8,144,15,15
ChaseMinnifield23WAS2012,Chase Minnifield,2012,sec,23,< 24,WAS,Undrafted,Undrafted,0,NA
CharlesMitchell23ATL2012,Charles Mitchell,2012,sec,23,< 24,ATL,7,102,10,0
MelMitchell23NOR2002,Mel Mitchell,2002,sec,23,< 24,NOR,6,57,16,0
MikeMitchell23OAK2010,Mike Mitchell,2010,sec,23,< 24,OAK,3,191,16,3
TerranceMitchell232TM2015,Terrance Mitchell,2015,sec,23,< 24,2TM,8,164,8,0
AntwaunMolden23HOU2008,Antwaun Molden,2008,sec,23,< 24,HOU,4,226,14,0
A.J.Moore23HOU2018,A.J. Moore,2018,sec,23,< 24,HOU,Undrafted,Undrafted,8,0
BrandonMoore23SFO2002,Brandon Moore,2002,sec,23,< 24,SFO,Undrafted,Undrafted,13,2
CoreyMoore23HOU2016,Corey Moore,2016,sec,23,< 24,HOU,Undrafted,Undrafted,16,8
D.J.Moore23CHI2010,D.J. Moore,2010,sec,23,< 24,CHI,5,23,16,0
KennyMoore23IND2018,Kenny Moore,2018,sec,23,< 24,IND,Undrafted,Undrafted,7,7
RahimMoore23DEN2013,Rahim Moore,2013,sec,23,< 24,DEN,3,189,10,10
SterlingMoore23DAL2013,Sterling Moore,2013,sec,23,< 24,DAL,Undrafted,Undrafted,5,0
TrentRobinson23WAS2013,Trent Robinson,2013,sec,23,< 24,WAS,7,89,11,0
BradleyRoby23DEN2015,Bradley Roby,2015,sec,23,< 24,DEN,1,172,16,4
DominiqueRodgers-Cromartie23ARI2009,Dominique Rodgers-Cromartie,2009,sec,23,< 24,ARI,1,66,16,16
JamesRogers23TAM2012,James Rogers,2012,sec,23,< 24,TAM,Undrafted,Undrafted,0,NA
JustinRogers23BUF2011,Justin Rogers,2011,sec,23,< 24,BUF,8,116,13,1
RoderickRogers23DEN2007,Roderick Rogers,2007,sec,23,< 24,DEN,Undrafted,Undrafted,2,0
AntrelRolle23ARI2005,Antrel Rolle,2005,sec,23,< 24,ARI,1,227,5,4
QuintenRollins23GNB2015,Quinten Rollins,2015,sec,23,< 24,GNB,3,208,14,4
MarkRoman23CIN2000,Mark Roman,2000,sec,23,< 24,CIN,3,177,8,2
BrandianRoss23OAK2012,Brandian Ross,2012,sec,23,< 24,OAK,Undrafted,Undrafted,14,1
DerekRoss232TM2003,Derek Ross,2003,sec,23,< 24,2TM,4,222,10,0
AaronRouse23GNB2007,Aaron Rouse,2007,sec,23,< 24,GNB,4,237,11,3
StanfordRoutt23OAK2006,Stanford Routt,2006,sec,23,< 24,OAK,3,181,16,2
EricRowe23PHI2015,Eric Rowe,2015,sec,23,< 24,PHI,3,191,16,5
ChrisRucker23IND2011,Chris Rucker,2011,sec,23,< 24,IND,7,97,15,4
MikeRumph23SFO2002,Mike Rumph,2002,sec,23,< 24,SFO,1,167,16,1
AndersonRussell23WAS2010,Anderson Russell,2010,sec,23,< 24,WAS,Undrafted,Undrafted,2,0
KeiVaraeRussell23CIN2016,KeiVarae Russell,2016,sec,23,< 24,CIN,4,221,5,0
KevinRutland23JAX2011,Kevin Rutland,2011,sec,23,< 24,JAX,Undrafted,Undrafted,14,4
LoganRyan23NWE2014,Logan Ryan,2014,sec,23,< 24,NWE,4,231,16,6
JamesSample23JAX2015,James Sample,2015,sec,23,< 24,JAX,5,7,4,2
AsanteSamuel23NWE2004,Asante Samuel,2004,sec,23,< 24,NWE,5,25,13,8
ZackSanchez23CAR2016,Zack Sanchez,2016,sec,23,< 24,CAR,6,47,5,1
BobSanders23IND2004,Bob Sanders,2004,sec,23,< 24,IND,3,188,6,4
JamesSanders23NWE2006,James Sanders,2006,sec,23,< 24,NWE,5,38,16,5
RobertSands23CIN2012,Robert Sands,2012,sec,23,< 24,CIN,6,39,0,NA
JustinSandy23TEN2005,Justin Sandy,2005,sec,23,< 24,TEN,Undrafted,Undrafted,2,1
BennySapp23KAN2004,Benny Sapp,2004,sec,23,< 24,KAN,Undrafted,Undrafted,15,1
GeromeSapp23IND2004,Gerome Sapp,2004,sec,23,< 24,IND,7,91,13,0
TylerSash23NYG2011,Tyler Sash,2011,sec,23,< 24,NYG,7,108,16,0
De'AnteSaunders23CLE2015,De'Ante Saunders,2015,sec,23,< 24,CLE,Undrafted,Undrafted,1,0
OrlandoScandrick23DAL2010,Orlando Scandrick,2010,sec,23,< 24,DAL,6,49,16,3
MikeSchneck23PIT2000,Mike Schneck,2000,sec,23,< 24,PIT,Undrafted,Undrafted,16,0
StuartSchweigert23OAK2004,Stuart Schweigert,2004,sec,23,< 24,OAK,4,213,16,3
BryanScott23ATL2004,Bryan Scott,2004,sec,23,< 24,ATL,3,200,16,16
GussScott23NWE2005,Guss Scott,2005,sec,23,< 24,NWE,4,244,5,2
SammySeamster23MIA2014,Sammy Seamster,2014,sec,23,< 24,MIA,Undrafted,Undrafted,2,0
Da'NorrisSearcy23BUF2011,Da'Norris Searcy,2011,sec,23,< 24,BUF,5,3,16,3
AndrewSendejo23DAL2010,Andrew Sendejo,2010,sec,23,< 24,DAL,Undrafted,Undrafted,2,0
GeraldSensabaugh23JAX2006,Gerald Sensabaugh,2006,sec,23,< 24,JAX,6,63,16,7
KevonSeymour23BUF2016,Kevon Seymour,2016,sec,23,< 24,BUF,7,129,15,3
SiddeeqShabazz23ATL2004,Siddeeq Shabazz,2004,sec,23,< 24,ATL,8,155,15,0
JoshShaw23CIN2015,Josh Shaw,2015,sec,23,< 24,CIN,5,25,15,1
DeShawnShead23SEA2012,DeShawn Shead,2012,sec,23,< 24,SEA,Undrafted,Undrafted,0,NA
JaCoreyShepherd23SFO2016,JaCorey Shepherd,2016,sec,23,< 24,SFO,7,101,11,0
LitoSheppard23PHI2004,Lito Sheppard,2004,sec,23,< 24,PHI,1,166,15,15
RichardSherman23SEA2011,Richard Sherman,2011,sec,23,< 24,SEA,6,61,16,10
SamShields23GNB2010,Sam Shields,2010,sec,23,< 24,GNB,Undrafted,Undrafted,14,6
JeffShoate23DEN2004,Jeff Shoate,2004,sec,23,< 24,DEN,6,59,7,0
TrentSieg23OAK2018,Trent Sieg,2018,sec,23,< 24,OAK,Undrafted,Undrafted,7,0
ManaSilva23DAL2011,Mana Silva,2011,sec,23,< 24,DAL,Undrafted,Undrafted,2,0
RicardoSilva23DET2011,Ricardo Silva,2011,sec,23,< 24,DET,Undrafted,Undrafted,4,0
JustinSimmons23DEN2016,Justin Simmons,2016,sec,23,< 24,DEN,4,247,13,3
TharoldSimon23SEA2014,Tharold Simon,2014,sec,23,< 24,SEA,6,43,10,5
KoSimpson23BUF2006,Ko Simpson,2006,sec,23,< 24,BUF,5,8,16,15
LeShaunSims23TEN2016,LeShaun Sims,2016,sec,23,< 24,TEN,6,63,13,2
BusterSkrine23CLE2012,Buster Skrine,2012,sec,23,< 24,CLE,6,42,16,6
DariusSlay23DET2014,Darius Slay,2014,sec,23,< 24,DET,3,179,16,16
AnthonySmith23PIT2006,Anthony Smith,2006,sec,23,< 24,PIT,4,231,16,4
C.J.Smith23PHI2016,C.J. Smith,2016,sec,23,< 24,PHI,Undrafted,Undrafted,10,0
D'JounSmith23IND2015,D'Joun Smith,2015,sec,23,< 24,IND,4,211,4,0
DeAngeloSmith23DET2009,DeAngelo Smith,2009,sec,23,< 24,DET,6,49,7,1
DerronSmith23CIN2015,Derron Smith,2015,sec,23,< 24,CIN,7,107,16,0
DwightSmith23TAM2001,Dwight Smith,2001,sec,23,< 24,TAM,4,232,15,0
EricSmith23NYJ2006,Eric Smith,2006,sec,23,< 24,NYJ,4,246,15,0
HarrisonSmith23MIN2012,Harrison Smith,2012,sec,23,< 24,MIN,1,169,16,16
JimmySmith23BAL2011,Jimmy Smith,2011,sec,23,< 24,BAL,1,167,12,3
MauriceSmith23MIA2018,Maurice Smith,2018,sec,23,< 24,MIA,Undrafted,Undrafted,5,0
ReggieSmith23SFO2009,Reggie Smith,2009,sec,23,< 24,SFO,4,222,10,0
RyanSmith23TAM2016,Ryan Smith,2016,sec,23,< 24,TAM,5,11,14,0
SeanSmith23MIA2010,Sean Smith,2010,sec,23,< 24,MIA,3,207,15,8
SteveSmith23JAX2002,Steve Smith,2002,sec,23,< 24,JAX,8,155,4,0
FishSmithson23WAS2017,Fish Smithson,2017,sec,23,< 24,WAS,Undrafted,Undrafted,2,0
FredSmoot23WAS2002,Fred Smoot,2002,sec,23,< 24,WAS,3,189,16,16
NickSorensen23STL2001,Nick Sorensen,2001,sec,23,< 24,STL,Undrafted,Undrafted,7,0
AntwainSpann23NWE2006,Antwain Spann,2006,sec,23,< 24,NWE,Undrafted,Undrafted,8,0
ShawntaeSpencer23SFO2005,Shawntae Spencer,2005,sec,23,< 24,SFO,3,203,15,14
AmariSpievey23DET2011,Amari Spievey,2011,sec,23,< 24,DET,4,212,15,15
C.J.Spillman23SDG2009,C.J. Spillman,2009,sec,23,< 24,SDG,Undrafted,Undrafted,5,1
DaimionStafford23TEN2014,Daimion Stafford,2014,sec,23,< 24,TEN,8,157,15,0
R.J.Stanford23CAR2011,R.J. Stanford,2011,sec,23,< 24,CAR,8,135,12,0
ScottStarks23JAX2006,Scott Starks,2006,sec,23,< 24,JAX,4,235,16,1
CraigSteltz23CHI2009,Craig Steltz,2009,sec,23,< 24,CHI,5,25,12,2
DarianStewart23STL2011,Darian Stewart,2011,sec,23,< 24,STL,Undrafted,Undrafted,15,13
M.J.Stewart23TAM2018,M.J. Stewart,2018,sec,23,< 24,TAM,Undrafted,Undrafted,7,5
DarenStone23BAL2008,Daren Stone,2008,sec,23,< 24,BAL,7,113,8,0
MichaelStone23ARI2001,Michael Stone,2001,sec,23,< 24,ARI,3,199,7,0
DonaldStrickland23IND2003,Donald Strickland,2003,sec,23,< 24,IND,4,239,11,8
DarrellStuckey23SDG2010,Darrell Stuckey,2010,sec,23,< 24,SDG,5,14,1,0
RussellStuvaints23PIT2003,Russell Stuvaints,2003,sec,23,< 24,PIT,Undrafted,Undrafted,4,0
NickSundberg23WAS2010,Nick Sundberg,2010,sec,23,< 24,WAS,Undrafted,Undrafted,16,0
VinnieSunseri23NOR2014,Vinnie Sunseri,2014,sec,23,< 24,NOR,6,74,9,0
CameronSutton23PIT2018,Cameron Sutton,2018,sec,23,< 24,PIT,4,243,7,1
DamianSwann23NOR2015,Damian Swann,2015,sec,23,< 24,NOR,6,74,7,2
DaxtonSwanson23NWE2014,Daxton Swanson,2014,sec,23,< 24,NWE,Undrafted,Undrafted,0,NA
D.J.Swearinger23HOU2014,D.J. Swearinger,2014,sec,23,< 24,HOU,3,202,16,12
RodSweeting23NOR2013,Rod Sweeting,2013,sec,23,< 24,NOR,Undrafted,Undrafted,9,0
TeezTabor23DET2018,Teez Tabor,2018,sec,23,< 24,DET,3,198,7,4
AqibTalib23TAM2009,Aqib Talib,2009,sec,23,< 24,TAM,1,109,15,15
KeithTandy23TAM2012,Keith Tandy,2012,sec,23,< 24,TAM,7,82,9,0
StanleyWilson23DET2005,Stanley Wilson,2005,sec,23,< 24,DET,4,219,9,0
TracyWilson23TEN2012,Tracy Wilson,2012,sec,23,< 24,TEN,Undrafted,Undrafted,9,0
AntoineWinfield23BUF2000,Antoine Winfield,2000,sec,23,< 24,BUF,1,141,11,11
JerronWishom23GNB2005,Jerron Wishom,2005,sec,23,< 24,GNB,Undrafted,Undrafted,5,0
AhkelloWitherspoon23SFO2018,Ahkello Witherspoon,2018,sec,23,< 24,SFO,4,212,9,7
BrianWitherspoon23JAX2008,Brian Witherspoon,2008,sec,23,< 24,JAX,Undrafted,Undrafted,14,0
XavierWoods23DAL2018,Xavier Woods,2018,sec,23,< 24,DAL,7,101,5,5
AndreWoolfolk23TEN2003,Andre Woolfolk,2003,sec,23,< 24,TEN,1,168,6,2
JahiWord-Daniels23DET2009,Jahi Word-Daniels,2009,sec,23,< 24,DET,Undrafted,Undrafted,2,0
DarylWorley23OAK2018,Daryl Worley,2018,sec,23,< 24,OAK,4,224,4,3
EricWright23CLE2008,Eric Wright,2008,sec,23,< 24,CLE,3,198,16,16
KennyWright23MIN2000,Kenny Wright,2000,sec,23,< 24,MIN,5,25,16,7
MajorWright23CHI2011,Major Wright,2011,sec,23,< 24,CHI,4,222,12,11
DexterWynn23PHI2004,Dexter Wynn,2004,sec,23,< 24,PHI,7,102,12,0
AshtonYouboty23BUF2007,Ashton Youboty,2007,sec,23,< 24,BUF,4,217,11,3
ChrisYoung23DEN2003,Chris Young,2003,sec,23,< 24,DEN,8,139,11,0
UsamaYoung23NOR2008,Usama Young,2008,sec,23,< 24,NOR,4,212,15,2
ChristianYount232TM2011,Christian Yount,2011,sec,23,< 24,2TM,Undrafted,Undrafted,12,0
TomZbikowski23BAL2008,Tom Zbikowski,2008,sec,23,< 24,BAL,4,234,16,0
IsaAbdul-Quddus24NOR2013,Isa Abdul-Quddus,2013,sec,24,< 24,NOR,Undrafted,Undrafted,11,0
HamzaAbdullah24DEN2007,Hamza Abdullah,2007,sec,24,< 24,DEN,8,143,11,8
HusainAbdullah24MIN2009,Husain Abdullah,2009,sec,24,< 24,MIN,Undrafted,Undrafted,14,0
KennethAcker24KAN2016,Kenneth Acker,2016,sec,24,< 24,KAN,7,89,9,1
AndrewAdams24NYG2016,Andrew Adams,2016,sec,24,< 24,NYG,Undrafted,Undrafted,14,13
BlueAdams24JAX2003,Blue Adams,2003,sec,24,< 24,JAX,8,132,8,0
JamarAdams24SEA2009,Jamar Adams,2009,sec,24,< 24,SEA,Undrafted,Undrafted,6,0
JohnnyAdams24BUF2013,Johnny Adams,2013,sec,24,< 24,BUF,Undrafted,Undrafted,4,0
MichaelAdams24ARI2009,Michael Adams,2009,sec,24,< 24,ARI,Undrafted,Undrafted,16,1
MikeAdams24SFO2005,Mike Adams,2005,sec,24,< 24,SFO,Undrafted,Undrafted,14,10
PhillipAdams24OAK2012,Phillip Adams,2012,sec,24,< 24,OAK,8,136,15,2
JahleelAddae24SDG2014,Jahleel Addae,2014,sec,24,< 24,SDG,Undrafted,Undrafted,11,5
JudeAdjei-Barimah24TAM2016,Jude Adjei-Barimah,2016,sec,24,< 24,TAM,Undrafted,Undrafted,10,1
DannyAiken24NWE2012,Danny Aiken,2012,sec,24,< 24,NWE,Undrafted,Undrafted,16,0
WaltAikens24MIA2015,Walt Aikens,2015,sec,24,< 24,MIA,5,30,16,5
ChrisAkins242TM2000,Chris Akins,2000,sec,24,< 24,2TM,8,123,10,0
GeraldAlexander24DET2008,Gerald Alexander,2008,sec,24,< 24,DET,3,207,5,1
MackensieAlexander24MIN2017,Mackensie Alexander,2017,sec,24,< 24,MIN,3,199,14,0
MauriceAlexander24STL2015,Maurice Alexander,2015,sec,24,< 24,STL,5,14,14,5
RocAlexander24DEN2005,Roc Alexander,2005,sec,24,< 24,DEN,Undrafted,Undrafted,10,0
AntonioAllen24NYJ2012,Antonio Allen,2012,sec,24,< 24,NYJ,8,151,7,1
BrianAllen24PIT2017,Brian Allen,2017,sec,24,< 24,PIT,6,81,10,0
CortezAllen24PIT2012,Cortez Allen,2012,sec,24,< 24,PIT,5,33,15,3
JasonAllen24MIA2007,Jason Allen,2007,sec,24,< 24,MIA,1,66,16,9
NateAllen24PHI2011,Nate Allen,2011,sec,24,< 24,PHI,3,180,15,12
RicardoAllen24ATL2015,Ricardo Allen,2015,sec,24,< 24,ATL,6,53,15,14
WillAllen24TAM2006,Will Allen,2006,sec,24,< 24,TAM,5,15,16,16
WillAllen24NYG2002,Will Allen,2002,sec,24,< 24,NYG,1,131,15,15
JonathonAmaya24MIA2012,Jonathon Amaya,2012,sec,24,< 24,MIA,Undrafted,Undrafted,12,0
DavidAmerson242TM2015,David Amerson,2015,sec,24,< 24,2TM,3,196,16,12
AdrianAmos24CHI2017,Adrian Amos,2017,sec,24,< 24,CHI,6,48,13,10
PrinceAmukamara24NYG2013,Prince Amukamara,2013,sec,24,< 24,NYG,1,99,16,16
BrandonAnderson24TAM2009,Brandon Anderson,2009,sec,24,< 24,TAM,Undrafted,Undrafted,3,0
DwightAnderson24STL2005,Dwight Anderson,2005,sec,24,< 24,STL,Undrafted,Undrafted,3,0
MarquesAnderson24GNB2003,Marques Anderson,2003,sec,24,< 24,GNB,4,241,16,7
RashardAnderson24CAR2001,Rashard Anderson,2001,sec,24,< 24,CAR,1,141,15,9
WillieAndrews24NWE2007,Willie Andrews,2007,sec,24,< 24,NWE,8,140,15,0
AdamArchuleta24STL2001,Adam Archuleta,2001,sec,24,< 24,STL,1,109,13,12
JavierArenas24KAN2011,Javier Arenas,2011,sec,24,< 24,KAN,3,195,15,1
JoJuanArmour24CIN2000,JoJuan Armour,2000,sec,24,< 24,CIN,8,136,4,0
KyleArrington24NWE2010,Kyle Arrington,2010,sec,24,< 24,NWE,Undrafted,Undrafted,16,14
NnamdiAsomugha24OAK2005,Nnamdi Asomugha,2005,sec,24,< 24,OAK,1,172,16,16
O.J.Atogwe24STL2005,O.J. Atogwe,2005,sec,24,< 24,STL,4,212,12,0
JoshAubrey24TEN2015,Josh Aubrey,2015,sec,24,< 24,TEN,Undrafted,Undrafted,1,0
ReggieAustin24CHI2001,Reggie Austin,2001,sec,24,< 24,CHI,5,30,9,0
AnthonyAverett24BAL2018,Anthony Averett,2018,sec,24,< 24,BAL,Undrafted,Undrafted,3,0
JerryAzumah24CHI2001,Jerry Azumah,2001,sec,24,< 24,CHI,6,53,16,5
RoderickBabers24DET2004,Roderick Babers,2004,sec,24,< 24,DET,5,28,2,0
JordanBabineaux24SEA2006,Jordan Babineaux,2006,sec,24,< 24,SEA,Undrafted,Undrafted,15,8
JohnsonBademosi24CLE2014,Johnson Bademosi,2014,sec,24,< 24,CLE,Undrafted,Undrafted,14,0
ChampBailey24WAS2002,Champ Bailey,2002,sec,24,< 24,WAS,1,216,16,16
RashadBaker242TM2006,Rashad Baker,2006,sec,24,< 24,2TM,Undrafted,Undrafted,6,0
SeanBaker24TAM2012,Sean Baker,2012,sec,24,< 24,TAM,Undrafted,Undrafted,0,NA
AlanBall24DAL2009,Alan Ball,2009,sec,24,< 24,DAL,8,147,16,3
ChrisBanjo24GNB2014,Chris Banjo,2014,sec,24,< 24,GNB,Undrafted,Undrafted,3,0
JohnthanBanks24TAM2013,Johnthan Banks,2013,sec,24,< 24,TAM,3,187,16,16
DominiqueBarber24HOU2010,Dominique Barber,2010,sec,24,< 24,HOU,7,81,8,1
KevinBarnes24WAS2010,Kevin Barnes,2010,sec,24,< 24,WAS,4,228,10,2
DavidBarrett24ARI2001,David Barrett,2001,sec,24,< 24,ARI,5,5,16,9
JoshBarrett24DEN2008,Josh Barrett,2008,sec,24,< 24,DEN,8,132,6,3
MarkBarron24TAM2013,Mark Barron,2013,sec,24,< 24,TAM,1,216,14,14
WilliamBartee24KAN2001,William Bartee,2001,sec,24,< 24,KAN,3,199,16,5
RonBartell24STL2006,Ron Bartell,2006,sec,24,< 24,STL,3,195,16,1
IdreesBashir24IND2002,Idrees Bashir,2002,sec,24,< 24,IND,3,180,14,14
EricBassey24STL2007,Eric Bassey,2007,sec,24,< 24,STL,Undrafted,Undrafted,8,0
JackieBates24KAN2010,Jackie Bates,2010,sec,24,< 24,KAN,Undrafted,Undrafted,2,1
AinsleyBattles24JAX2002,Ainsley Battles,2002,sec,24,< 24,JAX,Undrafted,Undrafted,16,4
RashadBauman24WAS2003,Rashad Bauman,2003,sec,24,< 24,WAS,4,226,12,2
GaryBaxter24BAL2002,Gary Baxter,2002,sec,24,< 24,BAL,3,208,16,14
RobertBean24JAX2002,Robert Bean,2002,sec,24,< 24,JAX,6,38,5,0
RogersBeckett24SDG2001,Rogers Beckett,2001,sec,24,< 24,SDG,3,187,16,16
TonyBeckham24TEN2002,Tony Beckham,2002,sec,24,< 24,TEN,5,19,14,0
JasonBell24HOU2002,Jason Bell,2002,sec,24,< 24,HOU,Undrafted,Undrafted,13,0
JoshBell24GNB2009,Josh Bell,2009,sec,24,< 24,GNB,Undrafted,Undrafted,4,0
VonnBell24NOR2018,Vonn Bell,2018,sec,24,< 24,NOR,3,207,7,3
RyanBenjamin24CHI2001,Ryan Benjamin,2001,sec,24,< 24,CHI,Undrafted,Undrafted,1,0
FredBennett24HOU2007,Fred Bennett,2007,sec,24,< 24,HOU,5,28,14,8
BillBentley24DET2013,Bill Bentley,2013,sec,24,< 24,DET,4,233,13,5
BeneBenwikere24CAR2015,Bene Benwikere,2015,sec,24,< 24,CAR,6,54,13,4
WalterBernard24SEA2002,Walter Bernard,2002,sec,24,< 24,SEA,Undrafted,Undrafted,1,0
AaronBerry24NYJ2012,Aaron Berry,2012,sec,24,< 24,NYJ,Undrafted,Undrafted,7,0
EricBerry24KAN2012,Eric Berry,2012,sec,24,< 24,KAN,1,194,16,16
AntoineBethea24IND2008,Antoine Bethea,2008,sec,24,< 24,IND,7,117,16,16
JustinBethel24ARI2014,Justin Bethel,2014,sec,24,< 24,ARI,7,85,16,0
TerrealBierria24SEA2004,Terreal Bierria,2004,sec,24,< 24,SEA,5,25,15,12
AtariBigby24GNB2005,Atari Bigby,2005,sec,24,< 24,GNB,Undrafted,Undrafted,1,0
E.J.Biggers24TAM2011,E.J. Biggers,2011,sec,24,< 24,TAM,8,128,16,6
CoryBird24IND2002,Cory Bird,2002,sec,24,< 24,IND,4,240,6,4
AhmadBlack24TAM2013,Ahmad Black,2013,sec,24,< 24,TAM,6,58,4,2
HaroldBlackmon24SEA2002,Harold Blackmon,2002,sec,24,< 24,SEA,8,121,7,0
WillBlackmon24GNB2008,Will Blackmon,2008,sec,24,< 24,GNB,5,19,16,1
AntwonBlake24PIT2014,Antwon Blake,2014,sec,24,< 24,PIT,Undrafted,Undrafted,16,1
RobertBlanton24MIN2013,Robert Blanton,2013,sec,24,< 24,MIN,6,44,16,3
GregBlue24MIN2006,Greg Blue,2006,sec,24,< 24,MIN,6,55,16,2
Dre'Bly24STL2001,Dre' Bly,2001,sec,24,< 24,STL,3,185,16,4
LeighBodden24CLE2005,Leigh Bodden,2005,sec,24,< 24,CLE,Undrafted,Undrafted,13,11
BrieanBoddy-Calhoun24CLE2017,Briean Boddy-Calhoun,2017,sec,24,< 24,CLE,Undrafted,Undrafted,13,7
OmarBolden24DEN2012,Omar Bolden,2012,sec,24,< 24,DEN,5,4,16,0
JasonBostic24PHI2000,Jason Bostic,2000,sec,24,< 24,PHI,Undrafted,Undrafted,16,0
TreBoston24CAR2016,Tre Boston,2016,sec,24,< 24,CAR,5,33,15,10
MichaelBoulware24SEA2005,Michael Boulware,2005,sec,24,< 24,SEA,3,198,16,16
A.J.Bouye24HOU2015,A.J. Bouye,2015,sec,24,< 24,HOU,Undrafted,Undrafted,15,2
MattBowen24STL2000,Matt Bowen,2000,sec,24,< 24,STL,7,108,16,2
ZackaryBowman24CHI2008,Zackary Bowman,2008,sec,24,< 24,CHI,6,48,1,0
JamesBoyd24JAX2001,James Boyd,2001,sec,24,< 24,JAX,4,243,16,0
BrandonBoykin24PHI2014,Brandon Boykin,2014,sec,24,< 24,PHI,5,28,16,0
TyronBrackenridge24KAN2008,Tyron Brackenridge,2008,sec,24,< 24,KAN,Undrafted,Undrafted,1,0
JamesBradberry24CAR2017,James Bradberry,2017,sec,24,< 24,CAR,3,208,16,16
HunterBradley24GNB2018,Hunter Bradley,2018,sec,24,< 24,GNB,Undrafted,Undrafted,7,0
BruceBranch24WAS2002,Bruce Branch,2002,sec,24,< 24,WAS,Undrafted,Undrafted,1,0
ColinBranch24CAR2004,Colin Branch,2004,sec,24,< 24,CAR,5,23,16,15
TyvonBranch24OAK2010,Tyvon Branch,2010,sec,24,< 24,OAK,5,3,16,16
SamBrandon24DEN2003,Sam Brandon,2003,sec,24,< 24,DEN,5,37,16,10
BashaudBreeland24WAS2016,Bashaud Breeland,2016,sec,24,< 24,WAS,5,5,14,14
AaronBrewer24DEN2014,Aaron Brewer,2014,sec,24,< 24,DEN,Undrafted,Undrafted,16,0
JackBrewer24MIN2003,Jack Brewer,2003,sec,24,< 24,MIN,Undrafted,Undrafted,6,0
KentrellBrice24GNB2018,Kentrell Brice,2018,sec,24,< 24,GNB,Undrafted,Undrafted,7,7
BeauBrinkley24TEN2014,Beau Brinkley,2014,sec,24,< 24,TEN,Undrafted,Undrafted,16,0
EricBrock24ATL2009,Eric Brock,2009,sec,24,< 24,ATL,Undrafted,Undrafted,2,0
TramaineBrock24SFO2012,Tramaine Brock,2012,sec,24,< 24,SFO,Undrafted,Undrafted,16,0
CarielBrooks24ARI2015,Cariel Brooks,2015,sec,24,< 24,ARI,Undrafted,Undrafted,3,0
RonBrooks24BUF2012,Ron Brooks,2012,sec,24,< 24,BUF,5,29,9,2
TerrenceBrooks24PHI2016,Terrence Brooks,2016,sec,24,< 24,PHI,4,226,11,0
AnthonyBrown24DAL2017,Anthony Brown,2017,sec,24,< 24,DAL,7,98,16,10
C.C.Brown24HOU2007,C.C. Brown,2007,sec,24,< 24,HOU,7,97,16,16
CourtneyBrown24DAL2008,Courtney Brown,2008,sec,24,< 24,DAL,8,123,9,1
CurtisBrown24PIT2012,Curtis Brown,2012,sec,24,< 24,PIT,4,244,15,0
MikeBrown24CHI2002,Mike Brown,2002,sec,24,< 24,CHI,3,182,16,15
OmarBrown24BAL2012,Omar Brown,2012,sec,24,< 24,BAL,Undrafted,Undrafted,3,0
RalphBrown24NYG2002,Ralph Brown,2002,sec,24,< 24,NYG,6,46,16,2
RufusBrown24WAS2004,Rufus Brown,2004,sec,24,< 24,WAS,Undrafted,Undrafted,1,0
SergioBrown24IND2012,Sergio Brown,2012,sec,24,< 24,IND,Undrafted,Undrafted,16,0
SheldonBrown24PHI2003,Sheldon Brown,2003,sec,24,< 24,PHI,3,204,16,3
StevieBrown24IND2011,Stevie Brown,2011,sec,24,< 24,IND,8,161,8,0
TarellBrown24SFO2009,Tarell Brown,2009,sec,24,< 24,SFO,6,53,16,4
DaryonBrutley24PHI2003,Daryon Brutley,2003,sec,24,< 24,PHI,Undrafted,Undrafted,1,0
DavidBruton24DEN2011,David Bruton,2011,sec,24,< 24,DEN,5,18,15,1
CourtneyBryan24MIA2008,Courtney Bryan,2008,sec,24,< 24,MIA,Undrafted,Undrafted,7,0
C.B.Bryant24ARI2016,C.B. Bryant,2016,sec,24,< 24,ARI,8,150,3,0
FernandoBryant24JAX2001,Fernando Bryant,2001,sec,24,< 24,JAX,1,166,10,9
PhillipBuchanon24OAK2004,Phillip Buchanon,2004,sec,24,< 24,OAK,1,77,14,14
MelvinBullitt24IND2008,Melvin Bullitt,2008,sec,24,< 24,IND,Undrafted,Undrafted,15,9
JoshBullocks24NOR2007,Josh Bullocks,2007,sec,24,< 24,NOR,3,184,14,14
MarcusBurley24SEA2014,Marcus Burley,2014,sec,24,< 24,SEA,Undrafted,Undrafted,13,0
MorganBurnett24GNB2013,Morgan Burnett,2013,sec,24,< 24,GNB,4,218,13,13
JustonBurris24NYJ2017,Juston Burris,2017,sec,24,< 24,NYJ,5,22,14,1
BrandonBurton242TM2013,Brandon Burton,2013,sec,24,< 24,2TM,6,44,9,0
DeanteBurton24ATL2018,Deante Burton,2018,sec,24,< 24,ATL,Undrafted,Undrafted,1,0
JarrettBush24GNB2008,Jarrett Bush,2008,sec,24,< 24,GNB,Undrafted,Undrafted,16,0
JoshBush24NYJ2013,Josh Bush,2013,sec,24,< 24,NYJ,7,96,16,0
RafaelBush24DEN2011,Rafael Bush,2011,sec,24,< 24,DEN,Undrafted,Undrafted,6,0
JohnBusing24CIN2007,John Busing,2007,sec,24,< 24,CIN,Undrafted,Undrafted,12,0
CrezdonButler24ARI2011,Crezdon Butler,2011,sec,24,< 24,ARI,6,71,1,0
DariusButler24NWE2010,Darius Butler,2010,sec,24,< 24,NWE,3,185,15,3
JamesButler24NYG2006,James Butler,2006,sec,24,< 24,NYG,Undrafted,Undrafted,14,0
JerametriusButler24STL2002,Jerametrius Butler,2002,sec,24,< 24,STL,6,51,9,0
MalcolmButler24NWE2014,Malcolm Butler,2014,sec,24,< 24,NWE,Undrafted,Undrafted,11,1
MarioButler242TM2012,Mario Butler,2012,sec,24,< 24,2TM,Undrafted,Undrafted,1,0
KevinByard24TEN2017,Kevin Byard,2017,sec,24,< 24,TEN,4,210,16,16
JairusByrd24BUF2010,Jairus Byrd,2010,sec,24,< 24,BUF,3,186,16,14
DavidCaldwell24IND2011,David Caldwell,2011,sec,24,< 24,IND,Undrafted,Undrafted,16,13
TavezeCalhoun24NOR2016,Taveze Calhoun,2016,sec,24,< 24,NOR,Undrafted,Undrafted,1,0
BryceCallahan24CHI2015,Bryce Callahan,2015,sec,24,< 24,CHI,Undrafted,Undrafted,9,3
D.J.Campbell24MIA2013,D.J. Campbell,2013,sec,24,< 24,MIA,8,127,4,0
IbraheimCampbell24CLE2016,Ibraheim Campbell,2016,sec,24,< 24,CLE,5,19,14,8
LamarCampbell24DET2000,Lamar Campbell,2000,sec,24,< 24,DET,Undrafted,Undrafted,16,2
TommieCampbell24TEN2011,Tommie Campbell,2011,sec,24,< 24,TEN,8,161,15,0
KameronCanaday24ARI2016,Kameron Canaday,2016,sec,24,< 24,ARI,Undrafted,Undrafted,3,0
MauriceCanady24BAL2018,Maurice Canady,2018,sec,24,< 24,BAL,7,119,1,0
ChrisCanty242TM2000,Chris Canty,2000,sec,24,< 24,2TM,1,169,15,1
JoeCardona24NWE2016,Joe Cardona,2016,sec,24,< 24,NWE,6,73,16,0
DonCarey24DET2011,Don Carey,2011,sec,24,< 24,DET,7,85,5,0
SteveCargile24DEN2006,Steve Cargile,2006,sec,24,< 24,DEN,Undrafted,Undrafted,3,0
RocCarmichael24HOU2012,Roc Carmichael,2012,sec,24,< 24,HOU,5,32,6,0
KeionCarpenter24BUF2001,Keion Carpenter,2001,sec,24,< 24,BUF,Undrafted,Undrafted,15,10
BrandonCarr24KAN2010,Brandon Carr,2010,sec,24,< 24,KAN,6,46,16,16
ChrisCarr24OAK2007,Chris Carr,2007,sec,24,< 24,OAK,Undrafted,Undrafted,16,2
T.J.Carrie24OAK2014,T.J. Carrie,2014,sec,24,< 24,OAK,8,130,13,4
NolanCarroll24MIA2011,Nolan Carroll,2011,sec,24,< 24,MIA,6,51,15,3
RobertCarswell24SDG2002,Robert Carswell,2002,sec,24,< 24,SDG,8,153,2,0
JeromeCarter24STL2006,Jerome Carter,2006,sec,24,< 24,STL,5,21,14,0
QuintonCarter24DEN2012,Quinton Carter,2012,sec,24,< 24,DEN,5,11,3,0
TonyCarter24NWE2010,Tony Carter,2010,sec,24,< 24,NWE,Undrafted,Undrafted,2,0
TyroneCarter24MIN2000,Tyrone Carter,2000,sec,24,< 24,MIN,5,22,15,7
JohndaleCarty24ATL2001,Johndale Carty,2001,sec,24,< 24,ATL,5,31,16,2
ChrisCash24DET2004,Chris Cash,2004,sec,24,< 24,DET,7,83,11,5
AntoineCason24SDG2010,Antoine Cason,2010,sec,24,< 24,SDG,1,167,16,15
SimeonCastille24SDG2009,Simeon Castille,2009,sec,24,< 24,SDG,Undrafted,Undrafted,1,0
SeanCattouse24SDG2012,Sean Cattouse,2012,sec,24,< 24,SDG,Undrafted,Undrafted,1,0
OliverCelestin24NYJ2005,Oliver Celestin,2005,sec,24,< 24,NYJ,Undrafted,Undrafted,12,0
KamChancellor24SEA2012,Kam Chancellor,2012,sec,24,< 24,SEA,6,38,16,16
LamarChapman24CLE2000,Lamar Chapman,2000,sec,24,< 24,CLE,6,52,7,0
IkeCharlton24SEA2001,Ike Charlton,2001,sec,24,< 24,SEA,3,197,15,1
CoreyChavous24ARI2000,Corey Chavous,2000,sec,24,< 24,ARI,3,176,16,1
ChimdiChekwa24OAK2012,Chimdi Chekwa,2012,sec,24,< 24,OAK,5,17,3,0
MarquiChristian24LAR2018,Marqui Christian,2018,sec,24,< 24,LAR,6,74,8,0
PatrickChung24NWE2011,Patrick Chung,2011,sec,24,< 24,NWE,3,177,8,8
BarryChurch24DAL2012,Barry Church,2012,sec,24,< 24,DAL,Undrafted,Undrafted,3,3
MorrisClaiborne24DAL2014,Morris Claiborne,2014,sec,24,< 24,DAL,1,205,4,3
DariusClark24DEN2001,Darius Clark,2001,sec,24,< 24,DEN,Undrafted,Undrafted,7,0
RyanClark24NYG2003,Ryan Clark,2003,sec,24,< 24,NYG,Undrafted,Undrafted,16,4
NateClements24BUF2003,Nate Clements,2003,sec,24,< 24,BUF,1,120,16,16
ChrisClemons24MIA2009,Chris Clemons,2009,sec,24,< 24,MIA,6,72,11,2
HaHa Clinton-Dix24GNB2016,Ha Ha Clinton-Dix,2016,sec,24,< 24,GNB,1,120,16,16
RichCoady24STL2000,Rich Coady,2000,sec,24,< 24,STL,4,214,12,2
R.J.Cobbs24NYG2006,R.J. Cobbs,2006,sec,24,< 24,NYG,Undrafted,Undrafted,1,0
RossCockrell24PIT2015,Ross Cockrell,2015,sec,24,< 24,PIT,5,12,15,7
TayCody24SDG2001,Tay Cody,2001,sec,24,< 24,SDG,4,213,14,11
MichaelCoe24IND2007,Michael Coe,2007,sec,24,< 24,IND,6,81,6,0
AdrianColbert24SFO2017,Adrian Colbert,2017,sec,24,< 24,SFO,8,140,14,6
RicardoColclough24PIT2006,Ricardo Colclough,2006,sec,24,< 24,PIT,3,181,3,0
DrewColeman24NYJ2007,Drew Coleman,2007,sec,24,< 24,NYJ,7,98,11,0
ErikColeman24NYJ2006,Erik Coleman,2006,sec,24,< 24,NYJ,6,49,16,13
JustinColeman24SEA2017,Justin Coleman,2017,sec,24,< 24,SEA,Undrafted,Undrafted,16,5
KurtColeman24PHI2012,Kurt Coleman,2012,sec,24,< 24,PHI,8,153,14,14
LandonCollins24NYG2018,Landon Collins,2018,sec,24,< 24,NYG,3,176,8,8
NickCollins24GNB2007,Nick Collins,2007,sec,24,< 24,GNB,3,196,13,13
AaronColvin24JAX2015,Aaron Colvin,2015,sec,24,< 24,JAX,5,18,16,15
DerekCombs24GNB2003,Derek Combs,2003,sec,24,< 24,GNB,8,139,8,0
BrannonCondren24IND2007,Brannon Condren,2007,sec,24,< 24,IND,5,37,8,0
SeanConsidine24PHI2005,Sean Considine,2005,sec,24,< 24,PHI,5,5,6,0
ChrisConte24CHI2013,Chris Conte,2013,sec,24,< 24,CHI,4,242,16,16
ChrisCook24MIN2011,Chris Cook,2011,sec,24,< 24,MIN,3,177,6,3
EmanuelCook24BAL2012,Emanuel Cook,2012,sec,24,< 24,BAL,Undrafted,Undrafted,0,NA
RashardCook24PHI2001,Rashard Cook,2001,sec,24,< 24,PHI,7,93,16,3
JarrodCooper24CAR2002,Jarrod Cooper,2002,sec,24,< 24,CAR,6,49,6,0
MarcusCooper24KAN2014,Marcus Cooper,2014,sec,24,< 24,KAN,8,162,13,4
BlakeCountess24LAR2017,Blake Countess,2017,sec,24,< 24,LAR,7,106,16,1
JeromeCouplin24PHI2015,Jerome Couplin,2015,sec,24,< 24,PHI,Undrafted,Undrafted,8,0
CuromeCox24DEN2005,Curome Cox,2005,sec,24,< 24,DEN,Undrafted,Undrafted,13,1
DerekCox24JAX2010,Derek Cox,2010,sec,24,< 24,JAX,4,220,13,11
KennardCox24JAX2009,Kennard Cox,2009,sec,24,< 24,JAX,8,161,4,0
MorganCox24BAL2010,Morgan Cox,2010,sec,24,< 24,BAL,Undrafted,Undrafted,15,0
TorrieCox24TAM2004,Torrie Cox,2004,sec,24,< 24,TAM,7,115,10,0
JasonCraft24JAX2000,Jason Craft,2000,sec,24,< 24,JAX,6,67,16,3
RichardCrawford242TM2014,Richard Crawford,2014,sec,24,< 24,2TM,8,124,0,NA
KenCrawley24NOR2017,Ken Crawley,2017,sec,24,< 24,NOR,Undrafted,Undrafted,13,13
ShadwickCriss24JAX2000,Shadwick Criss,2000,sec,24,< 24,JAX,Undrafted,Undrafted,3,0
ChrisCrocker24CLE2004,Chris Crocker,2004,sec,24,< 24,CLE,4,232,12,5
AntonioCromartie24SDG2008,Antonio Cromartie,2008,sec,24,< 24,SDG,1,99,16,15
MarcusCromartie24SFO2014,Marcus Cromartie,2014,sec,24,< 24,SFO,Undrafted,Undrafted,3,0
Da'MonCromartie-Smith24PIT2011,Da'Mon Cromartie-Smith,2011,sec,24,< 24,PIT,Undrafted,Undrafted,4,0
ChrisCulliver24SFO2012,Chris Culliver,2012,sec,24,< 24,SFO,4,228,16,6
JustinCurrie24CLE2017,Justin Currie,2017,sec,24,< 24,CLE,Undrafted,Undrafted,3,0
JuliusCurry24DET2003,Julius Curry,2003,sec,24,< 24,DET,Undrafted,Undrafted,3,0
JohnathanCyprien24JAX2014,Johnathan Cyprien,2014,sec,24,< 24,JAX,3,176,15,15
CraigDahl24STL2009,Craig Dahl,2009,sec,24,< 24,STL,Undrafted,Undrafted,14,8
MattDaniels24STL2013,Matt Daniels,2013,sec,24,< 24,STL,Undrafted,Undrafted,2,0
TravisDaniels24MIA2006,Travis Daniels,2006,sec,24,< 24,MIA,5,7,12,6
WoodrowDantzler24ATL2003,Woodrow Dantzler,2003,sec,24,< 24,ATL,Undrafted,Undrafted,9,0
RonaldDarby24PHI2018,Ronald Darby,2018,sec,24,< 24,PHI,3,195,8,8
JasonDavid24IND2006,Jason David,2006,sec,24,< 24,IND,5,30,16,16
ChrisDavis24SDG2014,Chris Davis,2014,sec,24,< 24,SDG,Undrafted,Undrafted,12,1
CodyDavis24STL2013,Cody Davis,2013,sec,24,< 24,STL,Undrafted,Undrafted,12,0
KeithDavis24DAL2002,Keith Davis,2002,sec,24,< 24,DAL,Undrafted,Undrafted,8,0
SammyDavis24SDG2004,Sammy Davis,2004,sec,24,< 24,SDG,1,171,12,10
SeanDavis24PIT2017,Sean Davis,2017,sec,24,< 24,PIT,3,203,16,16
VontaeDavis24IND2012,Vontae Davis,2012,sec,24,< 24,IND,1,159,10,10
WillDavis24MIA2014,Will Davis,2014,sec,24,< 24,MIA,4,242,10,0
AndrewDavison24DAL2003,Andrew Davison,2003,sec,24,< 24,DAL,Undrafted,Undrafted,4,0
DonteDeayon24NYG2018,Donte Deayon,2018,sec,24,< 24,NYG,Undrafted,Undrafted,4,0
ThomasDeCoud24ATL2009,Thomas DeCoud,2009,sec,24,< 24,ATL,4,247,16,16
TrestonDecoud24HOU2017,Treston Decoud,2017,sec,24,< 24,HOU,6,76,10,0
LouisDelmas24DET2011,Louis Delmas,2011,sec,24,< 24,DET,3,176,11,11
CurtisDeLoatch24NYG2005,Curtis DeLoatch,2005,sec,24,< 24,NYG,Undrafted,Undrafted,16,13
QuintinDemps24PHI2009,Quintin Demps,2009,sec,24,< 24,PHI,5,21,9,0
WillDemps24BAL2003,Will Demps,2003,sec,24,< 24,BAL,Undrafted,Undrafted,16,9
PatrickDendy24GNB2006,Patrick Dendy,2006,sec,24,< 24,GNB,Undrafted,Undrafted,12,3
AlfonzoDennard24NWE2013,Alfonzo Dennard,2013,sec,24,< 24,NWE,8,136,13,9
DarquezeDennard24CIN2015,Darqueze Dennard,2015,sec,24,< 24,CIN,1,149,10,1
PatDennis24HOU2002,Pat Dennis,2002,sec,24,< 24,HOU,6,69,3,0
PierreDesir24CLE2014,Pierre Desir,2014,sec,24,< 24,CLE,5,32,5,1
QuandreDiggs24DET2017,Quandre Diggs,2017,sec,24,< 24,DET,7,110,16,11
BrandonDixon24TAM2014,Brandon Dixon,2014,sec,24,< 24,TAM,7,105,14,0
BrianDixon24NOR2014,Brian Dixon,2014,sec,24,< 24,NOR,Undrafted,Undrafted,16,0
TonyDixon24DAL2003,Tony Dixon,2003,sec,24,< 24,DAL,3,201,16,0
JamesDockery24CAR2012,James Dockery,2012,sec,24,< 24,CAR,Undrafted,Undrafted,7,2
KevinDockery24NYG2008,Kevin Dockery,2008,sec,24,< 24,NYG,Undrafted,Undrafted,13,1
JasonDoering24IND2002,Jason Doering,2002,sec,24,< 24,IND,7,103,15,6
JonDorenbos24BUF2004,Jon Dorenbos,2004,sec,24,< 24,BUF,Undrafted,Undrafted,13,0
MakintonDorleant24GNB2016,Makinton Dorleant,2016,sec,24,< 24,GNB,Undrafted,Undrafted,4,0
RayGreen24MIA2001,Ray Green,2001,sec,24,< 24,MIA,Undrafted,Undrafted,4,0
CourtneyGreene24JAX2010,Courtney Greene,2010,sec,24,< 24,JAX,8,154,14,11
ChrisGreenwood24DET2013,Chris Greenwood,2013,sec,24,< 24,DET,6,54,3,0
JabariGreer24BUF2006,Jabari Greer,2006,sec,24,< 24,BUF,Undrafted,Undrafted,16,0
SteveGregory24SDG2007,Steve Gregory,2007,sec,24,< 24,SDG,Undrafted,Undrafted,16,0
ClintGresham24SEA2010,Clint Gresham,2010,sec,24,< 24,SEA,Undrafted,Undrafted,16,0
CedricGriffin24MIN2006,Cedric Griffin,2006,sec,24,< 24,MIN,3,192,14,7
MichaelGriffin24TEN2009,Michael Griffin,2009,sec,24,< 24,TEN,1,99,16,15
BrentGrimes24ATL2007,Brent Grimes,2007,sec,24,< 24,ATL,Undrafted,Undrafted,2,0
CodyGrimm24TAM2011,Cody Grimm,2011,sec,24,< 24,TAM,8,121,3,3
DeJuanGroce24STL2004,DeJuan Groce,2004,sec,24,< 24,STL,5,10,11,4
JoseGumbs24KAN2012,Jose Gumbs,2012,sec,24,< 24,KAN,Undrafted,Undrafted,0,NA
LadariusGunter24GNB2016,Ladarius Gunter,2016,sec,24,< 24,GNB,Undrafted,Undrafted,16,15
WinstonGuy242TM2014,Winston Guy,2014,sec,24,< 24,2TM,7,90,7,3
JoeHaden24CLE2013,Joe Haden,2013,sec,24,< 24,CLE,1,216,15,15
NateHairston24IND2018,Nate Hairston,2018,sec,24,< 24,IND,6,64,7,7
AndreHal24HOU2016,Andre Hal,2016,sec,24,< 24,HOU,8,127,15,11
CoryHall24CIN2000,Cory Hall,2000,sec,24,< 24,CIN,4,211,16,6
DeAngeloHall24ATL2007,DeAngelo Hall,2007,sec,24,< 24,ATL,1,227,16,15
Deiondre'Hall24PHI2018,Deiondre' Hall,2018,sec,24,< 24,PHI,5,32,7,0
LeonHall24CIN2008,Leon Hall,2008,sec,24,< 24,CIN,1,88,16,16
AntonioHamilton24OAK2017,Antonio Hamilton,2017,sec,24,< 24,OAK,Undrafted,Undrafted,8,0
JakarHamilton24DAL2013,Jakar Hamilton,2013,sec,24,< 24,DAL,Undrafted,Undrafted,3,0
MarcusHamilton242TM2008,Marcus Hamilton,2008,sec,24,< 24,2TM,8,154,9,0
KenHamlin24SEA2005,Ken Hamlin,2005,sec,24,< 24,SEA,3,186,6,6
MichaelHamlin24DAL2009,Michael Hamlin,2009,sec,24,< 24,DAL,6,73,6,0
MichaelHarden24SEA2005,Michael Harden,2005,sec,24,< 24,SEA,Undrafted,Undrafted,4,0
DuronHarmon24NWE2015,Duron Harmon,2015,sec,24,< 24,NWE,4,240,16,5
DeveronHarper24CAR2001,Deveron Harper,2001,sec,24,< 24,CAR,Undrafted,Undrafted,8,1
RomanHarper24NOR2006,Roman Harper,2006,sec,24,< 24,NOR,3,187,5,5
AnthonyHarris24MIN2015,Anthony Harris,2015,sec,24,< 24,MIN,Undrafted,Undrafted,4,2
AntwanHarris24NWE2001,Antwan Harris,2001,sec,24,< 24,NWE,7,96,11,1
BrandonHarris24TEN2014,Brandon Harris,2014,sec,24,< 24,TEN,3,206,11,0
ChrisHarris24DEN2013,Chris Harris,2013,sec,24,< 24,DEN,Undrafted,Undrafted,16,15
ChrisHarris24CHI2006,Chris Harris,2006,sec,24,< 24,CHI,7,90,11,7
CoreyHarris24NOR2000,Corey Harris,2000,sec,24,< 24,NOR,Undrafted,Undrafted,3,1
De'VanteHarris24NOR2017,De'Vante Harris,2017,sec,24,< 24,NOR,Undrafted,Undrafted,11,1
JoshHarris24ATL2013,Josh Harris,2013,sec,24,< 24,ATL,Undrafted,Undrafted,16,0
MarcellHarris24SFO2018,Marcell Harris,2018,sec,24,< 24,SFO,Undrafted,Undrafted,1,0
MikeHarris24JAX2013,Mike Harris,2013,sec,24,< 24,JAX,7,84,16,2
TuffHarris24MIA2007,Tuff Harris,2007,sec,24,< 24,MIA,Undrafted,Undrafted,1,0
VictorHarris24WAS2010,Victor Harris,2010,sec,24,< 24,WAS,6,63,3,1
LloydHarrison24SDG2001,Lloyd Harrison,2001,sec,24,< 24,SDG,4,210,12,1
ShaunardHarts24KAN2002,Shaunard Harts,2002,sec,24,< 24,KAN,8,123,16,11
ArmonHatcher24SDG2000,Armon Hatcher,2000,sec,24,< 24,SDG,7,104,4,0
DominiqueHatfield24LAR2018,Dominique Hatfield,2018,sec,24,< 24,LAR,Undrafted,Undrafted,5,0
ArtrellHawkins24CIN2000,Artrell Hawkins,2000,sec,24,< 24,CIN,3,187,16,6
JoshHawkins24GNB2017,Josh Hawkins,2017,sec,24,< 24,GNB,Undrafted,Undrafted,15,3
DuaneHawthorne24DAL2000,Duane Hawthorne,2000,sec,24,< 24,DAL,Undrafted,Undrafted,14,0
MichaelHawthorne24NOR2001,Michael Hawthorne,2001,sec,24,< 24,NOR,7,105,11,2
D.J.Hayden24OAK2014,D.J. Hayden,2014,sec,24,< 24,OAK,1,24,10,8
KelvinHayden24IND2007,Kelvin Hayden,2007,sec,24,< 24,IND,3,206,16,16
CaseyHayward24GNB2013,Casey Hayward,2013,sec,24,< 24,GNB,3,208,3,1
RonnieHeard24SFO2000,Ronnie Heard,2000,sec,24,< 24,SFO,Undrafted,Undrafted,13,3
JeffHeath24DAL2015,Jeff Heath,2015,sec,24,< 24,DAL,Undrafted,Undrafted,16,1
T.J.Heath24JAX2011,T.J. Heath,2011,sec,24,< 24,JAX,Undrafted,Undrafted,5,0
JamieHenderson24NYJ2003,Jamie Henderson,2003,sec,24,< 24,NYJ,5,4,14,0
ThomasHennessy24NYJ2018,Thomas Hennessy,2018,sec,24,< 24,NYJ,Undrafted,Undrafted,8,0
DevinHester24CHI2006,Devin Hester,2006,sec,24,< 24,CHI,3,202,16,0
LaMarcusHicks24DET2007,LaMarcus Hicks,2007,sec,24,< 24,DET,Undrafted,Undrafted,5,0
RaionHill24BUF2000,Raion Hill,2000,sec,24,< 24,BUF,Undrafted,Undrafted,16,0
RenaldoHill24ARI2002,Renaldo Hill,2002,sec,24,< 24,ARI,8,112,14,7
ReynaldoHill24TEN2006,Reynaldo Hill,2006,sec,24,< 24,TEN,8,129,15,14
TroyHill24CIN2015,Troy Hill,2015,sec,24,< 24,CIN,Undrafted,Undrafted,3,0
TyeHill24STL2006,Tye Hill,2006,sec,24,< 24,STL,1,56,16,10
WillHill24BAL2014,Will Hill,2014,sec,24,< 24,BAL,Undrafted,Undrafted,10,8
MikeHilton24PIT2018,Mike Hilton,2018,sec,24,< 24,PIT,Undrafted,Undrafted,6,1
JermaleHines242TM2011,Jermale Hines,2011,sec,24,< 24,2TM,6,64,10,0
EllisHobbs24NWE2007,Ellis Hobbs,2007,sec,24,< 24,NWE,4,232,16,16
KevinHobbs24SEA2007,Kevin Hobbs,2007,sec,24,< 24,SEA,Undrafted,Undrafted,6,0
JonathanHolland24OAK2009,Jonathan Holland,2009,sec,24,< 24,OAK,8,164,14,0
DavenHolly24CLE2006,Daven Holly,2006,sec,24,< 24,CLE,8,126,14,12
RashadHolman24SFO2002,Rashad Holman,2002,sec,24,< 24,SFO,7,87,16,0
LendyHolmes24WAS2009,Lendy Holmes,2009,sec,24,< 24,WAS,Undrafted,Undrafted,8,0
TerrenceHolt24DET2004,Terrence Holt,2004,sec,24,< 24,DET,6,42,16,0
RoderickHood24PHI2005,Roderick Hood,2005,sec,24,< 24,PHI,Undrafted,Undrafted,16,6
ChrisHope24PIT2004,Chris Hope,2004,sec,24,< 24,PIT,4,243,16,16
ChrisHorton24WAS2008,Chris Horton,2008,sec,24,< 24,WAS,8,158,14,10
JasonHorton24GNB2004,Jason Horton,2004,sec,24,< 24,GNB,Undrafted,Undrafted,14,0
JayronHosley24NYG2014,Jayron Hosley,2014,sec,24,< 24,NYG,4,243,6,2
DavonHouse24GNB2013,Davon House,2013,sec,24,< 24,GNB,5,37,16,5
KevinHouse24SDG2003,Kevin House,2003,sec,24,< 24,SDG,Undrafted,Undrafted,15,0
ChrisHouston24ATL2008,Chris Houston,2008,sec,24,< 24,ATL,3,185,16,16
ReggieHoward24CAR2001,Reggie Howard,2001,sec,24,< 24,CAR,Undrafted,Undrafted,11,0
XavienHoward24MIA2017,Xavien Howard,2017,sec,24,< 24,MIA,3,181,16,16
DelanoHowell24IND2013,Delano Howell,2013,sec,24,< 24,IND,Undrafted,Undrafted,6,3
JohnHowell24TAM2002,John Howell,2002,sec,24,< 24,TAM,5,21,16,1
MarcusHudson24SFO2006,Marcus Hudson,2006,sec,24,< 24,SFO,7,102,16,0
MarquestonHuff24BAL2016,Marqueston Huff,2016,sec,24,< 24,BAL,5,27,11,0
MichaelHuff24OAK2007,Michael Huff,2007,sec,24,< 24,OAK,1,216,16,16
BrandonHughes24PHI2010,Brandon Hughes,2010,sec,24,< 24,PHI,6,54,1,0
DanteHughes24SDG2009,Dante Hughes,2009,sec,24,< 24,SDG,4,244,1,0
MichaelHunter24NYG2017,Michael Hunter,2017,sec,24,< 24,NYG,Undrafted,Undrafted,4,0
PeteHunter24DAL2004,Pete Hunter,2004,sec,24,< 24,DAL,6,75,3,3
DemontreHurst24CHI2015,Demontre Hurst,2015,sec,24,< 24,CHI,Undrafted,Undrafted,7,1
VonHutchins24IND2005,Von Hutchins,2005,sec,24,< 24,IND,7,81,3,0
MicahHyde24GNB2014,Micah Hyde,2014,sec,24,< 24,GNB,6,65,16,12
DukeIhenacho24DEN2013,Duke Ihenacho,2013,sec,24,< 24,DEN,Undrafted,Undrafted,15,14
GeorgeIloka24CIN2014,George Iloka,2014,sec,24,< 24,CIN,6,74,16,16
JakeIngram24NWE2009,Jake Ingram,2009,sec,24,< 24,NWE,7,108,16,0
KemalIshmael24ATL2015,Kemal Ishmael,2015,sec,24,< 24,ATL,8,152,16,5
ChidiIwuoma24PIT2002,Chidi Iwuoma,2002,sec,24,< 24,PIT,Undrafted,Undrafted,13,0
AsaJackson24BAL2013,Asa Jackson,2013,sec,24,< 24,BAL,6,76,4,0
BrianJackson24STL2011,Brian Jackson,2011,sec,24,< 24,STL,Undrafted,Undrafted,1,0
ChevisJackson24ATL2009,Chevis Jackson,2009,sec,24,< 24,ATL,4,214,15,2
DexterJackson24TAM2001,Dexter Jackson,2001,sec,24,< 24,TAM,5,17,15,15
EddieJackson24CAR2004,Eddie Jackson,2004,sec,24,< 24,CAR,Undrafted,Undrafted,10,0
KareemJackson24HOU2012,Kareem Jackson,2012,sec,24,< 24,HOU,1,109,16,15
MarlinJackson24IND2007,Marlin Jackson,2007,sec,24,< 24,IND,1,169,16,16
TanardJackson24TAM2009,Tanard Jackson,2009,sec,24,< 24,TAM,5,9,12,12
MichaelJameson24CLE2003,Michael Jameson,2003,sec,24,< 24,CLE,7,72,15,0
QuentinJammer24SDG2003,Quentin Jammer,2003,sec,24,< 24,SDG,1,194,16,16
J.J.Jansen24CAR2010,J.J. Jansen,2010,sec,24,< 24,CAR,Undrafted,Undrafted,16,0
JaiquawnJarrett24NYJ2013,Jaiquawn Jarrett,2013,sec,24,< 24,NYJ,3,199,16,2
StanleyJean-Baptiste24NOR2014,Stanley Jean-Baptiste,2014,sec,24,< 24,NOR,3,203,4,0
A.J.Jefferson24MIN2012,A.J. Jefferson,2012,sec,24,< 24,MIN,Undrafted,Undrafted,15,7
JoeJefferson24IND2004,Joe Jefferson,2004,sec,24,< 24,IND,4,221,9,3
TonyJefferson24ARI2016,Tony Jefferson,2016,sec,24,< 24,ARI,Undrafted,Undrafted,15,14
JanorisJenkins24STL2012,Janoris Jenkins,2012,sec,24,< 24,STL,3,182,15,14
MalcolmJenkins24NOR2011,Malcolm Jenkins,2011,sec,24,< 24,NOR,1,45,15,15
MikeJenkins24DAL2009,Mike Jenkins,2009,sec,24,< 24,DAL,1,159,16,15
RayshawnJenkins24LAC2018,Rayshawn Jenkins,2018,sec,24,< 24,LAC,5,17,7,0
BrandonJennings24OAK2002,Brandon Jennings,2002,sec,24,< 24,OAK,Undrafted,Undrafted,10,0
KellyJennings24SEA2006,Kelly Jennings,2006,sec,24,< 24,SEA,1,172,16,2
LigariusJennings24CIN2001,Ligarius Jennings,2001,sec,24,< 24,CIN,Undrafted,Undrafted,9,0
M.D.Jennings24GNB2012,M.D. Jennings,2012,sec,24,< 24,GNB,Undrafted,Undrafted,16,10
AdeJimoh24WAS2004,Ade Jimoh,2004,sec,24,< 24,WAS,Undrafted,Undrafted,15,0
DerrickJohnson242TM2006,Derrick Johnson,2006,sec,24,< 24,2TM,7,115,5,0
DontaeJohnson24SFO2015,Dontae Johnson,2015,sec,24,< 24,SFO,5,34,16,3
EricJohnson24OAK2000,Eric Johnson,2000,sec,24,< 24,OAK,Undrafted,Undrafted,16,0
IsaiahJohnson24LAR2016,Isaiah Johnson,2016,sec,24,< 24,LAR,Undrafted,Undrafted,3,0
JeronJohnson24SEA2012,Jeron Johnson,2012,sec,24,< 24,SEA,Undrafted,Undrafted,16,0
KeelanJohnson24PHI2013,Keelan Johnson,2013,sec,24,< 24,PHI,Undrafted,Undrafted,2,0
KevinJohnson24HOU2016,Kevin Johnson,2016,sec,24,< 24,HOU,1,66,6,3
LeonardJohnson24TAM2014,Leonard Johnson,2014,sec,24,< 24,TAM,Undrafted,Undrafted,16,3
MichaelJohnson24NYG2008,Michael Johnson,2008,sec,24,< 24,NYG,8,136,16,16
RashadJohnson24ARI2010,Rashad Johnson,2010,sec,24,< 24,ARI,4,244,16,1
RobertJohnson24TEN2011,Robert Johnson,2011,sec,24,< 24,TEN,6,54,3,0
SheltonJohnson24TAM2014,Shelton Johnson,2014,sec,24,< 24,TAM,Undrafted,Undrafted,0,NA
TrumaineJohnson24STL2014,Trumaine Johnson,2014,sec,24,< 24,STL,4,211,9,5
TyrellJohnson24MIN2009,Tyrell Johnson,2009,sec,24,< 24,MIN,3,187,15,15
ByronJones24DAL2016,Byron Jones,2016,sec,24,< 24,DAL,1,167,16,16
ColinJones24SFO2011,Colin Jones,2011,sec,24,< 24,SFO,7,100,13,0
DavidJones24CIN2009,David Jones,2009,sec,24,< 24,CIN,6,51,12,0
DonJones242TM2014,Don Jones,2014,sec,24,< 24,2TM,8,160,13,0
Herana-DazeJones24CIN2006,Herana-Daze Jones,2006,sec,24,< 24,CIN,Undrafted,Undrafted,16,0
JonathanJones24NWE2017,Jonathan Jones,2017,sec,24,< 24,NWE,Undrafted,Undrafted,16,4
JoshJones24GNB2018,Josh Jones,2018,sec,24,< 24,GNB,3,207,4,0
JulianJones24PHI2002,Julian Jones,2002,sec,24,< 24,PHI,Undrafted,Undrafted,2,0
NateJones24DAL2006,Nate Jones,2006,sec,24,< 24,DAL,8,115,4,0
ReshadJones24MIA2012,Reshad Jones,2012,sec,24,< 24,MIA,6,70,16,16
RushenJones24MIN2004,Rushen Jones,2004,sec,24,< 24,MIN,Undrafted,Undrafted,5,0
SeanJones24CLE2006,Sean Jones,2006,sec,24,< 24,CLE,3,204,16,16
MikeJordan24LAR2016,Mike Jordan,2016,sec,24,< 24,LAR,Undrafted,Undrafted,5,2
JohnathanJoseph24CIN2008,Johnathan Joseph,2008,sec,24,< 24,CIN,1,149,8,7
KarlJoseph24OAK2017,Karl Joseph,2017,sec,24,< 24,OAK,1,45,15,15
EricJoyce24CHI2002,Eric Joyce,2002,sec,24,< 24,CHI,Undrafted,Undrafted,3,0
BhawohJue24GNB2003,Bhawoh Jue,2003,sec,24,< 24,GNB,4,218,16,0
MattKatula24BAL2006,Matt Katula,2006,sec,24,< 24,BAL,Undrafted,Undrafted,16,0
DamontaeKazee24ATL2017,Damontae Kazee,2017,sec,24,< 24,ATL,6,55,16,1
JayronKearse24MIN2018,Jayron Kearse,2018,sec,24,< 24,MIN,8,153,8,0
JohnKeith24SFO2001,John Keith,2001,sec,24,< 24,SFO,5,11,1,0
BenKelly24NWE2002,Ben Kelly,2002,sec,24,< 24,NWE,4,232,7,0
BrianKelly24TAM2000,Brian Kelly,2000,sec,24,< 24,TAM,3,189,16,3
EricKelly24MIN2001,Eric Kelly,2001,sec,24,< 24,MIN,4,215,16,11
KenoyKennedy24DEN2001,Kenoy Kennedy,2001,sec,24,< 24,DEN,3,189,16,16
ShilohKeo24HOU2011,Shiloh Keo,2011,sec,24,< 24,HOU,6,50,10,0
TerrenceKiel24SDG2004,Terrence Kiel,2004,sec,24,< 24,SDG,3,208,16,16
MilesKillebrew24DET2017,Miles Killebrew,2017,sec,24,< 24,DET,5,15,16,3
DerrickKindred24CLE2017,Derrick Kindred,2017,sec,24,< 24,CLE,5,34,14,10
BrandonKing24IND2011,Brandon King,2011,sec,24,< 24,IND,Undrafted,Undrafted,4,0
BrandonKing24NWE2017,Brandon King,2017,sec,24,< 24,NWE,Undrafted,Undrafted,13,0
DesmondKing24LAC2018,Desmond King,2018,sec,24,< 24,LAC,6,58,7,3
EricKing24TEN2006,Eric King,2006,sec,24,< 24,TEN,6,62,11,0
JustinKing24STL2011,Justin King,2011,sec,24,< 24,STL,5,4,12,12
DreKirkpatrick24CIN2013,Dre Kirkpatrick,2013,sec,24,< 24,CIN,1,77,14,3
JordanKovacs242TM2014,Jordan Kovacs,2014,sec,24,< 24,2TM,Undrafted,Undrafted,8,0
JacobLacey24IND2011,Jacob Lacey,2011,sec,24,< 24,IND,Undrafted,Undrafted,15,10
L.P.Ladouceur24DAL2005,L.P. Ladouceur,2005,sec,24,< 24,DAL,Undrafted,Undrafted,13,0
DawanLandry24BAL2006,Dawan Landry,2006,sec,24,< 24,BAL,6,52,16,14
LaRonLandry24WAS2008,LaRon Landry,2008,sec,24,< 24,WAS,1,205,16,16
JeremyLane24SEA2014,Jeremy Lane,2014,sec,24,< 24,SEA,7,80,7,1
ReshardLangford24KAN2010,Reshard Langford,2010,sec,24,< 24,KAN,Undrafted,Undrafted,6,0
EllisLankster24NYJ2011,Ellis Lankster,2011,sec,24,< 24,NYJ,8,132,7,0
KareemLarrimore24DAL2000,Kareem Larrimore,2000,sec,24,< 24,DAL,5,12,15,4
GerardLawson24CLE2009,Gerard Lawson,2009,sec,24,< 24,CLE,Undrafted,Undrafted,5,0
NevinLawson24DET2015,Nevin Lawson,2015,sec,24,< 24,DET,5,38,14,9
Cre'vonLeBlanc24DET2018,Cre'von LeBlanc,2018,sec,24,< 24,DET,Undrafted,Undrafted,3,0
PatLee24GNB2008,Pat Lee,2008,sec,24,< 24,GNB,3,206,5,0
JoeLefeged24IND2012,Joe Lefeged,2012,sec,24,< 24,IND,Undrafted,Undrafted,16,4
MichaelLehan24CLE2003,Michael Lehan,2003,sec,24,< 24,CLE,6,59,12,2
BrianLeigeb24IND2002,Brian Leigeb,2002,sec,24,< 24,IND,Undrafted,Undrafted,15,0
JimLeonhard24BUF2006,Jim Leonhard,2006,sec,24,< 24,BUF,Undrafted,Undrafted,15,1
BashirLevingston24NYG2000,Bashir Levingston,2000,sec,24,< 24,NYG,Undrafted,Undrafted,3,0
KeenanLewis24PIT2010,Keenan Lewis,2010,sec,24,< 24,PIT,4,245,9,0
KeithLewis24SFO2005,Keith Lewis,2005,sec,24,< 24,SFO,7,108,16,4
KendrickLewis24KAN2012,Kendrick Lewis,2012,sec,24,< 24,KAN,6,41,9,9
MichaelLewis24PHI2004,Michael Lewis,2004,sec,24,< 24,PHI,3,203,16,16
MyronLewis24TAM2011,Myron Lewis,2011,sec,24,< 24,TAM,4,213,10,0
RoyLewis24SEA2009,Roy Lewis,2009,sec,24,< 24,SEA,Undrafted,Undrafted,8,0
RyanLewis24BUF2018,Ryan Lewis,2018,sec,24,< 24,BUF,Undrafted,Undrafted,4,3
ChrisLewis-Harris24CIN2013,Chris Lewis-Harris,2013,sec,24,< 24,CIN,Undrafted,Undrafted,6,0
BrodyLiddiard24MIN2001,Brody Liddiard,2001,sec,24,< 24,MIN,Undrafted,Undrafted,16,0
TrevardLindley24PHI2010,Trevard Lindley,2010,sec,24,< 24,PHI,5,8,11,1
TonyLippett24MIA2016,Tony Lippett,2016,sec,24,< 24,MIA,6,62,16,13
CullenLoeffler24MIN2005,Cullen Loeffler,2005,sec,24,< 24,MIN,Undrafted,Undrafted,16,0
AndreLott24WAS2003,Andre Lott,2003,sec,24,< 24,WAS,6,65,11,0
RickLovato242TM2016,Rick Lovato,2016,sec,24,< 24,2TM,Undrafted,Undrafted,5,0
ClarenceLove24BAL2000,Clarence Love,2000,sec,24,< 24,BAL,5,20,1,0
OmareLowe24MIA2002,Omare Lowe,2002,sec,24,< 24,MIA,6,68,1,0
DwightLowery24NYJ2010,Dwight Lowery,2010,sec,24,< 24,NYJ,5,17,14,3
CalvinLowry24TEN2007,Calvin Lowry,2007,sec,24,< 24,TEN,5,5,16,11
ShalomLuani24SEA2018,Shalom Luani,2018,sec,24,< 24,SEA,8,133,4,0
JordanLucas24MIA2017,Jordan Lucas,2017,sec,24,< 24,MIA,7,114,11,0
JustinLucas24ARI2000,Justin Lucas,2000,sec,24,< 24,ARI,Undrafted,Undrafted,16,0
KenLucas24SEA2003,Ken Lucas,2003,sec,24,< 24,SEA,3,184,14,7
CoreyLynch24TAM2009,Corey Lynch,2009,sec,24,< 24,TAM,7,85,13,0
GregMabin24SFO2018,Greg Mabin,2018,sec,24,< 24,SFO,Undrafted,Undrafted,6,1
ElbertMack24TAM2010,Elbert Mack,2010,sec,24,< 24,TAM,Undrafted,Undrafted,12,0
DavidMacklin24IND2002,David Macklin,2002,sec,24,< 24,IND,4,240,16,15
JoeMaese24BAL2002,Joe Maese,2002,sec,24,< 24,BAL,7,104,16,0
CraigMager24SDG2016,Craig Mager,2016,sec,24,< 24,SDG,4,231,11,8
AnthonyMalbrough24CLE2000,Anthony Malbrough,2000,sec,24,< 24,CLE,6,36,9,1
DaniealManning24CHI2006,Danieal Manning,2006,sec,24,< 24,CHI,3,186,16,14
RickyManning24CAR2004,Ricky Manning,2004,sec,24,< 24,CAR,4,230,16,16
MarquandManuel24CIN2003,Marquand Manuel,2003,sec,24,< 24,CIN,7,90,13,1
ChrisMaragos24SEA2011,Chris Maragos,2011,sec,24,< 24,SEA,Undrafted,Undrafted,11,0
DeanMarlowe24CAR2016,Dean Marlowe,2016,sec,24,< 24,CAR,Undrafted,Undrafted,1,0
CurtisMarsh24PHI2012,Curtis Marsh,2012,sec,24,< 24,PHI,4,239,15,0
NickMarshall24NYJ2016,Nick Marshall,2016,sec,24,< 24,NYJ,Undrafted,Undrafted,8,0
RichardMarshall24CAR2008,Richard Marshall,2008,sec,24,< 24,CAR,3,203,16,0
DerrickMartin24GNB2009,Derrick Martin,2009,sec,24,< 24,GNB,7,118,14,1
RonaldMartin24IND2017,Ronald Martin,2017,sec,24,< 24,IND,Undrafted,Undrafted,2,0
GrantMason24PIT2007,Grant Mason,2007,sec,24,< 24,PIT,Undrafted,Undrafted,5,0
ChrisMassey24STL2003,Chris Massey,2003,sec,24,< 24,STL,8,152,16,0
TyrannMathieu24ARI2016,Tyrann Mathieu,2016,sec,24,< 24,ARI,4,215,10,10
RasheanMathis24JAX2004,Rashean Mathis,2004,sec,24,< 24,JAX,3,182,16,16
ByronMaxwell24SEA2012,Byron Maxwell,2012,sec,24,< 24,SEA,7,81,9,0
MarcusMaye24NYJ2017,Marcus Maye,2017,sec,24,< 24,NYJ,3,182,16,16
ShawnMayer24NWE2003,Shawn Mayer,2003,sec,24,< 24,NWE,Undrafted,Undrafted,9,0
AdrianMayes24ARI2004,Adrian Mayes,2004,sec,24,< 24,ARI,Undrafted,Undrafted,4,0
TaylorMays24CIN2012,Taylor Mays,2012,sec,24,< 24,CIN,3,193,16,3
ChrisMcAlister24BAL2001,Chris McAlister,2001,sec,24,< 24,BAL,1,2,16,16
DarcelMcBath24DEN2009,Darcel McBath,2009,sec,24,< 24,DEN,3,192,13,0
TodMcBride24GNB2000,Tod McBride,2000,sec,24,< 24,GNB,Undrafted,Undrafted,15,6
TrumaineMcBride24CHI2009,Trumaine McBride,2009,sec,24,< 24,CHI,8,133,1,0
KevinMcCadam24ATL2003,Kevin McCadam,2003,sec,24,< 24,ATL,6,54,12,3
BobbyMcCain24MIA2017,Bobby McCain,2017,sec,24,< 24,MIA,6,51,16,7
BriceMcCain24HOU2010,Brice McCain,2010,sec,24,< 24,HOU,7,97,12,3
BryanMcCann243TM2011,Bryan McCann,2011,sec,24,< 24,3TM,Undrafted,Undrafted,12,0
KyleMcCarthy24DEN2010,Kyle McCarthy,2010,sec,24,< 24,DEN,Undrafted,Undrafted,8,0
MarcusMcCauley24MIN2007,Marcus McCauley,2007,sec,24,< 24,MIN,4,219,16,9
RobertMcClain24ATL2012,Robert McClain,2012,sec,24,< 24,ATL,8,158,15,3
StefanMcClure24WAS2017,Stefan McClure,2017,sec,24,< 24,WAS,Undrafted,Undrafted,7,0
DevinMcCourty24NWE2011,Devin McCourty,2011,sec,24,< 24,NWE,1,167,14,14
JasonMcCourty24TEN2011,Jason McCourty,2011,sec,24,< 24,TEN,7,113,15,15
DannyMcCray24DAL2012,Danny McCray,2012,sec,24,< 24,DAL,Undrafted,Undrafted,15,10
DemetriusMcCray24JAX2015,Demetrius McCray,2015,sec,24,< 24,JAX,8,121,14,3
KelcieMcCray24MIA2012,Kelcie McCray,2012,sec,24,< 24,MIA,Undrafted,Undrafted,0,NA
L.J.McCray24SFO2015,L.J. McCray,2015,sec,24,< 24,SFO,Undrafted,Undrafted,8,0
MarlonMcCree24JAX2001,Marlon McCree,2001,sec,24,< 24,JAX,8,144,13,11
DaylonMcCutcheon24CLE2000,Daylon McCutcheon,2000,sec,24,< 24,CLE,4,208,15,15
KevinMcDermott24BAL2014,Kevin McDermott,2014,sec,24,< 24,BAL,Undrafted,Undrafted,7,0
BrandonMcDonald24CLE2009,Brandon McDonald,2009,sec,24,< 24,CLE,6,46,16,10
DeweyMcDonald24IND2014,Dewey McDonald,2014,sec,24,< 24,IND,Undrafted,Undrafted,12,0
DexterMcDonald24OAK2015,Dexter McDonald,2015,sec,24,< 24,OAK,8,151,6,0
RamosMcDonald24NYG2000,Ramos McDonald,2000,sec,24,< 24,NYG,4,228,3,0
T.J.McDonald24STL2015,T.J. McDonald,2015,sec,24,< 24,STL,4,218,11,11
BradleyMcDougald24TAM2014,Bradley McDougald,2014,sec,24,< 24,TAM,Undrafted,Undrafted,15,5
DexterMcDougle24NYJ2015,Dexter McDougle,2015,sec,24,< 24,NYJ,4,228,14,0
BryantMcFadden24PIT2005,Bryant McFadden,2005,sec,24,< 24,PIT,3,208,12,1
KimarioMcFadden24TAM2015,Kimario McFadden,2015,sec,24,< 24,TAM,Undrafted,Undrafted,3,0
LeonMcFadden24SFO2014,Leon McFadden,2014,sec,24,< 24,SFO,4,214,7,0
BrandonMcGee24STL2014,Brandon McGee,2014,sec,24,< 24,STL,6,55,2,0
TerrenceMcGee24BUF2004,Terrence McGee,2004,sec,24,< 24,BUF,5,15,16,13
BrandonMcGowan24CHI2007,Brandon McGowan,2007,sec,24,< 24,CHI,Undrafted,Undrafted,14,9
JonMcGraw24NYJ2003,Jon McGraw,2003,sec,24,< 24,NYJ,3,202,6,6
LeodisMcKelvin24BUF2009,Leodis McKelvin,2009,sec,24,< 24,BUF,1,13,3,3
MikeMcKenzie24GNB2000,Mike McKenzie,2000,sec,24,< 24,GNB,4,235,10,8
RodneyMcLeod24STL2014,Rodney McLeod,2014,sec,24,< 24,STL,Undrafted,Undrafted,16,16
SherrickMcManis24HOU2011,Sherrick McManis,2011,sec,24,< 24,HOU,6,50,9,0
JerronMcMillian24GNB2013,Jerron McMillian,2013,sec,24,< 24,GNB,5,38,12,2
JakeMcQuaide24STL2011,Jake McQuaide,2011,sec,24,< 24,STL,Undrafted,Undrafted,16,0
R.W.McQuarters24CHI2000,R.W. McQuarters,2000,sec,24,< 24,CHI,1,168,15,2
TonyMcRae242TM2017,Tony McRae,2017,sec,24,< 24,2TM,Undrafted,Undrafted,9,0
JonathanMeeks24BUF2013,Jonathan Meeks,2013,sec,24,< 24,BUF,6,49,8,0
BrandonMeriweather24NWE2008,Brandon Meriweather,2008,sec,24,< 24,NWE,1,149,16,11
ThanMerrill24CHI2001,Than Merrill,2001,sec,24,< 24,CHI,8,135,15,0
WillieMiddlebrooks24DEN2003,Willie Middlebrooks,2003,sec,24,< 24,DEN,1,149,16,0
WilliamMiddleton24JAX2010,William Middleton,2010,sec,24,< 24,JAX,6,43,16,3
QuintinMikell24PHI2004,Quintin Mikell,2004,sec,24,< 24,PHI,Undrafted,Undrafted,14,0
JeromyMiles24CIN2011,Jeromy Miles,2011,sec,24,< 24,CIN,Undrafted,Undrafted,16,0
JustinMiller242TM2008,Justin Miller,2008,sec,24,< 24,2TM,3,202,8,0
PrinceMiller24CLE2012,Prince Miller,2012,sec,24,< 24,CLE,Undrafted,Undrafted,2,0
DeeMilliner24NYJ2015,Dee Milliner,2015,sec,24,< 24,NYJ,1,238,5,0
JalenMills24PHI2018,Jalen Mills,2018,sec,24,< 24,PHI,8,144,8,8
ChristopherMilton24IND2016,Christopher Milton,2016,sec,24,< 24,IND,Undrafted,Undrafted,6,1
PaulMiranda24SEA2000,Paul Miranda,2000,sec,24,< 24,SEA,5,245,3,0
MikeMitchell24OAK2011,Mike Mitchell,2011,sec,24,< 24,OAK,3,191,13,4
ShirdonyaMitchell24MIA2006,Shirdonya Mitchell,2006,sec,24,< 24,MIA,Undrafted,Undrafted,1,0
TerranceMitchell24KAN2016,Terrance Mitchell,2016,sec,24,< 24,KAN,8,164,7,2
AntwaunMolden24HOU2009,Antwaun Molden,2009,sec,24,< 24,HOU,4,226,4,0
CoreyMoore24HOU2017,Corey Moore,2017,sec,24,< 24,HOU,Undrafted,Undrafted,14,3
D.J.Moore24CHI2011,D.J. Moore,2011,sec,24,< 24,CHI,5,23,13,1
DamonMoore24PHI2000,Damon Moore,2000,sec,24,< 24,PHI,5,33,16,16
JasonMoore242TM2000,Jason Moore,2000,sec,24,< 24,2TM,Undrafted,Undrafted,8,0
KareemMoore24WAS2008,Kareem Moore,2008,sec,24,< 24,WAS,7,89,14,1
RahimMoore24DEN2014,Rahim Moore,2014,sec,24,< 24,DEN,3,189,16,16
SterlingMoore24DAL2014,Sterling Moore,2014,sec,24,< 24,DAL,Undrafted,Undrafted,16,7
WilliamMoore24ATL2009,William Moore,2009,sec,24,< 24,ATL,3,200,2,0
FabianMoreau24WAS2018,Fabian Moreau,2018,sec,24,< 24,WAS,4,229,7,4
EarthwindMoreland24CLE2001,Earthwind Moreland,2001,sec,24,< 24,CLE,Undrafted,Undrafted,2,0
DaJuanMorgan24KAN2009,DaJuan Morgan,2009,sec,24,< 24,KAN,4,230,13,2
AricMorris24TEN2001,Aric Morris,2001,sec,24,< 24,TEN,6,40,16,10
DarrylMorris24HOU2014,Darryl Morris,2014,sec,24,< 24,HOU,Undrafted,Undrafted,11,1
ChristianMorton242TM2005,Christian Morton,2005,sec,24,< 24,2TM,8,144,5,1
RyanMouton24TEN2010,Ryan Mouton,2010,sec,24,< 24,TEN,4,243,9,0
DonMuhlbach24DET2005,Don Muhlbach,2005,sec,24,< 24,DET,Undrafted,Undrafted,13,0
RyanMundy24PIT2009,Ryan Mundy,2009,sec,24,< 24,PIT,7,104,16,0
CaptainMunnerlyn24CAR2012,Captain Munnerlyn,2012,sec,24,< 24,CAR,8,127,16,11
RicoMurray24CIN2011,Rico Murray,2011,sec,24,< 24,CIN,Undrafted,Undrafted,1,0
BobbyMyers24TEN2000,Bobby Myers,2000,sec,24,< 24,TEN,5,29,16,1
LeonardMyers24NWE2002,Leonard Myers,2002,sec,24,< 24,NWE,7,110,8,1
ReggieMyles24CIN2003,Reggie Myles,2003,sec,24,< 24,CIN,Undrafted,Undrafted,16,0
HarukiNakamura24BAL2010,Haruki Nakamura,2010,sec,24,< 24,BAL,7,116,16,0
NeduNdukwe24CIN2009,Nedu Ndukwe,2009,sec,24,< 24,CIN,8,163,16,12
SiranNeal24BUF2018,Siran Neal,2018,sec,24,< 24,BUF,Undrafted,Undrafted,8,0
ReggieNelson24JAX2007,Reggie Nelson,2007,sec,24,< 24,JAX,1,120,16,15
RhettNelson24MIN2004,Rhett Nelson,2004,sec,24,< 24,MIN,Undrafted,Undrafted,4,0
StevenNelson24KAN2017,Steven Nelson,2017,sec,24,< 24,KAN,4,247,9,7
TomNelson24CIN2010,Tom Nelson,2010,sec,24,< 24,CIN,Undrafted,Undrafted,8,0
NateNess242TM2010,Nate Ness,2010,sec,24,< 24,2TM,Undrafted,Undrafted,4,1
RichardNewsome24NOR2001,Richard Newsome,2001,sec,24,< 24,NOR,Undrafted,Undrafted,11,0
CamNewton24ATL2006,Cam Newton,2006,sec,24,< 24,ATL,Undrafted,Undrafted,3,0
DeatrickNichols24ARI2018,Deatrick Nichols,2018,sec,24,< 24,ARI,Undrafted,Undrafted,2,0
DonteNicholson24TAM2005,Donte Nicholson,2005,sec,24,< 24,TAM,6,47,9,0
ParryNickerson24NYJ2018,Parry Nickerson,2018,sec,24,< 24,NYJ,Undrafted,Undrafted,8,2
DonnieNickey24TEN2004,Donnie Nickey,2004,sec,24,< 24,TEN,6,61,15,6
TroyNolan24HOU2010,Troy Nolan,2010,sec,24,< 24,HOU,8,135,16,3
ZachNorton24BAL2005,Zach Norton,2005,sec,24,< 24,BAL,Undrafted,Undrafted,3,0
DelthaO'Neal24DEN2001,Deltha O'Neal,2001,sec,24,< 24,DEN,1,56,16,16
WillieOfford24MIN2002,Willie Offord,2002,sec,24,< 24,MIN,4,217,12,6
EvanOglesby24BAL2005,Evan Oglesby,2005,sec,24,< 24,BAL,Undrafted,Undrafted,3,0
IfeanyiOhalete24WAS2003,Ifeanyi Ohalete,2003,sec,24,< 24,WAS,Undrafted,Undrafted,15,15
TonyOkanlawon24SDG2003,Tony Okanlawon,2003,sec,24,< 24,SDG,Undrafted,Undrafted,1,0
AyodejiOlatoye24DAL2015,Ayodeji Olatoye,2015,sec,24,< 24,DAL,Undrafted,Undrafted,5,2
PaulOliver24SDG2008,Paul Oliver,2008,sec,24,< 24,SDG,5,1,12,0
TylerOtt242TM2016,Tyler Ott,2016,sec,24,< 24,2TM,Undrafted,Undrafted,3,0
JeffOverbaugh24MIN2017,Jeff Overbaugh,2017,sec,24,< 24,MIN,Undrafted,Undrafted,1,0
ChrisOwens24ATL2010,Chris Owens,2010,sec,24,< 24,ATL,4,239,16,3
JarradPage24KAN2008,Jarrad Page,2008,sec,24,< 24,KAN,8,139,16,16
DerekPagel24NYJ2003,Derek Pagel,2003,sec,24,< 24,NYJ,6,46,14,0
RonParker242TM2011,Ron Parker,2011,sec,24,< 24,2TM,Undrafted,Undrafted,5,0
TerranceParks242TM2014,Terrance Parks,2014,sec,24,< 24,2TM,Undrafted,Undrafted,1,0
WillParks24DEN2018,Will Parks,2018,sec,24,< 24,DEN,7,130,8,1
TylerPatmon242TM2015,Tyler Patmon,2015,sec,24,< 24,2TM,Undrafted,Undrafted,13,2
JohnnyPatrick24NOR2012,Johnny Patrick,2012,sec,24,< 24,NOR,4,236,15,1
DimitriPatterson24KAN2007,Dimitri Patterson,2007,sec,24,< 24,KAN,Undrafted,Undrafted,13,0
LoniePaxton24NWE2002,Lonie Paxton,2002,sec,24,< 24,NWE,Undrafted,Undrafted,16,0
KarlPaymah24DEN2006,Karl Paymah,2006,sec,24,< 24,DEN,4,223,16,0
KevinPayne24CHI2007,Kevin Payne,2007,sec,24,< 24,CHI,6,74,3,1
KalvinPearson24CLE2002,Kalvin Pearson,2002,sec,24,< 24,CLE,Undrafted,Undrafted,5,0
CharliePeprah24GNB2007,Charlie Peprah,2007,sec,24,< 24,GNB,6,64,16,0
AntonioPerkins24CLE2006,Antonio Perkins,2006,sec,24,< 24,CLE,5,6,5,0
JasonPerry24SDG2000,Jason Perry,2000,sec,24,< 24,SDG,5,7,1,0
RayPerryman24BAL2002,Ray Perryman,2002,sec,24,< 24,BAL,6,64,2,0
MarcusPeters24KAN2017,Marcus Peters,2017,sec,24,< 24,KAN,1,88,14,14
JulianPeterson24SFO2002,Julian Peterson,2002,sec,24,< 24,SFO,1,66,16,16
PatrickPeterson24ARI2014,Patrick Peterson,2014,sec,24,< 24,ARI,1,194,16,16
WillPeterson24NYG2003,Will Peterson,2003,sec,24,< 24,NYG,4,225,5,5
AdrianPhillips24SDG2016,Adrian Phillips,2016,sec,24,< 24,SDG,Undrafted,Undrafted,14,6
DashaunPhillips24WAS2015,Dashaun Phillips,2015,sec,24,< 24,WAS,Undrafted,Undrafted,6,0
JermainePhillips24TAM2003,Jermaine Phillips,2003,sec,24,< 24,TAM,6,63,14,8
KennyPhillips24NYG2010,Kenny Phillips,2010,sec,24,< 24,NYG,1,172,16,15
RandyPhillips24DET2010,Randy Phillips,2010,sec,24,< 24,DET,Undrafted,Undrafted,4,0
WilliePile24KAN2004,Willie Pile,2004,sec,24,< 24,KAN,8,162,16,5
LenzyPipkins24GNB2017,Lenzy Pipkins,2017,sec,24,< 24,GNB,Undrafted,Undrafted,12,1
JerrellPippens242TM2004,Jerrell Pippens,2004,sec,24,< 24,2TM,Undrafted,Undrafted,9,0
SabbyPiscitelli24TAM2007,Sabby Piscitelli,2007,sec,24,< 24,TAM,3,210,3,0
DavidPittman24BAL2007,David Pittman,2007,sec,24,< 24,BAL,4,235,7,1
LafayettePitts24MIA2016,Lafayette Pitts,2016,sec,24,< 24,MIA,Undrafted,Undrafted,8,0
EddiePleasant24HOU2012,Eddie Pleasant,2012,sec,24,< 24,HOU,Undrafted,Undrafted,2,0
AhmedPlummer24SFO2000,Ahmed Plummer,2000,sec,24,< 24,SFO,1,149,16,14
AnthonyPoindexter24BAL2000,Anthony Poindexter,2000,sec,24,< 24,BAL,8,127,10,0
QuintonPointer24STL2012,Quinton Pointer,2012,sec,24,< 24,STL,Undrafted,Undrafted,6,0
TroyPolamalu24PIT2005,Troy Polamalu,2005,sec,24,< 24,PIT,1,66,16,16
BernardPollard24KAN2008,Bernard Pollard,2008,sec,24,< 24,KAN,3,199,16,16
RyanPontbriand24CLE2003,Ryan Pontbriand,2003,sec,24,< 24,CLE,6,48,16,0
BrodneyPool24CLE2008,Brodney Pool,2008,sec,24,< 24,CLE,3,177,15,15
BrianPoole24ATL2016,Brian Poole,2016,sec,24,< 24,ATL,Undrafted,Undrafted,16,9
GeoffreyPope24CIN2008,Geoffrey Pope,2008,sec,24,< 24,CIN,Undrafted,Undrafted,8,0
AlvinPorter24BAL2001,Alvin Porter,2001,sec,24,< 24,BAL,Undrafted,Undrafted,16,0
TracyPorter24NOR2010,Tracy Porter,2010,sec,24,< 24,NOR,3,184,12,12
JulianPosey24MIA2012,Julian Posey,2012,sec,24,< 24,MIA,Undrafted,Undrafted,2,0
HankPoteat24PIT2001,Hank Poteat,2001,sec,24,< 24,PIT,4,224,13,0
ChazPowell24GNB2012,Chaz Powell,2012,sec,24,< 24,GNB,Undrafted,Undrafted,0,NA
JerraudPowers24IND2011,Jerraud Powers,2011,sec,24,< 24,IND,4,241,12,12
JordanPoyer24CLE2015,Jordan Poyer,2015,sec,24,< 24,CLE,8,129,14,4
ShaunPrater242TM2013,Shaun Prater,2013,sec,24,< 24,2TM,6,62,9,3
SheldonPrice24IND2015,Sheldon Price,2015,sec,24,< 24,IND,Undrafted,Undrafted,2,0
JoshShaw24CIN2016,Josh Shaw,2016,sec,24,< 24,CIN,5,25,16,12
DeShawnShead24SEA2013,DeShawn Shead,2013,sec,24,< 24,SEA,Undrafted,Undrafted,5,0
JacobyShepherd242TM2003,Jacoby Shepherd,2003,sec,24,< 24,2TM,3,208,8,0
LitoSheppard24PHI2005,Lito Sheppard,2005,sec,24,< 24,PHI,1,166,10,10
MarcusSherels24MIN2011,Marcus Sherels,2011,sec,24,< 24,MIN,Undrafted,Undrafted,16,3
RichardSherman24SEA2012,Richard Sherman,2012,sec,24,< 24,SEA,6,61,16,16
SamShields24GNB2011,Sam Shields,2011,sec,24,< 24,GNB,Undrafted,Undrafted,15,7
ScottShields24PIT2000,Scott Shields,2000,sec,24,< 24,PIT,3,204,10,1
JamieSilva24IND2008,Jamie Silva,2008,sec,24,< 24,IND,Undrafted,Undrafted,11,0
ManaSilva242TM2012,Mana Silva,2012,sec,24,< 24,2TM,Undrafted,Undrafted,10,0
RicardoSilva24DET2012,Ricardo Silva,2012,sec,24,< 24,DET,Undrafted,Undrafted,10,6
JasonSimmons24PIT2000,Jason Simmons,2000,sec,24,< 24,PIT,6,42,15,0
JustinSimmons24DEN2017,Justin Simmons,2017,sec,24,< 24,DEN,4,247,13,13
TharoldSimon24SEA2015,Tharold Simon,2015,sec,24,< 24,SEA,6,43,1,0
KoSimpson24BUF2007,Ko Simpson,2007,sec,24,< 24,BUF,5,8,1,1
LeShaunSims24TEN2017,LeShaun Sims,2017,sec,24,< 24,TEN,6,63,13,5
BusterSkrine24CLE2013,Buster Skrine,2013,sec,24,< 24,CLE,6,42,16,15
DariusSlay24DET2015,Darius Slay,2015,sec,24,< 24,DET,3,179,16,16
AlphonsoSmith24DEN2009,Alphonso Smith,2009,sec,24,< 24,DEN,3,180,15,0
AnthonySmith24PIT2007,Anthony Smith,2007,sec,24,< 24,PIT,4,231,16,10
ChrisSmith24STL2011,Chris Smith,2011,sec,24,< 24,STL,Undrafted,Undrafted,3,0
DerronSmith24CIN2016,Derron Smith,2016,sec,24,< 24,CIN,7,107,12,0
DwightSmith24TAM2002,Dwight Smith,2002,sec,24,< 24,TAM,4,232,16,2
EricSmith24NYJ2007,Eric Smith,2007,sec,24,< 24,NYJ,4,246,15,4
HarrisonSmith24MIN2013,Harrison Smith,2013,sec,24,< 24,MIN,1,169,8,7
JimmySmith24BAL2012,Jimmy Smith,2012,sec,24,< 24,BAL,1,167,11,2
KeithSmith24DET2004,Keith Smith,2004,sec,24,< 24,DET,4,220,15,2
ReggieSmith24SFO2010,Reggie Smith,2010,sec,24,< 24,SFO,4,222,16,7
RyanSmith24TAM2017,Ryan Smith,2017,sec,24,< 24,TAM,5,11,15,10
SeanSmith24MIA2011,Sean Smith,2011,sec,24,< 24,MIA,3,207,16,16
TyeSmith24TEN2017,Tye Smith,2017,sec,24,< 24,TEN,6,78,15,1
FredSmoot24WAS2003,Fred Smoot,2003,sec,24,< 24,WAS,3,189,15,15
DanielSorensen24KAN2014,Daniel Sorensen,2014,sec,24,< 24,KAN,Undrafted,Undrafted,9,0
NickSorensen24STL2002,Nick Sorensen,2002,sec,24,< 24,STL,Undrafted,Undrafted,16,0
DezmenSouthward24ATL2014,Dezmen Southward,2014,sec,24,< 24,ATL,4,214,16,0
AntwainSpann24NWE2007,Antwain Spann,2007,sec,24,< 24,NWE,Undrafted,Undrafted,1,0
ShawntaeSpencer24SFO2006,Shawntae Spencer,2006,sec,24,< 24,SFO,3,203,13,13
AmariSpievey24DET2012,Amari Spievey,2012,sec,24,< 24,DET,4,212,5,2
C.J.Spillman242TM2010,C.J. Spillman,2010,sec,24,< 24,2TM,Undrafted,Undrafted,16,0
DaimionStafford24TEN2015,Daimion Stafford,2015,sec,24,< 24,TEN,8,157,16,2
R.J.Stanford24MIA2012,R.J. Stanford,2012,sec,24,< 24,MIA,8,135,16,0
ScottStarks24JAX2007,Scott Starks,2007,sec,24,< 24,JAX,4,235,16,0
RobertSteeples24MIN2013,Robert Steeples,2013,sec,24,< 24,MIN,Undrafted,Undrafted,2,0
CraigSteltz24CHI2010,Craig Steltz,2010,sec,24,< 24,CHI,5,25,9,0
DarianStewart24STL2012,Darian Stewart,2012,sec,24,< 24,STL,Undrafted,Undrafted,12,0
MichaelStone24ARI2002,Michael Stone,2002,sec,24,< 24,ARI,3,199,16,0
DerrickStrait24NYJ2004,Derrick Strait,2004,sec,24,< 24,NYJ,4,223,5,1
DonaldStrickland24IND2004,Donald Strickland,2004,sec,24,< 24,IND,4,239,4,4
DarrellStuckey24SDG2011,Darrell Stuckey,2011,sec,24,< 24,SDG,5,14,14,0
RussellStuvaints24PIT2004,Russell Stuvaints,2004,sec,24,< 24,PIT,Undrafted,Undrafted,15,0
TreSullivan24PHI2018,Tre Sullivan,2018,sec,24,< 24,PHI,Undrafted,Undrafted,4,0
NickSundberg24WAS2011,Nick Sundberg,2011,sec,24,< 24,WAS,Undrafted,Undrafted,16,0
PatrickSurtain24MIA2000,Patrick Surtain,2000,sec,24,< 24,MIA,3,188,16,16
D.J.Swearinger242TM2015,D.J. Swearinger,2015,sec,24,< 24,2TM,3,202,11,1
ErwinSwiney24GNB2002,Erwin Swiney,2002,sec,24,< 24,GNB,Undrafted,Undrafted,3,0
AqibTalib24TAM2010,Aqib Talib,2010,sec,24,< 24,TAM,1,109,11,11
KeithTandy24TAM2013,Keith Tandy,2013,sec,24,< 24,TAM,7,82,16,5
CordreaTankersley24MIA2017,Cordrea Tankersley,2017,sec,24,< 24,MIA,4,246,11,11
JaquiskiTartt24SFO2016,Jaquiski Tartt,2016,sec,24,< 24,SFO,3,190,15,6
CurtisTaylor24SFO2009,Curtis Taylor,2009,sec,24,< 24,SFO,8,130,7,0
IkeTaylor24PIT2004,Ike Taylor,2004,sec,24,< 24,PIT,5,30,13,1
JamarTaylor24MIA2014,Jamar Taylor,2014,sec,24,< 24,MIA,3,199,12,3
NicholasTaylor24MIN2012,Nicholas Taylor,2012,sec,24,< 24,MIN,Undrafted,Undrafted,0,NA
SeanTaylor24WAS2007,Sean Taylor,2007,sec,24,< 24,WAS,1,194,9,9
QuintonTeal24CAR2008,Quinton Teal,2008,sec,24,< 24,CAR,Undrafted,Undrafted,13,0
StevenTerrell24SEA2014,Steven Terrell,2014,sec,24,< 24,SEA,Undrafted,Undrafted,4,0
RobensonTherezie24ATL2015,Robenson Therezie,2015,sec,24,< 24,ATL,Undrafted,Undrafted,13,2
DymonteThomas24DEN2017,Dymonte Thomas,2017,sec,24,< 24,DEN,Undrafted,Undrafted,3,0
EarlThomas24SEA2013,Earl Thomas,2013,sec,24,< 24,SEA,1,45,16,16
JoeyThomas24GNB2004,Joey Thomas,2004,sec,24,< 24,GNB,4,217,14,0
JoshThomas24CAR2013,Josh Thomas,2013,sec,24,< 24,CAR,6,49,13,6
KevinThomas24BUF2002,Kevin Thomas,2002,sec,24,< 24,BUF,7,84,6,1
KiwaukeeThomas24JAX2001,Kiwaukee Thomas,2001,sec,24,< 24,JAX,6,65,16,5
MichaelThomas24MIA2014,Michael Thomas,2014,sec,24,< 24,MIA,Undrafted,Undrafted,8,2
ShamarkoThomas24PIT2015,Shamarko Thomas,2015,sec,24,< 24,PIT,5,15,15,0
TerrellThomas24NYG2009,Terrell Thomas,2009,sec,24,< 24,NYG,3,209,16,16
DarianThompson24NYG2017,Darian Thompson,2017,sec,24,< 24,NYG,4,218,16,16
LamontThompson24CIN2002,Lamont Thompson,2002,sec,24,< 24,CIN,3,185,13,0
PeytonThompson24JAX2014,Peyton Thompson,2014,sec,24,< 24,JAX,Undrafted,Undrafted,2,0
BruceThornton24DAL2004,Bruce Thornton,2004,sec,24,< 24,DAL,5,26,1,0
NeikoThorpe24OAK2014,Neiko Thorpe,2014,sec,24,< 24,OAK,Undrafted,Undrafted,14,0
WalterThurmond24SEA2011,Walter Thurmond,2011,sec,24,< 24,SEA,5,15,6,3
CharlesTillman24CHI2005,Charles Tillman,2005,sec,24,< 24,CHI,3,178,15,15
PatTillman24ARI2000,Pat Tillman,2000,sec,24,< 24,ARI,8,138,16,16
TravaresTillman24BUF2001,Travares Tillman,2001,sec,24,< 24,BUF,3,203,13,6
CarsonTinker24JAX2013,Carson Tinker,2013,sec,24,< 24,JAX,Undrafted,Undrafted,16,0
GregToler24ARI2009,Greg Toler,2009,sec,24,< 24,ARI,5,37,13,0
BryndenTrawick24BAL2013,Brynden Trawick,2013,sec,24,< 24,BAL,Undrafted,Undrafted,8,0
MorganTrent24CIN2009,Morgan Trent,2009,sec,24,< 24,CIN,7,87,16,0
DesmondTrufant24ATL2014,Desmond Trufant,2014,sec,24,< 24,ATL,1,131,16,16
MarcusTrufant24SEA2004,Marcus Trufant,2004,sec,24,< 24,SEA,1,13,16,16
JustinTryon24WAS2008,Justin Tryon,2008,sec,24,< 24,WAS,5,29,14,0
BrandonUnderwood24GNB2010,Brandon Underwood,2010,sec,24,< 24,GNB,7,96,12,0
KennyVaccaro24NOR2015,Kenny Vaccaro,2015,sec,24,< 24,NOR,1,56,16,16
DeMarcusVan Dyke24PIT2013,DeMarcus Van Dyke,2013,sec,24,< 24,PIT,4,229,2,0
NathanVasher24CHI2005,Nathan Vasher,2005,sec,24,< 24,CHI,5,14,16,15
CassiusVaughn24DEN2011,Cassius Vaughn,2011,sec,24,< 24,DEN,Undrafted,Undrafted,9,3
WinstonVenable24CHI2011,Winston Venable,2011,sec,24,< 24,CHI,Undrafted,Undrafted,12,0
RaymondVentrone24CLE2010,Raymond Ventrone,2010,sec,24,< 24,CLE,Undrafted,Undrafted,16,0
AlterraunVerner24TEN2012,Alterraun Verner,2012,sec,24,< 24,TEN,5,7,16,16
IsaAbdul-Quddus25DET2014,Isa Abdul-Quddus,2014,sec,25,25-28,DET,Undrafted,Undrafted,16,4
HamzaAbdullah252TM2008,Hamza Abdullah,2008,sec,25,25-28,2TM,8,143,2,0
HusainAbdullah25MIN2010,Husain Abdullah,2010,sec,25,25-28,MIN,Undrafted,Undrafted,15,15
KennethAcker25KAN2017,Kenneth Acker,2017,sec,25,25-28,KAN,7,89,16,1
AndrewAdams25NYG2017,Andrew Adams,2017,sec,25,25-28,NYG,Undrafted,Undrafted,16,4
JamarAdams25PHI2010,Jamar Adams,2010,sec,25,25-28,PHI,Undrafted,Undrafted,1,1
MichaelAdams25ARI2010,Michael Adams,2010,sec,25,25-28,ARI,Undrafted,Undrafted,16,4
MikeAdams25SFO2006,Mike Adams,2006,sec,25,25-28,SFO,Undrafted,Undrafted,16,8
PhillipAdams25OAK2013,Phillip Adams,2013,sec,25,25-28,OAK,8,136,16,2
JahleelAddae25SDG2015,Jahleel Addae,2015,sec,25,25-28,SDG,Undrafted,Undrafted,13,12
AlAfalava25TEN2012,Al Afalava,2012,sec,25,25-28,TEN,7,100,12,2
VinceAgnew25DAL2012,Vince Agnew,2012,sec,25,25-28,DAL,Undrafted,Undrafted,4,0
DannyAiken25NWE2013,Danny Aiken,2013,sec,25,25-28,NWE,Undrafted,Undrafted,16,0
WaltAikens25MIA2016,Walt Aikens,2016,sec,25,25-28,MIA,5,30,15,0
ChrisAkins252TM2001,Chris Akins,2001,sec,25,25-28,2TM,8,123,15,0
GeraldAlexander25JAX2009,Gerald Alexander,2009,sec,25,25-28,JAX,3,207,15,10
MackensieAlexander25MIN2018,Mackensie Alexander,2018,sec,25,25-28,MIN,3,199,7,4
MauriceAlexander25LAR2016,Maurice Alexander,2016,sec,25,25-28,LAR,5,14,14,14
RocAlexander25HOU2006,Roc Alexander,2006,sec,25,25-28,HOU,Undrafted,Undrafted,1,0
RobertAlford25ATL2013,Robert Alford,2013,sec,25,25-28,ATL,3,206,16,4
AntonioAllen25NYJ2013,Antonio Allen,2013,sec,25,25-28,NYJ,8,151,16,9
BrianAllen25PIT2018,Brian Allen,2018,sec,25,25-28,PIT,6,81,2,0
CortezAllen25PIT2013,Cortez Allen,2013,sec,25,25-28,PIT,5,33,14,8
JasonAllen25MIA2008,Jason Allen,2008,sec,25,25-28,MIA,1,66,15,2
NateAllen25PHI2012,Nate Allen,2012,sec,25,25-28,PHI,3,180,15,13
RicardoAllen25ATL2016,Ricardo Allen,2016,sec,25,25-28,ATL,6,53,16,16
WillAllen25NYG2003,Will Allen,2003,sec,25,25-28,NYG,1,131,12,12
WillAllen25TAM2007,Will Allen,2007,sec,25,25-28,TAM,5,15,15,0
DavidAmerson25OAK2016,David Amerson,2016,sec,25,25-28,OAK,3,196,15,15
AdrianAmos25CHI2018,Adrian Amos,2018,sec,25,25-28,CHI,6,48,7,7
PrinceAmukamara25NYG2014,Prince Amukamara,2014,sec,25,25-28,NYG,1,99,8,8
ColtAnderson25PHI2010,Colt Anderson,2010,sec,25,25-28,PHI,Undrafted,Undrafted,8,2
MarquesAnderson25OAK2004,Marques Anderson,2004,sec,25,25-28,OAK,4,241,14,10
AdamArchuleta25STL2002,Adam Archuleta,2002,sec,25,25-28,STL,1,109,16,16
JavierArenas25KAN2012,Javier Arenas,2012,sec,25,25-28,KAN,3,195,16,9
JoJuanArmour25CIN2001,JoJuan Armour,2001,sec,25,25-28,CIN,8,136,16,11
KyleArrington25NWE2011,Kyle Arrington,2011,sec,25,25-28,NWE,Undrafted,Undrafted,16,14
LarryAsante25IND2013,Larry Asante,2013,sec,25,25-28,IND,6,67,5,0
NnamdiAsomugha25OAK2006,Nnamdi Asomugha,2006,sec,25,25-28,OAK,1,172,15,15
LarryAtkins25KAN2000,Larry Atkins,2000,sec,25,25-28,KAN,4,232,15,0
O.J.Atogwe25STL2006,O.J. Atogwe,2006,sec,25,25-28,STL,4,212,16,16
BillyAustin25IND2000,Billy Austin,2000,sec,25,25-28,IND,Undrafted,Undrafted,16,0
ReggieAustin25CHI2002,Reggie Austin,2002,sec,25,25-28,CHI,5,30,9,4
JerryAzumah25CHI2002,Jerry Azumah,2002,sec,25,25-28,CHI,6,53,16,16
JordanBabineaux25SEA2007,Jordan Babineaux,2007,sec,25,25-28,SEA,Undrafted,Undrafted,16,0
WaineBacon25IND2004,Waine Bacon,2004,sec,25,25-28,IND,7,112,11,0
JohnsonBademosi25CLE2015,Johnson Bademosi,2015,sec,25,25-28,CLE,Undrafted,Undrafted,16,0
ChampBailey25WAS2003,Champ Bailey,2003,sec,25,25-28,WAS,1,216,16,16
RashadBaker25NWE2007,Rashad Baker,2007,sec,25,25-28,NWE,Undrafted,Undrafted,8,0
AlanBall25DAL2010,Alan Ball,2010,sec,25,25-28,DAL,8,147,16,16
ChrisBanjo25GNB2015,Chris Banjo,2015,sec,25,25-28,GNB,Undrafted,Undrafted,16,1
JohnthanBanks25TAM2014,Johnthan Banks,2014,sec,25,25-28,TAM,3,187,15,14
DominiqueBarber25HOU2011,Dominique Barber,2011,sec,25,25-28,HOU,7,81,6,0
RondeBarber25TAM2000,Ronde Barber,2000,sec,25,25-28,TAM,4,212,16,16
KevinBarnes25WAS2011,Kevin Barnes,2011,sec,25,25-28,WAS,4,228,15,1
DavidBarrett25ARI2002,David Barrett,2002,sec,25,25-28,ARI,5,5,14,14
JoshBarrett25DEN2009,Josh Barrett,2009,sec,25,25-28,DEN,8,132,14,0
MarkBarron252TM2014,Mark Barron,2014,sec,25,25-28,2TM,1,216,16,9
WilliamBartee25KAN2002,William Bartee,2002,sec,25,25-28,KAN,3,199,14,13
RonBartell25STL2007,Ron Bartell,2007,sec,25,25-28,STL,3,195,16,12
IdreesBashir25IND2003,Idrees Bashir,2003,sec,25,25-28,IND,3,180,9,9
EricBassey25STL2008,Eric Bassey,2008,sec,25,25-28,STL,Undrafted,Undrafted,10,0
RashadBauman25CIN2004,Rashad Bauman,2004,sec,25,25-28,CIN,4,226,4,0
GaryBaxter25BAL2003,Gary Baxter,2003,sec,25,25-28,BAL,3,208,16,16
RogersBeckett25SDG2002,Rogers Beckett,2002,sec,25,25-28,SDG,3,187,16,10
TonyBeckham25TEN2003,Tony Beckham,2003,sec,25,25-28,TEN,5,19,16,3
JasonBell25HOU2003,Jason Bell,2003,sec,25,25-28,HOU,Undrafted,Undrafted,13,0
RyanBenjamin25TAM2002,Ryan Benjamin,2002,sec,25,25-28,TAM,Undrafted,Undrafted,10,0
FredBennett25HOU2008,Fred Bennett,2008,sec,25,25-28,HOU,5,28,16,6
BillBentley25DET2014,Bill Bentley,2014,sec,25,25-28,DET,4,233,1,0
BeneBenwikere25CAR2016,Bene Benwikere,2016,sec,25,25-28,CAR,6,54,4,4
NatBerhe25NYG2016,Nat Berhe,2016,sec,25,25-28,NYG,6,59,7,2
EricBerry25KAN2013,Eric Berry,2013,sec,25,25-28,KAN,1,194,15,15
AntoineBethea25IND2009,Antoine Bethea,2009,sec,25,25-28,IND,7,117,16,16
JustinBethel25ARI2015,Justin Bethel,2015,sec,25,25-28,ARI,7,85,16,5
AtariBigby25GNB2006,Atari Bigby,2006,sec,25,25-28,GNB,Undrafted,Undrafted,5,0
E.J.Biggers25TAM2012,E.J. Biggers,2012,sec,25,25-28,TAM,8,128,13,12
CoryBird25IND2003,Cory Bird,2003,sec,25,25-28,IND,4,240,12,0
WillBlackmon25GNB2009,Will Blackmon,2009,sec,25,25-28,GNB,5,19,3,0
AntwonBlake25PIT2015,Antwon Blake,2015,sec,25,25-28,PIT,Undrafted,Undrafted,16,16
RobertBlanton25MIN2014,Robert Blanton,2014,sec,25,25-28,MIN,6,44,15,13
TonyBlevins25IND2000,Tony Blevins,2000,sec,25,25-28,IND,Undrafted,Undrafted,16,1
GregBlue25DET2007,Greg Blue,2007,sec,25,25-28,DET,6,55,4,0
Dre'Bly25STL2002,Dre' Bly,2002,sec,25,25-28,STL,3,185,16,16
LeighBodden25CLE2006,Leigh Bodden,2006,sec,25,25-28,CLE,Undrafted,Undrafted,9,9
BrieanBoddy-Calhoun25CLE2018,Briean Boddy-Calhoun,2018,sec,25,25-28,CLE,Undrafted,Undrafted,8,1
OmarBolden25DEN2013,Omar Bolden,2013,sec,25,25-28,DEN,5,4,16,1
MichaelBooker25TEN2000,Michael Booker,2000,sec,25,25-28,TEN,1,13,15,1
TreBoston25LAC2017,Tre Boston,2017,sec,25,25-28,LAC,5,33,16,15
MichaelBoulware25SEA2006,Michael Boulware,2006,sec,25,25-28,SEA,3,198,16,8
A.J.Bouye25HOU2016,A.J. Bouye,2016,sec,25,25-28,HOU,Undrafted,Undrafted,15,11
MattBowen252TM2001,Matt Bowen,2001,sec,25,25-28,2TM,7,108,6,0
JohnBowie25OAK2009,John Bowie,2009,sec,25,25-28,OAK,5,14,3,0
ZackaryBowman25CHI2009,Zackary Bowman,2009,sec,25,25-28,CHI,6,48,16,12
JamesBoyd25JAX2002,James Boyd,2002,sec,25,25-28,JAX,4,243,10,0
JeromeBoyd25OAK2011,Jerome Boyd,2011,sec,25,25-28,OAK,Undrafted,Undrafted,14,1
BrandonBoykin25PIT2015,Brandon Boykin,2015,sec,25,25-28,PIT,5,28,16,1
TyronBrackenridge25JAX2009,Tyron Brackenridge,2009,sec,25,25-28,JAX,Undrafted,Undrafted,16,5
JamesBradberry25CAR2018,James Bradberry,2018,sec,25,25-28,CAR,3,208,7,7
MichaelBragg25KAN2006,Michael Bragg,2006,sec,25,25-28,KAN,Undrafted,Undrafted,4,0
TyvonBranch25OAK2011,Tyvon Branch,2011,sec,25,25-28,OAK,5,3,16,16
SamBrandon25DEN2004,Sam Brandon,2004,sec,25,25-28,DEN,5,37,9,0
BashaudBreeland25WAS2017,Bashaud Breeland,2017,sec,25,25-28,WAS,5,5,15,15
AaronBrewer25DEN2015,Aaron Brewer,2015,sec,25,25-28,DEN,Undrafted,Undrafted,16,0
JackBrewer25NYG2004,Jack Brewer,2004,sec,25,25-28,NYG,Undrafted,Undrafted,13,0
LamontBrightful25MIA2004,Lamont Brightful,2004,sec,25,25-28,MIA,7,105,2,0
BeauBrinkley25TEN2015,Beau Brinkley,2015,sec,25,25-28,TEN,Undrafted,Undrafted,16,0
TramaineBrock25SFO2013,Tramaine Brock,2013,sec,25,25-28,SFO,Undrafted,Undrafted,16,7
GregBrooks25CIN2005,Greg Brooks,2005,sec,25,25-28,CIN,7,92,11,0
RonBrooks25BUF2013,Ron Brooks,2013,sec,25,25-28,BUF,5,29,11,0
TerrenceBrooks25NYJ2017,Terrence Brooks,2017,sec,25,25-28,NYJ,4,226,15,1
AnthonyBrown25DAL2018,Anthony Brown,2018,sec,25,25-28,DAL,7,98,7,6
C.C.Brown25HOU2008,C.C. Brown,2008,sec,25,25-28,HOU,7,97,3,3
ChrisBrown25JAX2003,Chris Brown,2003,sec,25,25-28,JAX,Undrafted,Undrafted,4,0
ChykieBrown25BAL2011,Chykie Brown,2011,sec,25,25-28,BAL,6,71,7,0
CurtisBrown25PIT2013,Curtis Brown,2013,sec,25,25-28,PIT,4,244,7,0
EricBrown25DEN2000,Eric Brown,2000,sec,25,25-28,DEN,3,207,16,16
FakhirBrown25NOR2002,Fakhir Brown,2002,sec,25,25-28,NOR,Undrafted,Undrafted,12,0
JalilBrown25KAN2012,Jalil Brown,2012,sec,25,25-28,KAN,5,22,15,2
MikeBrown25CHI2003,Mike Brown,2003,sec,25,25-28,CHI,3,182,16,16
OmarBrown25BAL2013,Omar Brown,2013,sec,25,25-28,BAL,Undrafted,Undrafted,1,0
RalphBrown25NYG2003,Ralph Brown,2003,sec,25,25-28,NYG,6,46,11,7
SergioBrown25IND2013,Sergio Brown,2013,sec,25,25-28,IND,Undrafted,Undrafted,14,0
SheldonBrown25PHI2004,Sheldon Brown,2004,sec,25,25-28,PHI,3,204,16,16
StevieBrown25NYG2012,Stevie Brown,2012,sec,25,25-28,NYG,8,161,16,11
TarellBrown25SFO2010,Tarell Brown,2010,sec,25,25-28,SFO,6,53,15,0
DavidBruton25DEN2012,David Bruton,2012,sec,25,25-28,DEN,5,18,16,0
FernandoBryant25JAX2002,Fernando Bryant,2002,sec,25,25-28,JAX,1,166,16,16
PhillipBuchanon25HOU2005,Phillip Buchanon,2005,sec,25,25-28,HOU,1,77,10,6
MelvinBullitt25IND2009,Melvin Bullitt,2009,sec,25,25-28,IND,Undrafted,Undrafted,14,12
DanielBullocks25DET2008,Daniel Bullocks,2008,sec,25,25-28,DET,3,184,16,15
JoshBullocks25NOR2008,Josh Bullocks,2008,sec,25,25-28,NOR,3,184,16,6
MarcusBurley25SEA2015,Marcus Burley,2015,sec,25,25-28,SEA,Undrafted,Undrafted,13,1
MorganBurnett25GNB2014,Morgan Burnett,2014,sec,25,25-28,GNB,4,218,15,15
CurryBurns25WAS2006,Curry Burns,2006,sec,25,25-28,WAS,8,128,2,0
JustonBurris25NYJ2018,Juston Burris,2018,sec,25,25-28,NYJ,5,22,4,0
DeonBush25CHI2018,Deon Bush,2018,sec,25,25-28,CHI,5,29,7,0
JarrettBush25GNB2009,Jarrett Bush,2009,sec,25,25-28,GNB,Undrafted,Undrafted,16,3
JoshBush252TM2014,Josh Bush,2014,sec,25,25-28,2TM,7,96,5,0
RafaelBush25NOR2012,Rafael Bush,2012,sec,25,25-28,NOR,Undrafted,Undrafted,16,0
JohnBusing25CIN2008,John Busing,2008,sec,25,25-28,CIN,Undrafted,Undrafted,8,0
CrezdonButler253TM2012,Crezdon Butler,2012,sec,25,25-28,3TM,6,71,8,0
DariusButler25CAR2011,Darius Butler,2011,sec,25,25-28,CAR,3,185,13,6
JamesButler25NYG2007,James Butler,2007,sec,25,25-28,NYG,Undrafted,Undrafted,13,12
JerametriusButler25STL2003,Jerametrius Butler,2003,sec,25,25-28,STL,6,51,16,15
MalcolmButler25NWE2015,Malcolm Butler,2015,sec,25,25-28,NWE,Undrafted,Undrafted,16,16
QuincyButler25DAL2006,Quincy Butler,2006,sec,25,25-28,DAL,Undrafted,Undrafted,1,0
KevinByard25TEN2018,Kevin Byard,2018,sec,25,25-28,TEN,4,210,7,7
JairusByrd25BUF2011,Jairus Byrd,2011,sec,25,25-28,BUF,3,186,16,16
BryceCallahan25CHI2016,Bryce Callahan,2016,sec,25,25-28,CHI,Undrafted,Undrafted,11,10
IbraheimCampbell252TM2017,Ibraheim Campbell,2017,sec,25,25-28,2TM,5,19,9,2
LamarCampbell25DET2001,Lamar Campbell,2001,sec,25,25-28,DET,Undrafted,Undrafted,12,12
TommieCampbell25TEN2012,Tommie Campbell,2012,sec,25,25-28,TEN,8,161,14,0
KameronCanaday25PIT2017,Kameron Canaday,2017,sec,25,25-28,PIT,Undrafted,Undrafted,16,0
JoeCardona25NWE2017,Joe Cardona,2017,sec,25,25-28,NWE,6,73,16,0
DonCarey25DET2012,Don Carey,2012,sec,25,25-28,DET,7,85,9,6
SteveCargile25DEN2007,Steve Cargile,2007,sec,25,25-28,DEN,Undrafted,Undrafted,12,0
RocCarmichael25PHI2013,Roc Carmichael,2013,sec,25,25-28,PHI,5,32,13,2
KeionCarpenter25ATL2002,Keion Carpenter,2002,sec,25,25-28,ATL,Undrafted,Undrafted,16,16
BrandonCarr25KAN2011,Brandon Carr,2011,sec,25,25-28,KAN,6,46,16,16
ChrisCarr25TEN2008,Chris Carr,2008,sec,25,25-28,TEN,Undrafted,Undrafted,16,2
T.J.Carrie25OAK2015,T.J. Carrie,2015,sec,25,25-28,OAK,8,130,15,14
AhmadCarroll25NYJ2008,Ahmad Carroll,2008,sec,25,25-28,NYJ,1,159,16,0
NolanCarroll25MIA2012,Nolan Carroll,2012,sec,25,25-28,MIA,6,51,14,10
JeromeCarter25STL2007,Jerome Carter,2007,sec,25,25-28,STL,5,21,5,1
TonyCarter25DEN2011,Tony Carter,2011,sec,25,25-28,DEN,Undrafted,Undrafted,3,0
TyroneCarter25MIN2001,Tyrone Carter,2001,sec,25,25-28,MIN,5,22,15,7
JohndaleCarty25ATL2002,Johndale Carty,2002,sec,25,25-28,ATL,5,31,16,1
ChrisCash25ATL2005,Chris Cash,2005,sec,25,25-28,ATL,7,83,3,0
AntoineCason25SDG2011,Antoine Cason,2011,sec,25,25-28,SDG,1,167,16,14
SeanCattouse25CHI2013,Sean Cattouse,2013,sec,25,25-28,CHI,Undrafted,Undrafted,1,0
OliverCelestin25SEA2006,Oliver Celestin,2006,sec,25,25-28,SEA,Undrafted,Undrafted,13,0
KamChancellor25SEA2013,Kam Chancellor,2013,sec,25,25-28,SEA,6,38,16,16
LamarChapman25CLE2001,Lamar Chapman,2001,sec,25,25-28,CLE,6,52,1,0
IkeCharlton25JAX2002,Ike Charlton,2002,sec,25,25-28,JAX,3,197,15,0
CoreyChavous25ARI2001,Corey Chavous,2001,sec,25,25-28,ARI,3,176,14,14
ChimdiChekwa25OAK2013,Chimdi Chekwa,2013,sec,25,25-28,OAK,5,17,15,1
PatrickChung25NWE2012,Patrick Chung,2012,sec,25,25-28,NWE,3,177,12,8
BarryChurch25DAL2013,Barry Church,2013,sec,25,25-28,DAL,Undrafted,Undrafted,16,16
MorrisClaiborne25DAL2015,Morris Claiborne,2015,sec,25,25-28,DAL,1,205,11,11
RyanClark25WAS2004,Ryan Clark,2004,sec,25,25-28,WAS,Undrafted,Undrafted,15,11
NateClements25BUF2004,Nate Clements,2004,sec,25,25-28,BUF,1,120,16,16
ChrisClemons25MIA2010,Chris Clemons,2010,sec,25,25-28,MIA,6,72,15,14
HaHa Clinton-Dix25GNB2017,Ha Ha Clinton-Dix,2017,sec,25,25-28,GNB,1,120,16,16
RichCoady25STL2001,Rich Coady,2001,sec,25,25-28,STL,4,214,12,2
RossCockrell25PIT2016,Ross Cockrell,2016,sec,25,25-28,PIT,5,12,16,16
TayCody25SDG2002,Tay Cody,2002,sec,25,25-28,SDG,4,213,4,0
RicardoColclough25PIT2007,Ricardo Colclough,2007,sec,25,25-28,PIT,3,181,3,0
DrewColeman25NYJ2008,Drew Coleman,2008,sec,25,25-28,NYJ,7,98,9,0
ErikColeman25NYJ2007,Erik Coleman,2007,sec,25,25-28,NYJ,6,49,15,4
JustinColeman25SEA2018,Justin Coleman,2018,sec,25,25-28,SEA,Undrafted,Undrafted,7,1
KurtColeman25PHI2013,Kurt Coleman,2013,sec,25,25-28,PHI,8,153,15,0
NickCollins25GNB2008,Nick Collins,2008,sec,25,25-28,GNB,3,196,16,16
AaronColvin25JAX2016,Aaron Colvin,2016,sec,25,25-28,JAX,5,18,10,4
BrannonCondren252TM2008,Brannon Condren,2008,sec,25,25-28,2TM,5,37,5,0
SeanConsidine25PHI2006,Sean Considine,2006,sec,25,25-28,PHI,5,5,16,9
ChrisConte25CHI2014,Chris Conte,2014,sec,25,25-28,CHI,4,242,12,12
ChrisCook25MIN2012,Chris Cook,2012,sec,25,25-28,MIN,3,177,10,10
RashardCook25PHI2002,Rashard Cook,2002,sec,25,25-28,PHI,7,93,4,0
DekeCooper25CAR2002,Deke Cooper,2002,sec,25,25-28,CAR,Undrafted,Undrafted,10,0
WilliamGay25PIT2010,William Gay,2010,sec,25,25-28,PIT,6,78,16,4
ClaytonGeathers25IND2017,Clayton Geathers,2017,sec,25,25-28,IND,5,12,5,1
TonyGeorge25NWE2000,Tony George,2000,sec,25,25-28,NWE,4,240,15,0
DavidGibson252TM2002,David Gibson,2002,sec,25,25-28,2TM,7,103,16,9
JustinGilbert25PIT2016,Justin Gilbert,2016,sec,25,25-28,PIT,1,227,12,0
MarcusGilchrist25SDG2013,Marcus Gilchrist,2013,sec,25,25-28,SDG,3,195,16,16
StephonGilmore25BUF2015,Stephon Gilmore,2015,sec,25,25-28,BUF,1,2,12,12
MattGiordano25IND2007,Matt Giordano,2007,sec,25,25-28,IND,5,40,12,4
TashaunGipson25CLE2015,Tashaun Gipson,2015,sec,25,25-28,CLE,Undrafted,Undrafted,13,13
SteveGleason25NOR2002,Steve Gleason,2002,sec,25,25-28,NOR,Undrafted,Undrafted,14,0
CharlesGodfrey25CAR2010,Charles Godfrey,2010,sec,25,25-28,CAR,4,213,16,16
RobertGolden25PIT2015,Robert Golden,2015,sec,25,25-28,PIT,Undrafted,Undrafted,16,3
DashonGoldson25SFO2009,Dashon Goldson,2009,sec,25,25-28,SFO,5,31,16,16
BrettGoode25GNB2009,Brett Goode,2009,sec,25,25-28,GNB,Undrafted,Undrafted,16,0
Andre'Goodman25DET2003,Andre' Goodman,2003,sec,25,25-28,DET,4,214,3,3
DemetriGoodson25GNB2014,Demetri Goodson,2014,sec,25,25-28,GNB,7,107,6,0
CletisGordon25SDG2008,Cletis Gordon,2008,sec,25,25-28,SDG,Undrafted,Undrafted,14,1
JoshGordy25IND2012,Josh Gordy,2012,sec,25,25-28,IND,Undrafted,Undrafted,15,1
DannyGorrer25BAL2011,Danny Gorrer,2011,sec,25,25-28,BAL,Undrafted,Undrafted,11,0
CoreyGraham25CHI2010,Corey Graham,2010,sec,25,25-28,CHI,6,75,16,0
DeonGrant25JAX2004,Deon Grant,2004,sec,25,25-28,JAX,3,202,16,16
DwayneGratz25JAX2015,Dwayne Gratz,2015,sec,25,25-28,JAX,4,210,12,4
BobbyGray25CHI2003,Bobby Gray,2003,sec,25,25-28,CHI,6,46,16,9
EricGreen25ARI2007,Eric Green,2007,sec,25,25-28,ARI,4,222,11,11
MarshayGreen25ARI2011,Marshay Green,2011,sec,25,25-28,ARI,Undrafted,Undrafted,1,0
MichaelGreen25CHI2001,Michael Green,2001,sec,25,25-28,CHI,8,164,16,2
RayGreen25MIA2002,Ray Green,2002,sec,25,25-28,MIA,Undrafted,Undrafted,8,0
CourtneyGreene25JAX2011,Courtney Greene,2011,sec,25,25-28,JAX,8,154,7,2
JabariGreer25BUF2007,Jabari Greer,2007,sec,25,25-28,BUF,Undrafted,Undrafted,16,13
SteveGregory25SDG2008,Steve Gregory,2008,sec,25,25-28,SDG,Undrafted,Undrafted,15,3
ClintGresham25SEA2011,Clint Gresham,2011,sec,25,25-28,SEA,Undrafted,Undrafted,16,0
CedricGriffin25MIN2007,Cedric Griffin,2007,sec,25,25-28,MIN,3,192,16,16
MichaelGriffin25TEN2010,Michael Griffin,2010,sec,25,25-28,TEN,1,99,16,16
BrentGrimes25ATL2008,Brent Grimes,2008,sec,25,25-28,ATL,Undrafted,Undrafted,12,6
CodyGrimm25TAM2012,Cody Grimm,2012,sec,25,25-28,TAM,8,121,9,0
DeJuanGroce25STL2005,DeJuan Groce,2005,sec,25,25-28,STL,5,10,15,15
AaronGrymes25PHI2016,Aaron Grymes,2016,sec,25,25-28,PHI,Undrafted,Undrafted,1,0
JoseGumbs25WAS2013,Jose Gumbs,2013,sec,25,25-28,WAS,Undrafted,Undrafted,8,1
LadariusGunter252TM2017,Ladarius Gunter,2017,sec,25,25-28,2TM,Undrafted,Undrafted,5,0
WinstonGuy25IND2015,Winston Guy,2015,sec,25,25-28,IND,7,90,12,0
JoeHaden25CLE2014,Joe Haden,2014,sec,25,25-28,CLE,1,216,15,15
AndreHal25HOU2017,Andre Hal,2017,sec,25,25-28,HOU,8,127,16,16
CoryHall25CIN2001,Cory Hall,2001,sec,25,25-28,CIN,4,211,16,15
DeAngeloHall252TM2008,DeAngelo Hall,2008,sec,25,25-28,2TM,1,227,15,12
LeonHall25CIN2009,Leon Hall,2009,sec,25,25-28,CIN,1,88,16,16
AntonioHamilton25NYG2018,Antonio Hamilton,2018,sec,25,25-28,NYG,Undrafted,Undrafted,7,0
JakarHamilton25DAL2014,Jakar Hamilton,2014,sec,25,25-28,DAL,Undrafted,Undrafted,1,0
MarcusHamilton25TAM2009,Marcus Hamilton,2009,sec,25,25-28,TAM,8,154,1,0
KenHamlin25SEA2006,Ken Hamlin,2006,sec,25,25-28,SEA,3,186,16,16
MichaelHamlin252TM2010,Michael Hamlin,2010,sec,25,25-28,2TM,6,73,6,0
JoselioHanson25PHI2006,Joselio Hanson,2006,sec,25,25-28,PHI,Undrafted,Undrafted,16,1
RomanHarper25NOR2007,Roman Harper,2007,sec,25,25-28,NOR,3,187,16,16
AnthonyHarris25MIN2016,Anthony Harris,2016,sec,25,25-28,MIN,Undrafted,Undrafted,16,3
AntoineHarris25ATL2007,Antoine Harris,2007,sec,25,25-28,ATL,Undrafted,Undrafted,13,0
AntwanHarris25NWE2002,Antwan Harris,2002,sec,25,25-28,NWE,7,96,14,0
ChrisHarris25DEN2014,Chris Harris,2014,sec,25,25-28,DEN,Undrafted,Undrafted,16,16
ChrisHarris25CAR2007,Chris Harris,2007,sec,25,25-28,CAR,7,90,15,15
ClarkHarris25CIN2009,Clark Harris,2009,sec,25,25-28,CIN,8,152,11,0
CoreyHarris25KAN2001,Corey Harris,2001,sec,25,25-28,KAN,Undrafted,Undrafted,4,0
De'VanteHarris25TAM2018,De'Vante Harris,2018,sec,25,25-28,TAM,Undrafted,Undrafted,1,0
JoshHarris25ATL2014,Josh Harris,2014,sec,25,25-28,ATL,Undrafted,Undrafted,16,0
MarcusHarris25NYG2014,Marcus Harris,2014,sec,25,25-28,NYG,Undrafted,Undrafted,5,1
MikeHarris252TM2014,Mike Harris,2014,sec,25,25-28,2TM,7,84,5,1
QuentinHarris25ARI2002,Quentin Harris,2002,sec,25,25-28,ARI,Undrafted,Undrafted,6,0
TuffHarris25TEN2008,Tuff Harris,2008,sec,25,25-28,TEN,Undrafted,Undrafted,6,0
LloydHarrison25MIA2002,Lloyd Harrison,2002,sec,25,25-28,MIA,4,210,2,0
DerekHart25GNB2017,Derek Hart,2017,sec,25,25-28,GNB,Undrafted,Undrafted,2,0
TrevonHartfield25ARI2016,Trevon Hartfield,2016,sec,25,25-28,ARI,Undrafted,Undrafted,2,0
ShaunardHarts25KAN2003,Shaunard Harts,2003,sec,25,25-28,KAN,8,123,16,0
ArtrellHawkins25CIN2001,Artrell Hawkins,2001,sec,25,25-28,CIN,3,187,14,13
ChrisHawkins25TEN2011,Chris Hawkins,2011,sec,25,25-28,TEN,Undrafted,Undrafted,9,0
JoshHawkins25CAR2018,Josh Hawkins,2018,sec,25,25-28,CAR,Undrafted,Undrafted,5,0
DuaneHawthorne25DAL2001,Duane Hawthorne,2001,sec,25,25-28,DAL,Undrafted,Undrafted,16,11
MichaelHawthorne25NOR2002,Michael Hawthorne,2002,sec,25,25-28,NOR,7,105,6,4
D.J.Hayden25OAK2015,D.J. Hayden,2015,sec,25,25-28,OAK,1,24,16,13
KelvinHayden25IND2008,Kelvin Hayden,2008,sec,25,25-28,IND,3,206,10,10
CaseyHayward25GNB2014,Casey Hayward,2014,sec,25,25-28,GNB,3,208,16,1
RonnieHeard25SFO2001,Ronnie Heard,2001,sec,25,25-28,SFO,Undrafted,Undrafted,16,0
JeffHeath25DAL2016,Jeff Heath,2016,sec,25,25-28,DAL,Undrafted,Undrafted,16,0
AnthonyHenry25CLE2001,Anthony Henry,2001,sec,25,25-28,CLE,5,246,16,2
KimHerring25BAL2000,Kim Herring,2000,sec,25,25-28,BAL,3,203,16,16
LaMarcusHicks25DET2008,LaMarcus Hicks,2008,sec,25,25-28,DET,Undrafted,Undrafted,7,0
RaionHill25BUF2001,Raion Hill,2001,sec,25,25-28,BUF,Undrafted,Undrafted,15,13
RayHill252TM2000,Ray Hill,2000,sec,25,25-28,2TM,Undrafted,Undrafted,8,0
RenaldoHill25ARI2003,Renaldo Hill,2003,sec,25,25-28,ARI,8,112,14,14
ReynaldoHill25TEN2007,Reynaldo Hill,2007,sec,25,25-28,TEN,8,129,13,2
TroyHill25LAR2016,Troy Hill,2016,sec,25,25-28,LAR,Undrafted,Undrafted,12,4
TyeHill25STL2007,Tye Hill,2007,sec,25,25-28,STL,1,56,8,7
WillHill25BAL2015,Will Hill,2015,sec,25,25-28,BAL,Undrafted,Undrafted,16,14
EllisHobbs25NWE2008,Ellis Hobbs,2008,sec,25,25-28,NWE,4,232,16,16
KevinHobbs25SEA2008,Kevin Hobbs,2008,sec,25,25-28,SEA,Undrafted,Undrafted,14,0
NathanHodel25ARI2002,Nathan Hodel,2002,sec,25,25-28,ARI,Undrafted,Undrafted,16,0
DavenHolly25CLE2007,Daven Holly,2007,sec,25,25-28,CLE,8,126,15,6
RashadHolman25SFO2003,Rashad Holman,2003,sec,25,25-28,SFO,7,87,14,0
TerrenceHolt25DET2005,Terrence Holt,2005,sec,25,25-28,DET,6,42,10,10
RoderickHood25PHI2006,Roderick Hood,2006,sec,25,25-28,PHI,Undrafted,Undrafted,10,5
ChrisHope25PIT2005,Chris Hope,2005,sec,25,25-28,PIT,4,243,16,16
ChrisHorton25WAS2009,Chris Horton,2009,sec,25,25-28,WAS,8,158,8,5
JasonHorton25GNB2005,Jason Horton,2005,sec,25,25-28,GNB,Undrafted,Undrafted,9,0
JayronHosley25NYG2015,Jayron Hosley,2015,sec,25,25-28,NYG,4,243,14,6
JacobLacey25DET2012,Jacob Lacey,2012,sec,25,25-28,DET,Undrafted,Undrafted,11,9
L.P.Ladouceur25DAL2006,L.P. Ladouceur,2006,sec,25,25-28,DAL,Undrafted,Undrafted,16,0
DawanLandry25BAL2007,Dawan Landry,2007,sec,25,25-28,BAL,6,52,16,16
LaRonLandry25WAS2009,LaRon Landry,2009,sec,25,25-28,WAS,1,205,15,15
JeremyLane25SEA2015,Jeremy Lane,2015,sec,25,25-28,SEA,7,80,6,2
ReshardLangford25KAN2011,Reshard Langford,2011,sec,25,25-28,KAN,Undrafted,Undrafted,11,2
EllisLankster25NYJ2012,Ellis Lankster,2012,sec,25,25-28,NYJ,8,132,15,1
KareemLarrimore25DAL2001,Kareem Larrimore,2001,sec,25,25-28,DAL,5,12,4,2
GerardLawson25PHI2010,Gerard Lawson,2010,sec,25,25-28,PHI,Undrafted,Undrafted,1,0
NevinLawson25DET2016,Nevin Lawson,2016,sec,25,25-28,DET,5,38,16,16
JoeLefeged25IND2013,Joe Lefeged,2013,sec,25,25-28,IND,Undrafted,Undrafted,4,0
MichaelLehan25CLE2004,Michael Lehan,2004,sec,25,25-28,CLE,6,59,10,2
NormanLeJeune25MIA2005,Norman LeJeune,2005,sec,25,25-28,MIA,8,153,5,0
JimLeonhard25BUF2007,Jim Leonhard,2007,sec,25,25-28,BUF,Undrafted,Undrafted,13,6
RobertLester25CAR2013,Robert Lester,2013,sec,25,25-28,CAR,Undrafted,Undrafted,12,4
JeremyLeSueur25NYJ2005,Jeremy LeSueur,2005,sec,25,25-28,NYJ,4,233,2,0
KeenanLewis25PIT2011,Keenan Lewis,2011,sec,25,25-28,PIT,4,245,16,1
KeithLewis25SFO2006,Keith Lewis,2006,sec,25,25-28,SFO,7,108,16,9
KendrickLewis25KAN2013,Kendrick Lewis,2013,sec,25,25-28,KAN,6,41,16,15
LeQuanLewis25NYJ2014,LeQuan Lewis,2014,sec,25,25-28,NYJ,Undrafted,Undrafted,1,0
MichaelLewis25PHI2005,Michael Lewis,2005,sec,25,25-28,PHI,3,203,16,16
MyronLewis25TAM2012,Myron Lewis,2012,sec,25,25-28,TAM,4,213,8,0
RoyLewis25SEA2010,Roy Lewis,2010,sec,25,25-28,SEA,Undrafted,Undrafted,14,0
ChrisLewis-Harris25CIN2014,Chris Lewis-Harris,2014,sec,25,25-28,CIN,Undrafted,Undrafted,4,0
CullenLoeffler25MIN2006,Cullen Loeffler,2006,sec,25,25-28,MIN,Undrafted,Undrafted,16,0
CraigLoston25JAX2014,Craig Loston,2014,sec,25,25-28,JAX,Undrafted,Undrafted,13,0
AndreLott25WAS2004,Andre Lott,2004,sec,25,25-28,WAS,6,65,4,3
RickLovato25PHI2017,Rick Lovato,2017,sec,25,25-28,PHI,Undrafted,Undrafted,16,0
OmareLowe25NYJ2003,Omare Lowe,2003,sec,25,25-28,NYJ,6,68,2,0
DwightLowery25JAX2011,Dwight Lowery,2011,sec,25,25-28,JAX,5,17,13,11
CalvinLowry252TM2008,Calvin Lowry,2008,sec,25,25-28,2TM,5,5,16,3
JustinLucas25ARI2001,Justin Lucas,2001,sec,25,25-28,ARI,Undrafted,Undrafted,13,4
KenLucas25SEA2004,Ken Lucas,2004,sec,25,25-28,SEA,3,184,16,16
CoreyLynch25TAM2010,Corey Lynch,2010,sec,25,25-28,TAM,7,85,16,5
ElbertMack25TAM2011,Elbert Mack,2011,sec,25,25-28,TAM,Undrafted,Undrafted,16,1
DavidMacklin25IND2003,David Macklin,2003,sec,25,25-28,IND,4,240,16,4
AnthonyMadison25PIT2006,Anthony Madison,2006,sec,25,25-28,PIT,Undrafted,Undrafted,13,0
JoeMaese25BAL2003,Joe Maese,2003,sec,25,25-28,BAL,7,104,16,0
DaniealManning25CHI2007,Danieal Manning,2007,sec,25,25-28,CHI,3,186,16,15
RickyManning25CAR2005,Ricky Manning,2005,sec,25,25-28,CAR,4,230,16,3
MarquandManuel25SEA2004,Marquand Manuel,2004,sec,25,25-28,SEA,7,90,15,0
ChrisMaragos25SEA2012,Chris Maragos,2012,sec,25,25-28,SEA,Undrafted,Undrafted,16,0
CurtisMarsh252TM2013,Curtis Marsh,2013,sec,25,25-28,2TM,4,239,4,0
RichardMarshall25CAR2009,Richard Marshall,2009,sec,25,25-28,CAR,3,203,16,16
DerrickMartin25GNB2010,Derrick Martin,2010,sec,25,25-28,GNB,7,118,5,0
SherrodMartin25CAR2009,Sherrod Martin,2009,sec,25,25-28,CAR,3,204,16,5
TyrannMathieu25ARI2017,Tyrann Mathieu,2017,sec,25,25-28,ARI,4,215,16,16
RasheanMathis25JAX2005,Rashean Mathis,2005,sec,25,25-28,JAX,3,182,16,16
ArthurMaulet252TM2018,Arthur Maulet,2018,sec,25,25-28,2TM,Undrafted,Undrafted,4,1
ByronMaxwell25SEA2013,Byron Maxwell,2013,sec,25,25-28,SEA,7,81,16,5
MarcusMaye25NYJ2018,Marcus Maye,2018,sec,25,25-28,NYJ,3,182,4,4
ShawnMayer25NWE2004,Shawn Mayer,2004,sec,25,25-28,NWE,Undrafted,Undrafted,3,0
AdrianMayes25ARI2005,Adrian Mayes,2005,sec,25,25-28,ARI,Undrafted,Undrafted,3,0
TaylorMays25CIN2013,Taylor Mays,2013,sec,25,25-28,CIN,3,193,8,1
ChrisMcAlister25BAL2002,Chris McAlister,2002,sec,25,25-28,BAL,1,2,13,12
DarcelMcBath25DEN2010,Darcel McBath,2010,sec,25,25-28,DEN,3,192,7,1
TodMcBride25GNB2001,Tod McBride,2001,sec,25,25-28,GNB,Undrafted,Undrafted,16,0
TrumaineMcBride25ARI2010,Trumaine McBride,2010,sec,25,25-28,ARI,8,133,14,0
KevinMcCadam25ATL2004,Kevin McCadam,2004,sec,25,25-28,ATL,6,54,16,2
BobbyMcCain25MIA2018,Bobby McCain,2018,sec,25,25-28,MIA,6,51,6,6
BriceMcCain25HOU2011,Brice McCain,2011,sec,25,25-28,HOU,7,97,16,0
OnterioMcCalebb25CIN2014,Onterio McCalebb,2014,sec,25,25-28,CIN,Undrafted,Undrafted,1,0
BryanMcCann25MIA2012,Bryan McCann,2012,sec,25,25-28,MIA,Undrafted,Undrafted,8,0
KyleMcCarthy25DEN2011,Kyle McCarthy,2011,sec,25,25-28,DEN,Undrafted,Undrafted,4,0
MarcusMcCauley25MIN2008,Marcus McCauley,2008,sec,25,25-28,MIN,4,219,10,1
RobertMcClain25ATL2013,Robert McClain,2013,sec,25,25-28,ATL,8,158,16,6
DexterMcCoil25SDG2016,Dexter McCoil,2016,sec,25,25-28,SDG,Undrafted,Undrafted,16,2
DevinMcCourty25NWE2012,Devin McCourty,2012,sec,25,25-28,NWE,1,167,16,16
JasonMcCourty25TEN2012,Jason McCourty,2012,sec,25,25-28,TEN,7,113,16,16
DannyMcCray25DAL2013,Danny McCray,2013,sec,25,25-28,DAL,Undrafted,Undrafted,15,0
KelcieMcCray252TM2013,Kelcie McCray,2013,sec,25,25-28,2TM,Undrafted,Undrafted,15,0
MarlonMcCree25JAX2002,Marlon McCree,2002,sec,25,25-28,JAX,8,144,16,16
GeorgeMcCullough25TEN2000,George McCullough,2000,sec,25,25-28,TEN,6,49,11,0
DaylonMcCutcheon25CLE2001,Daylon McCutcheon,2001,sec,25,25-28,CLE,4,208,16,15
KevinMcDermott25MIN2015,Kevin McDermott,2015,sec,25,25-28,MIN,Undrafted,Undrafted,16,0
SeanMcDermott25TAM2001,Sean McDermott,2001,sec,25,25-28,TAM,Undrafted,Undrafted,16,0
BrandonMcDonald252TM2010,Brandon McDonald,2010,sec,25,25-28,2TM,6,46,8,2
DeweyMcDonald253TM2015,Dewey McDonald,2015,sec,25,25-28,3TM,Undrafted,Undrafted,3,0
DexterMcDonald25OAK2016,Dexter McDonald,2016,sec,25,25-28,OAK,8,151,6,0
T.J.McDonald25LAR2016,T.J. McDonald,2016,sec,25,25-28,LAR,4,218,16,16
BradleyMcDougald25TAM2015,Bradley McDougald,2015,sec,25,25-28,TAM,Undrafted,Undrafted,16,15
DexterMcDougle25NYJ2016,Dexter McDougle,2016,sec,25,25-28,NYJ,4,228,6,0
BryantMcFadden25PIT2006,Bryant McFadden,2006,sec,25,25-28,PIT,3,208,16,9
LeonMcFadden25NYG2015,Leon McFadden,2015,sec,25,25-28,NYG,4,214,2,0
WalterMcFadden25PIT2012,Walter McFadden,2012,sec,25,25-28,PIT,6,43,0,NA
BrandonMcGee25NYG2015,Brandon McGee,2015,sec,25,25-28,NYG,6,55,1,0
TerrenceMcGee25BUF2005,Terrence McGee,2005,sec,25,25-28,BUF,5,15,15,14
KeithMcGill25OAK2014,Keith McGill,2014,sec,25,25-28,OAK,5,20,12,1
BrandonMcGowan25CHI2008,Brandon McGowan,2008,sec,25,25-28,CHI,Undrafted,Undrafted,2,1
JonMcGraw25NYJ2004,Jon McGraw,2004,sec,25,25-28,NYJ,3,202,12,1
LeodisMcKelvin25BUF2010,Leodis McKelvin,2010,sec,25,25-28,BUF,1,13,16,14
MikeMcKenzie25GNB2001,Mike McKenzie,2001,sec,25,25-28,GNB,4,235,16,16
RodneyMcLeod25STL2015,Rodney McLeod,2015,sec,25,25-28,STL,Undrafted,Undrafted,16,16
SherrickMcManis25CHI2012,Sherrick McManis,2012,sec,25,25-28,CHI,6,50,12,0
JakeMcQuaide25STL2012,Jake McQuaide,2012,sec,25,25-28,STL,Undrafted,Undrafted,16,0
R.W.McQuarters25CHI2001,R.W. McQuarters,2001,sec,25,25-28,CHI,1,168,16,16
TonyMcRae25CIN2018,Tony McRae,2018,sec,25,25-28,CIN,Undrafted,Undrafted,8,1
JonathanMeeks25BUF2014,Jonathan Meeks,2014,sec,25,25-28,BUF,6,49,0,NA
RashaanMelvin252TM2014,Rashaan Melvin,2014,sec,25,25-28,2TM,Undrafted,Undrafted,3,2
BrandonMeriweather25NWE2009,Brandon Meriweather,2009,sec,25,25-28,NWE,1,149,16,16
JustinSimmons25DEN2018,Justin Simmons,2018,sec,25,25-28,DEN,4,247,8,8
TharoldSimon25ARI2016,Tharold Simon,2016,sec,25,25-28,ARI,6,43,9,0
ChadSimpson25WAS2010,Chad Simpson,2010,sec,25,25-28,WAS,Undrafted,Undrafted,3,0
KoSimpson25BUF2008,Ko Simpson,2008,sec,25,25-28,BUF,5,8,16,11
LeShaunSims25TEN2018,LeShaun Sims,2018,sec,25,25-28,TEN,6,63,7,0
BusterSkrine25CLE2014,Buster Skrine,2014,sec,25,25-28,CLE,6,42,16,16
DariusSlay25DET2016,Darius Slay,2016,sec,25,25-28,DET,3,179,13,13
AlphonsoSmith25DET2010,Alphonso Smith,2010,sec,25,25-28,DET,3,180,12,10
AnthonySmith25PIT2008,Anthony Smith,2008,sec,25,25-28,PIT,4,231,14,0
DerronSmith252TM2017,Derron Smith,2017,sec,25,25-28,2TM,7,107,10,0
DwightSmith25TAM2003,Dwight Smith,2003,sec,25,25-28,TAM,4,232,16,16
EricSmith25NYJ2008,Eric Smith,2008,sec,25,25-28,NYJ,4,246,9,6
HarrisonSmith25MIN2014,Harrison Smith,2014,sec,25,25-28,MIN,1,169,16,16
JimmySmith25BAL2013,Jimmy Smith,2013,sec,25,25-28,BAL,1,167,16,16
KeithSmith25DET2005,Keith Smith,2005,sec,25,25-28,DET,4,220,15,2
MarquisSmith25CLE2000,Marquis Smith,2000,sec,25,25-28,CLE,4,223,16,16
ReggieSmith25SFO2011,Reggie Smith,2011,sec,25,25-28,SFO,4,222,16,0
RyanSmith25TAM2018,Ryan Smith,2018,sec,25,25-28,TAM,5,11,7,3
SeanSmith25MIA2012,Sean Smith,2012,sec,25,25-28,MIA,3,207,16,16
FredSmoot25WAS2004,Fred Smoot,2004,sec,25,25-28,WAS,3,189,15,15
MikeSolwold25TAM2002,Mike Solwold,2002,sec,25,25-28,TAM,Undrafted,Undrafted,4,0
DanielSorensen25KAN2015,Daniel Sorensen,2015,sec,25,25-28,KAN,Undrafted,Undrafted,16,0
NickSorensen25JAX2003,Nick Sorensen,2003,sec,25,25-28,JAX,Undrafted,Undrafted,14,0
DezmenSouthward25ATL2015,Dezmen Southward,2015,sec,25,25-28,ATL,4,214,3,0
AntwainSpann25NWE2008,Antwain Spann,2008,sec,25,25-28,NWE,Undrafted,Undrafted,10,0
ShawntaeSpencer25SFO2007,Shawntae Spencer,2007,sec,25,25-28,SFO,3,203,11,1
C.J.Spillman25SFO2011,C.J. Spillman,2011,sec,25,25-28,SFO,Undrafted,Undrafted,16,0
ShawnSprings25SEA2000,Shawn Springs,2000,sec,25,25-28,SEA,1,170,16,16
BradSt. Louis25CIN2001,Brad St. Louis,2001,sec,25,25-28,CIN,8,121,11,0
DaimionStafford25TEN2016,Daimion Stafford,2016,sec,25,25-28,TEN,8,157,15,6
R.J.Stanford25MIA2013,R.J. Stanford,2013,sec,25,25-28,MIA,8,135,13,0
ScottStarks25JAX2008,Scott Starks,2008,sec,25,25-28,JAX,4,235,1,0
CraigSteltz25CHI2011,Craig Steltz,2011,sec,25,25-28,CHI,5,25,16,5
ReggieStephens25NYG2000,Reggie Stephens,2000,sec,25,25-28,NYG,Undrafted,Undrafted,15,1
DarianStewart25STL2013,Darian Stewart,2013,sec,25,25-28,STL,Undrafted,Undrafted,13,6
DerrickStrait25NYJ2005,Derrick Strait,2005,sec,25,25-28,NYJ,4,223,16,2
DonaldStrickland252TM2005,Donald Strickland,2005,sec,25,25-28,2TM,4,239,4,0
DarrellStuckey25SDG2012,Darrell Stuckey,2012,sec,25,25-28,SDG,5,14,12,0
BooneStutz252TM2007,Boone Stutz,2007,sec,25,25-28,2TM,Undrafted,Undrafted,12,0
RussellStuvaints25PIT2005,Russell Stuvaints,2005,sec,25,25-28,PIT,Undrafted,Undrafted,4,0
NickSundberg25WAS2012,Nick Sundberg,2012,sec,25,25-28,WAS,Undrafted,Undrafted,8,0
KywinSupernaw25DET2000,Kywin Supernaw,2000,sec,25,25-28,DET,Undrafted,Undrafted,13,3
PatrickSurtain25MIA2001,Patrick Surtain,2001,sec,25,25-28,MIA,3,188,16,16
D.J.Swearinger25ARI2016,D.J. Swearinger,2016,sec,25,25-28,ARI,3,202,16,12
ErwinSwiney25GNB2003,Erwin Swiney,2003,sec,25,25-28,GNB,Undrafted,Undrafted,6,0
AqibTalib25TAM2011,Aqib Talib,2011,sec,25,25-28,TAM,1,109,13,13
KeithTandy25TAM2014,Keith Tandy,2014,sec,25,25-28,TAM,7,82,15,0
CordreaTankersley25MIA2018,Cordrea Tankersley,2018,sec,25,25-28,MIA,4,246,6,0
JaquiskiTartt25SFO2017,Jaquiski Tartt,2017,sec,25,25-28,SFO,3,190,9,8
CooperTaylor25NYG2015,Cooper Taylor,2015,sec,25,25-28,NYG,6,59,6,0
CurtisTaylor25SFO2010,Curtis Taylor,2010,sec,25,25-28,SFO,8,130,5,0
IkeTaylor25PIT2005,Ike Taylor,2005,sec,25,25-28,PIT,5,30,16,15
JamarTaylor25MIA2015,Jamar Taylor,2015,sec,25,25-28,MIA,3,199,12,6
QuintonTeal25CAR2009,Quinton Teal,2009,sec,25,25-28,CAR,Undrafted,Undrafted,16,3
DavidTerrell25WAS2000,David Terrell,2000,sec,25,25-28,WAS,8,101,16,0
StevenTerrell25SEA2015,Steven Terrell,2015,sec,25,25-28,SEA,Undrafted,Undrafted,12,0
RobensonTherezie25ATL2016,Robenson Therezie,2016,sec,25,25-28,ATL,Undrafted,Undrafted,12,0
DymonteThomas25DEN2018,Dymonte Thomas,2018,sec,25,25-28,DEN,Undrafted,Undrafted,6,0
EarlThomas25SEA2014,Earl Thomas,2014,sec,25,25-28,SEA,1,45,16,16
JoeyThomas252TM2005,Joey Thomas,2005,sec,25,25-28,2TM,4,217,11,1
JoshThomas253TM2014,Josh Thomas,2014,sec,25,25-28,3TM,6,49,5,0
KevinThomas25BUF2003,Kevin Thomas,2003,sec,25,25-28,BUF,7,84,16,1
KevinThomas25IND2011,Kevin Thomas,2011,sec,25,25-28,IND,4,243,9,5
KiwaukeeThomas25JAX2002,Kiwaukee Thomas,2002,sec,25,25-28,JAX,6,65,16,0
MichaelThomas25MIA2015,Michael Thomas,2015,sec,25,25-28,MIA,Undrafted,Undrafted,16,13
PhillipThomas25WAS2014,Phillip Thomas,2014,sec,25,25-28,WAS,5,23,8,4
ShamarkoThomas25PIT2016,Shamarko Thomas,2016,sec,25,25-28,PIT,5,15,8,0
TerrellThomas25NYG2010,Terrell Thomas,2010,sec,25,25-28,NYG,3,209,16,16
LamontThompson25TEN2003,Lamont Thompson,2003,sec,25,25-28,TEN,3,185,16,0
PeytonThompson25JAX2015,Peyton Thompson,2015,sec,25,25-28,JAX,Undrafted,Undrafted,15,0
BruceThornton25SFO2005,Bruce Thornton,2005,sec,25,25-28,SFO,5,26,12,11
NeikoThorpe25OAK2015,Neiko Thorpe,2015,sec,25,25-28,OAK,Undrafted,Undrafted,14,2
WalterThurmond25SEA2012,Walter Thurmond,2012,sec,25,25-28,SEA,5,15,2,1
CharlesTillman25CHI2006,Charles Tillman,2006,sec,25,25-28,CHI,3,178,14,14
PatTillman25ARI2001,Pat Tillman,2001,sec,25,25-28,ARI,8,138,12,12
CarsonTinker25JAX2014,Carson Tinker,2014,sec,25,25-28,JAX,Undrafted,Undrafted,16,0
GregToler25ARI2010,Greg Toler,2010,sec,25,25-28,ARI,5,37,14,13
LeighTorrence25WAS2007,Leigh Torrence,2007,sec,25,25-28,WAS,Undrafted,Undrafted,16,1
DesheaTownsend25PIT2000,Deshea Townsend,2000,sec,25,25-28,PIT,5,21,16,0
BryndenTrawick25BAL2014,Brynden Trawick,2014,sec,25,25-28,BAL,Undrafted,Undrafted,14,0
MorganTrent25CIN2010,Morgan Trent,2010,sec,25,25-28,CIN,7,87,8,1
DesmondTrufant25ATL2015,Desmond Trufant,2015,sec,25,25-28,ATL,1,131,16,16
MarcusTrufant25SEA2005,Marcus Trufant,2005,sec,25,25-28,SEA,1,13,15,15
JustinTryon25WAS2009,Justin Tryon,2009,sec,25,25-28,WAS,5,29,15,2
B.J.Tucker25SFO2005,B.J. Tucker,2005,sec,25,25-28,SFO,7,86,6,0
NickTurnbull252TM2006,Nick Turnbull,2006,sec,25,25-28,2TM,Undrafted,Undrafted,3,0
MichaelTyson25HOU2018,Michael Tyson,2018,sec,25,25-28,HOU,7,96,3,1
KennyVaccaro25NOR2016,Kenny Vaccaro,2016,sec,25,25-28,NOR,1,56,11,11
EricVance25TAM2000,Eric Vance,2000,sec,25,25-28,TAM,Undrafted,Undrafted,14,0
NathanVasher25CHI2006,Nathan Vasher,2006,sec,25,25-28,CHI,5,14,14,13
CassiusVaughn25IND2012,Cassius Vaughn,2012,sec,25,25-28,IND,Undrafted,Undrafted,16,11
ChipVaughn25IND2010,Chip Vaughn,2010,sec,25,25-28,IND,5,20,3,0
DarrickVaughn25HOU2003,Darrick Vaughn,2003,sec,25,25-28,HOU,8,122,16,0
RaymondVentrone25CLE2011,Raymond Ventrone,2011,sec,25,25-28,CLE,Undrafted,Undrafted,14,0
RossVentrone25NWE2011,Ross Ventrone,2011,sec,25,25-28,NWE,Undrafted,Undrafted,8,0
AlterraunVerner25TEN2013,Alterraun Verner,2013,sec,25,25-28,TEN,5,7,16,16
JasonVerrett25SDG2016,Jason Verrett,2016,sec,25,25-28,SDG,1,159,4,4
JoshVictorian25HOU2013,Josh Victorian,2013,sec,25,25-28,HOU,Undrafted,Undrafted,8,0
JonathanWade25STL2009,Jonathan Wade,2009,sec,25,25-28,STL,4,232,15,4
FrankWalker25NYG2006,Frank Walker,2006,sec,25,25-28,NYG,7,117,11,1
JoeWalker25IND2002,Joe Walker,2002,sec,25,25-28,IND,Undrafted,Undrafted,5,0
DarrinWalls25NYJ2013,Darrin Walls,2013,sec,25,25-28,NYJ,Undrafted,Undrafted,16,3
LennyWalls25DEN2004,Lenny Walls,2004,sec,25,25-28,DEN,Undrafted,Undrafted,7,1
RaymondWalls25BAL2004,Raymond Walls,2004,sec,25,25-28,BAL,6,59,16,1
AnthonyWalters25CHI2013,Anthony Walters,2013,sec,25,25-28,CHI,Undrafted,Undrafted,13,0
TimWansley25TAM2003,Tim Wansley,2003,sec,25,25-28,TAM,8,144,12,6
JimmieWard25SFO2016,Jimmie Ward,2016,sec,25,25-28,SFO,1,171,11,10
T.J.Ward25CLE2011,T.J. Ward,2011,sec,25,25-28,CLE,3,181,8,8
MattWare25ARI2007,Matt Ware,2007,sec,25,25-28,ARI,4,237,15,0
EricWarfield25KAN2001,Eric Warfield,2001,sec,25,25-28,KAN,8,127,16,16
GregWarren25PIT2006,Greg Warren,2006,sec,25,25-28,PIT,Undrafted,Undrafted,16,0
CharlesWashington25DET2018,Charles Washington,2018,sec,25,25-28,DET,Undrafted,Undrafted,7,0
DonaldWashington25KAN2011,Donald Washington,2011,sec,25,25-28,KAN,5,5,12,3
FabianWashington25BAL2008,Fabian Washington,2008,sec,25,25-28,BAL,1,141,12,12
RashadWashington25NYJ2005,Rashad Washington,2005,sec,25,25-28,NYJ,8,146,16,0
JaylenWatkins25PHI2016,Jaylen Watkins,2016,sec,25,25-28,PHI,5,4,16,4
PatWatkins25DAL2007,Pat Watkins,2007,sec,25,25-28,DAL,6,43,14,0
ChrisWatson25BUF2002,Chris Watson,2002,sec,25,25-28,BUF,4,213,14,8
TraeWaynes25MIN2017,Trae Waynes,2017,sec,25,25-28,MIN,1,13,16,16
B.W.Webb25TEN2015,B.W. Webb,2015,sec,25,25-28,TEN,5,18,9,2
LardariusWebb25BAL2010,Lardarius Webb,2010,sec,25,25-28,BAL,4,236,15,0
CoreyWebster25NYG2007,Corey Webster,2007,sec,25,25-28,NYG,3,187,14,3
JasonWebster25SFO2002,Jason Webster,2002,sec,25,25-28,SFO,3,192,16,16
KayvonWebster25DEN2016,Kayvon Webster,2016,sec,25,25-28,DEN,4,239,13,0
EricWeddle25SDG2010,Eric Weddle,2010,sec,25,25-28,SDG,3,180,16,16
JonWeeks25HOU2011,Jon Weeks,2011,sec,25,25-28,HOU,Undrafted,Undrafted,16,0
JohnWendling25BUF2008,John Wendling,2008,sec,25,25-28,BUF,7,93,16,0
DanteWesley25CAR2004,Dante Wesley,2004,sec,25,25-28,CAR,5,3,13,0
GregWesley25KAN2003,Greg Wesley,2003,sec,25,25-28,KAN,4,233,16,16
ByronWestbrook25WAS2010,Byron Westbrook,2010,sec,25,25-28,WAS,Undrafted,Undrafted,16,0
TerrenceWheatley25JAX2010,Terrence Wheatley,2010,sec,25,25-28,JAX,3,208,1,0
CoreyWhite252TM2015,Corey White,2015,sec,25,25-28,2TM,6,69,10,1
MarvinWhite25CIN2008,Marvin White,2008,sec,25,25-28,CIN,5,18,12,10
JermaineWhitehead25GNB2018,Jermaine Whitehead,2018,sec,25,25-28,GNB,Undrafted,Undrafted,6,2
JamesWhitley25GNB2004,James Whitley,2004,sec,25,25-28,GNB,Undrafted,Undrafted,6,0
DonteWhitner25BUF2010,Donte Whitner,2010,sec,25,25-28,BUF,1,227,16,16
J.J.Wilcox25DAL2016,J.J. Wilcox,2016,sec,25,25-28,DAL,4,228,13,4
JonathanWilhite25NWE2009,Jonathan Wilhite,2009,sec,25,25-28,NWE,5,34,14,8
AaronWilliams25BUF2015,Aaron Williams,2015,sec,25,25-28,BUF,3,177,3,3
BrandonWilliams25ARI2017,Brandon Williams,2017,sec,25,25-28,ARI,4,241,16,0
BrianWilliams25MIN2004,Brian Williams,2004,sec,25,25-28,MIN,5,8,16,16
BrockWilliams25OAK2004,Brock Williams,2004,sec,25,25-28,OAK,4,234,2,0
CaryWilliams252TM2009,Cary Williams,2009,sec,25,25-28,2TM,8,140,9,1
ChadWilliams25BAL2004,Chad Williams,2004,sec,25,25-28,BAL,7,119,16,1
DariousWilliams25BAL2018,Darious Williams,2018,sec,25,25-28,BAL,Undrafted,Undrafted,3,0
DukeWilliams25BUF2015,Duke Williams,2015,sec,25,25-28,BUF,5,8,16,4
ElijahWilliams25ATL2000,Elijah Williams,2000,sec,25,25-28,ATL,7,73,15,3
JimmyWilliams25SFO2004,Jimmy Williams,2004,sec,25,25-28,SFO,7,106,12,6
KevinWilliams252TM2000,Kevin Williams,2000,sec,25,25-28,2TM,4,235,11,7
MadieuWilliams25CIN2006,Madieu Williams,2006,sec,25,25-28,CIN,3,201,16,16
MalcolmWilliams25NWE2012,Malcolm Williams,2012,sec,25,25-28,NWE,8,130,2,0
MarcusWilliams25NYJ2016,Marcus Williams,2016,sec,25,25-28,NYJ,Undrafted,Undrafted,13,4
P.J.Williams25NOR2018,P.J. Williams,2018,sec,25,25-28,NOR,4,225,6,2
RandalWilliams25DAL2003,Randal Williams,2003,sec,25,25-28,DAL,Undrafted,Undrafted,15,0
RooseveltWilliams25CLE2003,Roosevelt Williams,2003,sec,25,25-28,CLE,4,219,7,3
RoyWilliams25DAL2005,Roy Williams,2005,sec,25,25-28,DAL,1,227,16,16
ShaunWilliams25NYG2001,Shaun Williams,2001,sec,25,25-28,NYG,1,149,16,16
ShawnWilliams25CIN2016,Shawn Williams,2016,sec,25,25-28,CIN,4,232,15,15
SteveWilliams252TM2016,Steve Williams,2016,sec,25,25-28,2TM,6,51,6,2
TankWilliams25TEN2005,Tank Williams,2005,sec,25,25-28,TEN,3,189,16,16
TramonWilliams25GNB2008,Tramon Williams,2008,sec,25,25-28,GNB,Undrafted,Undrafted,16,9
TrevorWilliams25LAC2018,Trevor Williams,2018,sec,25,25-28,LAC,Undrafted,Undrafted,7,7
AdrianWilson25ARI2004,Adrian Wilson,2004,sec,25,25-28,ARI,4,210,16,16
C.J.Wilson25TAM2014,C.J. Wilson,2014,sec,25,25-28,TAM,Undrafted,Undrafted,2,0
C.J.Wilson25CAR2010,C.J. Wilson,2010,sec,25,25-28,CAR,8,138,8,0
EugeneWilson25NWE2005,Eugene Wilson,2005,sec,25,25-28,NWE,3,179,16,16
GibrilWilson25NYG2006,Gibril Wilson,2006,sec,25,25-28,NYG,6,41,15,15
JimmyWilson25MIA2011,Jimmy Wilson,2011,sec,25,25-28,MIA,8,145,15,1
JoshWilson25BAL2010,Josh Wilson,2010,sec,25,25-28,BAL,3,200,14,9
KyleWilson25NYJ2012,Kyle Wilson,2012,sec,25,25-28,NYJ,1,169,16,15
StanleyWilson25DET2007,Stanley Wilson,2007,sec,25,25-28,DET,4,219,10,5
MikeWindt25SDG2011,Mike Windt,2011,sec,25,25-28,SDG,Undrafted,Undrafted,16,0
AntoineWinfield25BUF2002,Antoine Winfield,2002,sec,25,25-28,BUF,1,141,13,13
CoyWire25BUF2003,Coy Wire,2003,sec,25,25-28,BUF,4,246,16,1
BrianWitherspoon25NYG2010,Brian Witherspoon,2010,sec,25,25-28,NYG,Undrafted,Undrafted,1,0
EarlWolff25PHI2014,Earl Wolff,2014,sec,25,25-28,PHI,6,41,7,1
ZachWood25NOR2018,Zach Wood,2018,sec,25,25-28,NOR,Undrafted,Undrafted,7,0
CharlesWoodson25OAK2001,Charles Woodson,2001,sec,25,25-28,OAK,1,183,16,15
AndreWoolfolk25TEN2005,Andre Woolfolk,2005,sec,25,25-28,TEN,1,168,13,7
CameronWorrell25CHI2004,Cameron Worrell,2004,sec,25,25-28,CHI,Undrafted,Undrafted,13,0
BlidiWreh-Wilson25TEN2014,Blidi Wreh-Wilson,2014,sec,25,25-28,TEN,4,217,11,11
EricWright25CLE2010,Eric Wright,2010,sec,25,25-28,CLE,3,198,13,10
KennyWright25HOU2002,Kenny Wright,2002,sec,25,25-28,HOU,5,25,16,0
MajorWright25CHI2013,Major Wright,2013,sec,25,25-28,CHI,4,222,15,15
ShareeceWright25SDG2012,Shareece Wright,2012,sec,25,25-28,SDG,4,237,10,0
DexterWynn252TM2006,Dexter Wynn,2006,sec,25,25-28,2TM,7,102,15,0
JimmyWyrick25DET2001,Jimmy Wyrick,2001,sec,25,25-28,DET,Undrafted,Undrafted,16,0
AshtonYouboty25BUF2009,Ashton Youboty,2009,sec,25,25-28,BUF,4,217,11,1
FloydYoung25TAM2000,Floyd Young,2000,sec,25,25-28,TAM,Undrafted,Undrafted,7,0
LouYoung25CAR2016,Lou Young,2016,sec,25,25-28,CAR,Undrafted,Undrafted,6,0
UsamaYoung25NOR2010,Usama Young,2010,sec,25,25-28,NOR,4,212,11,3
ChristianYount25CLE2013,Christian Yount,2013,sec,25,25-28,CLE,Undrafted,Undrafted,16,0
TomZbikowski25BAL2010,Tom Zbikowski,2010,sec,25,25-28,BAL,4,234,8,6
IsaAbdul-Quddus26DET2015,Isa Abdul-Quddus,2015,sec,26,25-28,DET,Undrafted,Undrafted,16,8
HamzaAbdullah26ARI2009,Hamza Abdullah,2009,sec,26,25-28,ARI,8,143,1,0
HusainAbdullah26MIN2011,Husain Abdullah,2011,sec,26,25-28,MIN,Undrafted,Undrafted,9,9
AndrewAdams26TAM2018,Andrew Adams,2018,sec,26,25-28,TAM,Undrafted,Undrafted,4,0
BlueAdams26TAM2005,Blue Adams,2005,sec,26,25-28,TAM,8,132,13,0
CharlieAdams26DEN2005,Charlie Adams,2005,sec,26,25-28,DEN,Undrafted,Undrafted,16,2
MichaelAdams26ARI2011,Michael Adams,2011,sec,26,25-28,ARI,Undrafted,Undrafted,15,1
TarellBrown26SFO2011,Tarell Brown,2011,sec,26,25-28,SFO,6,53,16,16
DavidBruton26DEN2013,David Bruton,2013,sec,26,25-28,DEN,5,18,16,0
FernandoBryant26JAX2003,Fernando Bryant,2003,sec,26,25-28,JAX,1,166,16,16
PhillipBuchanon262TM2006,Phillip Buchanon,2006,sec,26,25-28,2TM,1,77,14,4
MelvinBullitt26IND2010,Melvin Bullitt,2010,sec,26,25-28,IND,Undrafted,Undrafted,4,3
JoshBullocks26CHI2009,Josh Bullocks,2009,sec,26,25-28,CHI,3,184,12,4
MorganBurnett26GNB2015,Morgan Burnett,2015,sec,26,25-28,GNB,4,218,11,11
JarrettBush26GNB2010,Jarrett Bush,2010,sec,26,25-28,GNB,Undrafted,Undrafted,16,1
JoshBush26DEN2015,Josh Bush,2015,sec,26,25-28,DEN,7,96,8,1
RafaelBush26NOR2013,Rafael Bush,2013,sec,26,25-28,NOR,Undrafted,Undrafted,13,6
JohnBusing26HOU2009,John Busing,2009,sec,26,25-28,HOU,Undrafted,Undrafted,16,4
CrezdonButler26SDG2013,Crezdon Butler,2013,sec,26,25-28,SDG,6,71,12,0
DariusButler26IND2012,Darius Butler,2012,sec,26,25-28,IND,3,185,11,4
JamesButler26NYG2008,James Butler,2008,sec,26,25-28,NYG,Undrafted,Undrafted,15,14
JerametriusButler26STL2004,Jerametrius Butler,2004,sec,26,25-28,STL,6,51,16,16
MalcolmButler26NWE2016,Malcolm Butler,2016,sec,26,25-28,NWE,Undrafted,Undrafted,16,16
JairusByrd26BUF2012,Jairus Byrd,2012,sec,26,25-28,BUF,3,186,16,16
BryceCallahan26CHI2017,Bryce Callahan,2017,sec,26,25-28,CHI,Undrafted,Undrafted,12,6
IbraheimCampbell262TM2018,Ibraheim Campbell,2018,sec,26,25-28,2TM,5,19,5,0
LamarCampbell26DET2002,Lamar Campbell,2002,sec,26,25-28,DET,Undrafted,Undrafted,9,2
TommieCampbell26TEN2013,Tommie Campbell,2013,sec,26,25-28,TEN,8,161,8,0
KameronCanaday26PIT2018,Kameron Canaday,2018,sec,26,25-28,PIT,Undrafted,Undrafted,7,0
JoeCardona26NWE2018,Joe Cardona,2018,sec,26,25-28,NWE,6,73,8,0
DonCarey26DET2013,Don Carey,2013,sec,26,25-28,DET,7,85,14,3
KeionCarpenter26ATL2003,Keion Carpenter,2003,sec,26,25-28,ATL,Undrafted,Undrafted,15,8
BrandonCarr26DAL2012,Brandon Carr,2012,sec,26,25-28,DAL,6,46,16,16
ChrisCarr26BAL2009,Chris Carr,2009,sec,26,25-28,BAL,Undrafted,Undrafted,16,4
T.J.Carrie26OAK2016,T.J. Carrie,2016,sec,26,25-28,OAK,8,130,16,3
AhmadCarroll26NYJ2009,Ahmad Carroll,2009,sec,26,25-28,NYJ,1,159,6,0
NolanCarroll26MIA2013,Nolan Carroll,2013,sec,26,25-28,MIA,6,51,16,12
ChrisCarter26CIN2000,Chris Carter,2000,sec,26,25-28,CIN,4,237,16,10
DyshodCarter262TM2004,Dyshod Carter,2004,sec,26,25-28,2TM,Undrafted,Undrafted,11,0
QuintonCarter26DEN2014,Quinton Carter,2014,sec,26,25-28,DEN,5,11,11,0
TonyCarter26DEN2012,Tony Carter,2012,sec,26,25-28,DEN,Undrafted,Undrafted,15,0
TyroneCarter26MIN2002,Tyrone Carter,2002,sec,26,25-28,MIN,5,22,16,7
AntoineCason26SDG2012,Antoine Cason,2012,sec,26,25-28,SDG,1,167,16,16
OliverCelestin26ARI2007,Oliver Celestin,2007,sec,26,25-28,ARI,Undrafted,Undrafted,15,4
KamChancellor26SEA2014,Kam Chancellor,2014,sec,26,25-28,SEA,6,38,14,14
StefanCharles26BUF2014,Stefan Charles,2014,sec,26,25-28,BUF,Undrafted,Undrafted,16,1
IkeCharlton26NYG2003,Ike Charlton,2003,sec,26,25-28,NYG,3,197,7,2
CoreyChavous26MIN2002,Corey Chavous,2002,sec,26,25-28,MIN,3,176,16,16
ChimdiChekwa26OAK2014,Chimdi Chekwa,2014,sec,26,25-28,OAK,5,17,10,2
PatrickChung26PHI2013,Patrick Chung,2013,sec,26,25-28,PHI,3,177,12,10
BarryChurch26DAL2014,Barry Church,2014,sec,26,25-28,DAL,Undrafted,Undrafted,16,16
MorrisClaiborne26DAL2016,Morris Claiborne,2016,sec,26,25-28,DAL,1,205,7,7
RyanClark26WAS2005,Ryan Clark,2005,sec,26,25-28,WAS,Undrafted,Undrafted,13,13
NateClements26BUF2005,Nate Clements,2005,sec,26,25-28,BUF,1,120,16,16
ChrisClemons26MIA2011,Chris Clemons,2011,sec,26,25-28,MIA,6,72,14,0
HaHa Clinton-Dix26GNB2018,Ha Ha Clinton-Dix,2018,sec,26,25-28,GNB,1,120,7,7
RichCoady26TEN2002,Rich Coady,2002,sec,26,25-28,TEN,4,214,14,2
RossCockrell26NYG2017,Ross Cockrell,2017,sec,26,25-28,NYG,5,12,16,9
TayCody26SDG2003,Tay Cody,2003,sec,26,25-28,SDG,4,213,1,0
MichaelCoe26JAX2009,Michael Coe,2009,sec,26,25-28,JAX,6,81,5,0
RicardoColclough26KAN2008,Ricardo Colclough,2008,sec,26,25-28,KAN,3,181,6,1
MarquiceCole26NYJ2009,Marquice Cole,2009,sec,26,25-28,NYJ,Undrafted,Undrafted,11,0
DrewColeman26NYJ2009,Drew Coleman,2009,sec,26,25-28,NYJ,7,98,15,1
ErikColeman26ATL2008,Erik Coleman,2008,sec,26,25-28,ATL,6,49,16,16
KurtColeman26KAN2014,Kurt Coleman,2014,sec,26,25-28,KAN,8,153,15,3
MarcusColeman26NYJ2000,Marcus Coleman,2000,sec,26,25-28,NYJ,6,38,16,16
NickCollins26GNB2009,Nick Collins,2009,sec,26,25-28,GNB,3,196,16,16
AaronColvin26JAX2017,Aaron Colvin,2017,sec,26,25-28,JAX,5,18,16,5
JonCondo26OAK2007,Jon Condo,2007,sec,26,25-28,OAK,Undrafted,Undrafted,16,0
SeanConsidine26PHI2007,Sean Considine,2007,sec,26,25-28,PHI,5,5,8,8
ChrisConte26TAM2015,Chris Conte,2015,sec,26,25-28,TAM,4,242,14,13
ChrisCook26MIN2013,Chris Cook,2013,sec,26,25-28,MIN,3,177,12,11
DekeCooper26JAX2003,Deke Cooper,2003,sec,26,25-28,JAX,Undrafted,Undrafted,14,10
JarrodCooper262TM2004,Jarrod Cooper,2004,sec,26,25-28,2TM,6,49,15,0
MarcusCooper26ARI2016,Marcus Cooper,2016,sec,26,25-28,ARI,8,162,15,13
ReggieCorner26BUF2009,Reggie Corner,2009,sec,26,25-28,BUF,5,18,16,8
JonCorto26BUF2010,Jon Corto,2010,sec,26,25-28,BUF,Undrafted,Undrafted,11,0
TerryCousin26MIA2001,Terry Cousin,2001,sec,26,25-28,MIA,Undrafted,Undrafted,16,3
CuromeCox262TM2007,Curome Cox,2007,sec,26,25-28,2TM,Undrafted,Undrafted,14,0
DerekCox26JAX2012,Derek Cox,2012,sec,26,25-28,JAX,4,220,12,12
KennardCox26SEA2011,Kennard Cox,2011,sec,26,25-28,SEA,8,161,12,0
MorganCox26BAL2012,Morgan Cox,2012,sec,26,25-28,BAL,Undrafted,Undrafted,16,0
PerrishCox262TM2013,Perrish Cox,2013,sec,26,25-28,2TM,6,42,11,0
TorrieCox26TAM2006,Torrie Cox,2006,sec,26,25-28,TAM,7,115,16,3
JasonCraft26JAX2002,Jason Craft,2002,sec,26,25-28,JAX,6,67,16,16
ChrisCrocker26ATL2006,Chris Crocker,2006,sec,26,25-28,ATL,4,232,16,16
AntonioCromartie26NYJ2010,Antonio Cromartie,2010,sec,26,25-28,NYJ,1,99,15,15
MarcusCromartie26SFO2016,Marcus Cromartie,2016,sec,26,25-28,SFO,Undrafted,Undrafted,10,0
Da'MonCromartie-Smith26PIT2013,Da'Mon Cromartie-Smith,2013,sec,26,25-28,PIT,Undrafted,Undrafted,4,0
ChrisCulliver26SFO2014,Chris Culliver,2014,sec,26,25-28,SFO,4,228,14,14
TyroneCulver26MIA2009,Tyrone Culver,2009,sec,26,25-28,MIA,7,94,16,2
JohnathanCyprien26JAX2016,Johnathan Cyprien,2016,sec,26,25-28,JAX,3,176,16,16
CraigDahl26STL2011,Craig Dahl,2011,sec,26,25-28,STL,Undrafted,Undrafted,16,3
JordanDangerfield26PIT2016,Jordan Dangerfield,2016,sec,26,25-28,PIT,Undrafted,Undrafted,14,2
MattDaniels26SDG2015,Matt Daniels,2015,sec,26,25-28,SDG,Undrafted,Undrafted,1,0
TravisDaniels26CLE2008,Travis Daniels,2008,sec,26,25-28,CLE,5,7,7,1
Jean-PhillipeDarche26SEA2001,Jean-Phillipe Darche,2001,sec,26,25-28,SEA,Undrafted,Undrafted,16,0
DonovinDarius26JAX2001,Donovin Darius,2001,sec,26,25-28,JAX,1,159,11,11
JasonDavid26NOR2008,Jason David,2008,sec,26,25-28,NOR,5,30,14,6
AkeemDavis263TM2015,Akeem Davis,2015,sec,26,25-28,3TM,Undrafted,Undrafted,6,0
ChrisDavis26SFO2016,Chris Davis,2016,sec,26,25-28,SFO,Undrafted,Undrafted,4,1
CodyDavis26STL2015,Cody Davis,2015,sec,26,25-28,STL,Undrafted,Undrafted,16,0
KeithDavis26DAL2004,Keith Davis,2004,sec,26,25-28,DAL,Undrafted,Undrafted,15,0
RashiedDavis26CHI2005,Rashied Davis,2005,sec,26,25-28,CHI,Undrafted,Undrafted,12,0
SammyDavis26SFO2006,Sammy Davis,2006,sec,26,25-28,SFO,1,171,13,1
VontaeDavis26IND2014,Vontae Davis,2014,sec,26,25-28,IND,1,159,15,15
WillDavis26BAL2016,Will Davis,2016,sec,26,25-28,BAL,4,242,3,0
ThomasDeCoud26ATL2011,Thomas DeCoud,2011,sec,26,25-28,ATL,4,247,16,15
LouisDelmas26DET2013,Louis Delmas,2013,sec,26,25-28,DET,3,176,16,15
CurtisDeLoatch26CAR2007,Curtis DeLoatch,2007,sec,26,25-28,CAR,Undrafted,Undrafted,6,0
QuintinDemps26HOU2011,Quintin Demps,2011,sec,26,25-28,HOU,5,21,9,0
WillDemps26BAL2005,Will Demps,2005,sec,26,25-28,BAL,Undrafted,Undrafted,11,11
DarquezeDennard26CIN2017,Darqueze Dennard,2017,sec,26,25-28,CIN,1,149,16,6
PatDennis26WAS2004,Pat Dennis,2004,sec,26,25-28,WAS,6,69,11,0
ZakDeOssie26NYG2010,Zak DeOssie,2010,sec,26,25-28,NYG,5,20,16,0
PierreDesir26SDG2016,Pierre Desir,2016,sec,26,25-28,SDG,5,32,5,0
BrianDixon26NOR2016,Brian Dixon,2016,sec,26,25-28,NOR,Undrafted,Undrafted,5,0
JamesDockery26CAR2014,James Dockery,2014,sec,26,25-28,CAR,Undrafted,Undrafted,7,0
KevinDockery26STL2010,Kevin Dockery,2010,sec,26,25-28,STL,Undrafted,Undrafted,10,3
JasonDoering26WAS2004,Jason Doering,2004,sec,26,25-28,WAS,7,103,6,0
JonDorenbos262TM2006,Jon Dorenbos,2006,sec,26,25-28,2TM,Undrafted,Undrafted,6,0
MikeDoss26MIN2007,Mike Doss,2007,sec,26,25-28,MIN,3,203,8,1
ReedDoughty26WAS2008,Reed Doughty,2008,sec,26,25-28,WAS,7,81,4,3
Ras-IDowling26OAK2014,Ras-I Dowling,2014,sec,26,25-28,OAK,3,176,3,0
JustinDrescher26NOR2014,Justin Drescher,2014,sec,26,25-28,NOR,Undrafted,Undrafted,16,0
QuintonDunbar26WAS2018,Quinton Dunbar,2018,sec,26,25-28,WAS,Undrafted,Undrafted,5,4
KennethDurden26TEN2018,Kenneth Durden,2018,sec,26,25-28,TEN,Undrafted,Undrafted,3,0
AndreDyson26SEA2005,Andre Dyson,2005,sec,26,25-28,SEA,3,206,10,5
NateEbner26NWE2014,Nate Ebner,2014,sec,26,25-28,NWE,7,107,12,0
AndrewEconomos26TAM2008,Andrew Economos,2008,sec,26,25-28,TAM,Undrafted,Undrafted,16,0
AntuanEdwards26GNB2003,Antuan Edwards,2003,sec,26,25-28,GNB,1,159,10,10
MarioEdwards26DAL2001,Mario Edwards,2001,sec,26,25-28,DAL,7,89,16,15
AbramElam26NYJ2007,Abram Elam,2007,sec,26,25-28,NYJ,Undrafted,Undrafted,13,8
PercyEllsworth26CLE2000,Percy Ellsworth,2000,sec,26,25-28,CLE,Undrafted,Undrafted,16,16
DeshazorEverett26WAS2018,Deshazor Everett,2018,sec,26,25-28,WAS,Undrafted,Undrafted,7,1
AntoneExum26SFO2017,Antone Exum,2017,sec,26,25-28,SFO,7,91,2,1
DemarcusFaggins26HOU2005,Demarcus Faggins,2005,sec,26,25-28,HOU,7,81,13,10
TerryFair26CAR2002,Terry Fair,2002,sec,26,25-28,CAR,1,109,3,0
MatthiasFarley26IND2018,Matthias Farley,2018,sec,26,25-28,IND,Undrafted,Undrafted,5,1
NickFerguson26NYJ2000,Nick Ferguson,2000,sec,26,25-28,NYJ,Undrafted,Undrafted,7,0
ClintFinley26KAN2003,Clint Finley,2003,sec,26,25-28,KAN,Undrafted,Undrafted,3,0
CortlandFinnegan26TEN2010,Cortland Finnegan,2010,sec,26,25-28,TEN,8,126,16,16
TravisFisher26STL2005,Travis Fisher,2005,sec,26,25-28,STL,3,210,8,8
JamellFleming26KAN2015,Jamell Fleming,2015,sec,26,25-28,KAN,4,228,16,0
BradleyFletcher26STL2012,Bradley Fletcher,2012,sec,26,25-28,STL,4,212,16,4
JamarFletcher26SDG2005,Jamar Fletcher,2005,sec,26,25-28,SDG,1,166,14,0
DraytonFlorence26SDG2006,Drayton Florence,2006,sec,26,25-28,SDG,3,190,16,16
BrandonFlowers26KAN2012,Brandon Flowers,2012,sec,26,25-28,KAN,3,178,15,15
DeeFord26KAN2017,Dee Ford,2017,sec,26,25-28,KAN,1,141,6,6
DustinFox26BUF2008,Dustin Fox,2008,sec,26,25-28,BUF,4,228,5,0
VernonFox26DET2005,Vernon Fox,2005,sec,26,25-28,DET,Undrafted,Undrafted,14,0
DomoniqueFoxworth26BAL2009,Domonique Foxworth,2009,sec,26,25-28,BAL,4,246,16,16
EricFrampton26MIN2010,Eric Frampton,2010,sec,26,25-28,MIN,6,72,14,0
CoyeFrancies26OAK2012,Coye Francies,2012,sec,26,25-28,OAK,7,101,15,0
AaronFrancisco26IND2009,Aaron Francisco,2009,sec,26,25-28,IND,Undrafted,Undrafted,10,2
DominiqueFranks26ATL2013,Dominique Franks,2013,sec,26,25-28,ATL,6,40,16,0
ToddFranz26GNB2002,Todd Franz,2002,sec,26,25-28,GNB,6,51,2,0
ArturoFreeman26MIA2002,Arturo Freeman,2002,sec,26,25-28,MIA,6,59,16,16
ScottFrost26CLE2001,Scott Frost,2001,sec,26,25-28,CLE,4,213,12,0
JamaalFudge26ATL2009,Jamaal Fudge,2009,sec,26,25-28,ATL,Undrafted,Undrafted,2,0
CurtisFuller262TM2004,Curtis Fuller,2004,sec,26,25-28,2TM,5,32,7,0
KyleFuller26CHI2018,Kyle Fuller,2018,sec,26,25-28,CHI,1,45,7,7
VincentFuller26TEN2008,Vincent Fuller,2008,sec,26,25-28,TEN,5,11,16,1
ThomasGafford26KAN2009,Thomas Gafford,2009,sec,26,25-28,KAN,Undrafted,Undrafted,16,0
PhillipGaines26KAN2017,Phillip Gaines,2017,sec,26,25-28,KAN,4,235,14,3
AnthonyGaitor26ARI2014,Anthony Gaitor,2014,sec,26,25-28,ARI,8,134,0,NA
ChrisGamble26CAR2009,Chris Gamble,2009,sec,26,25-28,CAR,1,168,16,16
TrentGamble26MIA2003,Trent Gamble,2003,sec,26,25-28,MIA,Undrafted,Undrafted,9,1
SamGarnes26NYG2000,Sam Garnes,2000,sec,26,25-28,NYG,6,41,15,15
KevinGarrett26HOU2006,Kevin Garrett,2006,sec,26,25-28,HOU,6,80,1,0
ShamielGary26BUF2016,Shamiel Gary,2016,sec,26,25-28,BUF,Undrafted,Undrafted,3,0
RandallGay26NOR2008,Randall Gay,2008,sec,26,25-28,NOR,Undrafted,Undrafted,14,13
WilliamGay26PIT2011,William Gay,2011,sec,26,25-28,PIT,6,78,16,15
ClaytonGeathers26IND2018,Clayton Geathers,2018,sec,26,25-28,IND,5,12,6,6
BrandonGhee26CIN2013,Brandon Ghee,2013,sec,26,25-28,CIN,4,245,10,0
DavidGibson26TAM2003,David Gibson,2003,sec,26,25-28,TAM,7,103,9,0
DerrickGibson26OAK2005,Derrick Gibson,2005,sec,26,25-28,OAK,1,168,6,6
MarcusGilchrist26SDG2014,Marcus Gilchrist,2014,sec,26,25-28,SDG,3,195,16,16
StephonGilmore26BUF2016,Stephon Gilmore,2016,sec,26,25-28,BUF,1,2,15,15
MattGiordano26IND2008,Matt Giordano,2008,sec,26,25-28,IND,5,40,16,1
TashaunGipson26JAX2016,Tashaun Gipson,2016,sec,26,25-28,JAX,Undrafted,Undrafted,16,16
SteveGleason26NOR2003,Steve Gleason,2003,sec,26,25-28,NOR,Undrafted,Undrafted,16,0
CharlesGodfrey26CAR2011,Charles Godfrey,2011,sec,26,25-28,CAR,4,213,14,14
RobertGolden26PIT2016,Robert Golden,2016,sec,26,25-28,PIT,Undrafted,Undrafted,13,7
DashonGoldson26SFO2010,Dashon Goldson,2010,sec,26,25-28,SFO,5,31,16,16
BrettGoode26GNB2010,Brett Goode,2010,sec,26,25-28,GNB,Undrafted,Undrafted,16,0
Andre'Goodman26DET2004,Andre' Goodman,2004,sec,26,25-28,DET,4,214,11,4
DemetriGoodson26GNB2015,Demetri Goodson,2015,sec,26,25-28,GNB,7,107,14,0
C.J.Goodwin26ATL2016,C.J. Goodwin,2016,sec,26,25-28,ATL,Undrafted,Undrafted,14,1
CletisGordon26DAL2009,Cletis Gordon,2009,sec,26,25-28,DAL,Undrafted,Undrafted,1,0
JoshGordy26IND2013,Josh Gordy,2013,sec,26,25-28,IND,Undrafted,Undrafted,12,0
DannyGorrer26TAM2012,Danny Gorrer,2012,sec,26,25-28,TAM,Undrafted,Undrafted,6,1
CoreyGraham26CHI2011,Corey Graham,2011,sec,26,25-28,CHI,6,75,16,0
DeonGrant26JAX2005,Deon Grant,2005,sec,26,25-28,JAX,3,202,16,16
DwayneGratz262TM2016,Dwayne Gratz,2016,sec,26,25-28,2TM,4,210,6,0
BobbyGray26CHI2004,Bobby Gray,2004,sec,26,25-28,CHI,6,46,10,4
EricGreen26ARI2008,Eric Green,2008,sec,26,25-28,ARI,4,222,13,9
MarshayGreen26IND2012,Marshay Green,2012,sec,26,25-28,IND,Undrafted,Undrafted,1,0
MichaelGreen26CHI2002,Michael Green,2002,sec,26,25-28,CHI,8,164,16,16
RayGreen262TM2003,Ray Green,2003,sec,26,25-28,2TM,Undrafted,Undrafted,10,0
DonovanGreer26BUF2000,Donovan Greer,2000,sec,26,25-28,BUF,Undrafted,Undrafted,13,0
JabariGreer26BUF2008,Jabari Greer,2008,sec,26,25-28,BUF,Undrafted,Undrafted,10,10
SteveGregory26SDG2009,Steve Gregory,2009,sec,26,25-28,SDG,Undrafted,Undrafted,16,6
ClintGresham26SEA2012,Clint Gresham,2012,sec,26,25-28,SEA,Undrafted,Undrafted,16,0
CedricGriffin26MIN2008,Cedric Griffin,2008,sec,26,25-28,MIN,3,192,16,15
MichaelGriffin26TEN2011,Michael Griffin,2011,sec,26,25-28,TEN,1,99,16,16
BrentGrimes26ATL2009,Brent Grimes,2009,sec,26,25-28,ATL,Undrafted,Undrafted,16,8
KevinJohnson26HOU2018,Kevin Johnson,2018,sec,26,25-28,HOU,1,66,1,1
LeonardJohnson26CAR2016,Leonard Johnson,2016,sec,26,25-28,CAR,Undrafted,Undrafted,10,0
MichaelJohnson26NYG2010,Michael Johnson,2010,sec,26,25-28,NYG,8,136,2,0
RashadJohnson26ARI2012,Rashad Johnson,2012,sec,26,25-28,ARI,4,244,15,3
ToddJohnson26CHI2004,Todd Johnson,2004,sec,26,25-28,CHI,5,3,16,10
TrumaineJohnson26LAR2016,Trumaine Johnson,2016,sec,26,25-28,LAR,4,211,14,14
TyrellJohnson26MIN2011,Tyrell Johnson,2011,sec,26,25-28,MIN,3,187,11,3
ByronJones26DAL2018,Byron Jones,2018,sec,26,25-28,DAL,1,167,7,7
ColinJones26CAR2013,Colin Jones,2013,sec,26,25-28,CAR,7,100,16,0
DavidJones26JAX2011,David Jones,2011,sec,26,25-28,JAX,6,51,5,0
DonJones262TM2016,Don Jones,2016,sec,26,25-28,2TM,8,160,13,1
Herana-DazeJones262TM2008,Herana-Daze Jones,2008,sec,26,25-28,2TM,Undrafted,Undrafted,5,0
JermaineJones26DAL2002,Jermaine Jones,2002,sec,26,25-28,DAL,6,69,1,0
NateJones26MIA2008,Nate Jones,2008,sec,26,25-28,MIA,8,115,16,1
ReshadJones26MIA2014,Reshad Jones,2014,sec,26,25-28,MIA,6,70,12,12
SeanJones26CLE2008,Sean Jones,2008,sec,26,25-28,CLE,3,204,12,12
TaiwanJones26OAK2014,Taiwan Jones,2014,sec,26,25-28,OAK,5,30,1,0
TebuckyJones26NWE2000,Tebucky Jones,2000,sec,26,25-28,NWE,1,131,15,9
MikeJordan26NYG2018,Mike Jordan,2018,sec,26,25-28,NYG,Undrafted,Undrafted,2,0
JohnathanJoseph26CIN2010,Johnathan Joseph,2010,sec,26,25-28,CIN,1,149,12,12
LamarcusJoyner26LAR2016,Lamarcus Joyner,2016,sec,26,25-28,LAR,3,185,14,8
BhawohJue26SDG2005,Bhawoh Jue,2005,sec,26,25-28,SDG,4,218,14,14
KevinKaesviharn26CIN2002,Kevin Kaesviharn,2002,sec,26,25-28,CIN,Undrafted,Undrafted,16,5
MattKatula26BAL2008,Matt Katula,2008,sec,26,25-28,BAL,Undrafted,Undrafted,16,0
JohnKeith26SFO2003,John Keith,2003,sec,26,25-28,SFO,5,11,8,2
BrianKelly26TAM2002,Brian Kelly,2002,sec,26,25-28,TAM,3,189,16,16
EricKelly26MIN2003,Eric Kelly,2003,sec,26,25-28,MIN,4,215,16,0
RobKelly26NOR2000,Rob Kelly,2000,sec,26,25-28,NOR,3,176,12,0
KenoyKennedy26DEN2003,Kenoy Kennedy,2003,sec,26,25-28,DEN,3,189,13,12
ShilohKeo26HOU2013,Shiloh Keo,2013,sec,26,25-28,HOU,6,50,16,11
TerrenceKiel26SDG2006,Terrence Kiel,2006,sec,26,25-28,SDG,3,208,15,15
AkeemKing26SEA2018,Akeem King,2018,sec,26,25-28,SEA,8,158,6,1
EricKing26TEN2008,Eric King,2008,sec,26,25-28,TEN,6,62,10,1
DreKirkpatrick26CIN2015,Dre Kirkpatrick,2015,sec,26,25-28,CIN,1,77,16,15
SammyKnight26NOR2001,Sammy Knight,2001,sec,26,25-28,NOR,Undrafted,Undrafted,16,16
TomKnight26ARI2000,Tom Knight,2000,sec,26,25-28,ARI,1,238,16,15
CaseyKreiter26DEN2016,Casey Kreiter,2016,sec,26,25-28,DEN,Undrafted,Undrafted,10,0
L.P.Ladouceur26DAL2007,L.P. Ladouceur,2007,sec,26,25-28,DAL,Undrafted,Undrafted,16,0
DawanLandry26BAL2008,Dawan Landry,2008,sec,26,25-28,BAL,6,52,2,2
LaRonLandry26WAS2010,LaRon Landry,2010,sec,26,25-28,WAS,1,205,9,9
JeremyLane26SEA2016,Jeremy Lane,2016,sec,26,25-28,SEA,7,80,16,9
EllisLankster26NYJ2013,Ellis Lankster,2013,sec,26,25-28,NYJ,8,132,15,0
TyLaw26NWE2000,Ty Law,2000,sec,26,25-28,NWE,1,141,15,15
NevinLawson26DET2017,Nevin Lawson,2017,sec,26,25-28,DET,5,38,15,15
ClarenceLeBlanc26NYG2003,Clarence LeBlanc,2003,sec,26,25-28,NYG,Undrafted,Undrafted,4,0
PatLee26GNB2010,Pat Lee,2010,sec,26,25-28,GNB,3,206,11,1
MichaelLehan26CLE2005,Michael Lehan,2005,sec,26,25-28,CLE,6,59,10,0
NormanLeJeune26MIA2006,Norman LeJeune,2006,sec,26,25-28,MIA,8,153,2,0
JimLeonhard26BAL2008,Jim Leonhard,2008,sec,26,25-28,BAL,Undrafted,Undrafted,16,13
RobertLester26CAR2014,Robert Lester,2014,sec,26,25-28,CAR,Undrafted,Undrafted,1,0
ZebbieLethridge26MIA2001,Zebbie Lethridge,2001,sec,26,25-28,MIA,Undrafted,Undrafted,2,0
AnthonyLevine26BAL2013,Anthony Levine,2013,sec,26,25-28,BAL,Undrafted,Undrafted,16,0
KeenanLewis26PIT2012,Keenan Lewis,2012,sec,26,25-28,PIT,4,245,16,16
KeithLewis26SFO2007,Keith Lewis,2007,sec,26,25-28,SFO,7,108,12,0
KendrickLewis26HOU2014,Kendrick Lewis,2014,sec,26,25-28,HOU,6,41,16,16
MichaelLewis26PHI2006,Michael Lewis,2006,sec,26,25-28,PHI,3,203,14,6
RoyLewis26SEA2011,Roy Lewis,2011,sec,26,25-28,SEA,Undrafted,Undrafted,10,1
ChrisLewis-Harris26CIN2015,Chris Lewis-Harris,2015,sec,26,25-28,CIN,Undrafted,Undrafted,7,0
CullenLoeffler26MIN2007,Cullen Loeffler,2007,sec,26,25-28,MIN,Undrafted,Undrafted,16,0
MikeLogan26JAX2000,Mike Logan,2000,sec,26,25-28,JAX,3,195,15,11
CraigLoston26JAX2015,Craig Loston,2015,sec,26,25-28,JAX,Undrafted,Undrafted,6,0
RickLovato26PHI2018,Rick Lovato,2018,sec,26,25-28,PHI,Undrafted,Undrafted,8,0
ClarenceLove26OAK2002,Clarence Love,2002,sec,26,25-28,OAK,5,20,11,3
OmareLowe26NWE2004,Omare Lowe,2004,sec,26,25-28,NWE,6,68,3,0
DwightLowery26JAX2012,Dwight Lowery,2012,sec,26,25-28,JAX,5,17,9,9
JustinLucas26ARI2002,Justin Lucas,2002,sec,26,25-28,ARI,Undrafted,Undrafted,16,4
KenLucas26CAR2005,Ken Lucas,2005,sec,26,25-28,CAR,3,184,15,15
CoreyLynch26TAM2011,Corey Lynch,2011,sec,26,25-28,TAM,7,85,16,3
ElbertMack26NOR2012,Elbert Mack,2012,sec,26,25-28,NOR,Undrafted,Undrafted,7,2
TremainMack26CIN2000,Tremain Mack,2000,sec,26,25-28,CIN,5,15,16,0
DavidMacklin26ARI2004,David Macklin,2004,sec,26,25-28,ARI,4,240,16,16
AnthonyMadison26PIT2007,Anthony Madison,2007,sec,26,25-28,PIT,Undrafted,Undrafted,9,0
SamMadison26MIA2000,Sam Madison,2000,sec,26,25-28,MIA,3,188,16,16
JoeMaese26BAL2004,Joe Maese,2004,sec,26,25-28,BAL,7,104,15,0
CraigMager26LAC2018,Craig Mager,2018,sec,26,25-28,LAC,4,231,1,0
PatrickMannelly26CHI2001,Patrick Mannelly,2001,sec,26,25-28,CHI,7,98,15,0
DaniealManning26CHI2008,Danieal Manning,2008,sec,26,25-28,CHI,3,186,14,1
RickyManning26CHI2006,Ricky Manning,2006,sec,26,25-28,CHI,4,230,15,6
MarquandManuel26SEA2005,Marquand Manuel,2005,sec,26,25-28,SEA,7,90,16,11
ChrisMaragos26SEA2013,Chris Maragos,2013,sec,26,25-28,SEA,Undrafted,Undrafted,16,0
DeanMarlowe26BUF2018,Dean Marlowe,2018,sec,26,25-28,BUF,Undrafted,Undrafted,1,1
RichardMarshall26CAR2010,Richard Marshall,2010,sec,26,25-28,CAR,3,203,16,16
DerrickMartin26NYG2011,Derrick Martin,2011,sec,26,25-28,NYG,7,118,14,0
SherrodMartin26CAR2010,Sherrod Martin,2010,sec,26,25-28,CAR,3,204,15,15
TyrannMathieu26HOU2018,Tyrann Mathieu,2018,sec,26,25-28,HOU,4,215,8,8
KevinMathis26NOR2000,Kevin Mathis,2000,sec,26,25-28,NOR,Undrafted,Undrafted,16,16
RasheanMathis26JAX2006,Rashean Mathis,2006,sec,26,25-28,JAX,3,182,16,16
ByronMaxwell26SEA2014,Byron Maxwell,2014,sec,26,25-28,SEA,7,81,13,12
TaylorMays26CIN2014,Taylor Mays,2014,sec,26,25-28,CIN,3,193,16,0
ChrisMcAlister26BAL2003,Chris McAlister,2003,sec,26,25-28,BAL,1,2,15,15
DarcelMcBath26JAX2011,Darcel McBath,2011,sec,26,25-28,JAX,3,192,1,0
TodMcBride26GNB2002,Tod McBride,2002,sec,26,25-28,GNB,Undrafted,Undrafted,15,4
TrumaineMcBride26JAX2011,Trumaine McBride,2011,sec,26,25-28,JAX,8,133,1,0
KevinMcCadam26ATL2005,Kevin McCadam,2005,sec,26,25-28,ATL,6,54,16,0
BriceMcCain26HOU2012,Brice McCain,2012,sec,26,25-28,HOU,7,97,12,2
BryanMcCann26ARI2013,Bryan McCann,2013,sec,26,25-28,ARI,Undrafted,Undrafted,6,0
KyleMcCarthy26KAN2012,Kyle McCarthy,2012,sec,26,25-28,KAN,Undrafted,Undrafted,0,NA
MarcusMcCauley26DET2009,Marcus McCauley,2009,sec,26,25-28,DET,4,219,1,0
RobertMcClain26ATL2014,Robert McClain,2014,sec,26,25-28,ATL,8,158,16,6
CentralMcClellion26WAS2001,Central McClellion,2001,sec,26,25-28,WAS,Undrafted,Undrafted,6,0
DexterMcCoil262TM2017,Dexter McCoil,2017,sec,26,25-28,2TM,Undrafted,Undrafted,10,0
DevinMcCourty26NWE2013,Devin McCourty,2013,sec,26,25-28,NWE,1,167,15,15
JasonMcCourty26TEN2013,Jason McCourty,2013,sec,26,25-28,TEN,7,113,16,16
DannyMcCray26CHI2014,Danny McCray,2014,sec,26,25-28,CHI,Undrafted,Undrafted,15,0
DemetriusMcCray26OAK2017,Demetrius McCray,2017,sec,26,25-28,OAK,8,121,3,0
KelcieMcCray26KAN2014,Kelcie McCray,2014,sec,26,25-28,KAN,Undrafted,Undrafted,16,0
MarlonMcCree262TM2003,Marlon McCree,2003,sec,26,25-28,2TM,8,144,17,11
GeorgeMcCullough26SFO2001,George McCullough,2001,sec,26,25-28,SFO,6,49,15,0
DaylonMcCutcheon26CLE2002,Daylon McCutcheon,2002,sec,26,25-28,CLE,4,208,13,11
KevinMcDermott26MIN2016,Kevin McDermott,2016,sec,26,25-28,MIN,Undrafted,Undrafted,16,0
BrandonMcDonald26DET2011,Brandon McDonald,2011,sec,26,25-28,DET,6,46,13,0
DexterMcDonald26OAK2017,Dexter McDonald,2017,sec,26,25-28,OAK,8,151,15,6
T.J.McDonald26MIA2017,T.J. McDonald,2017,sec,26,25-28,MIA,4,218,8,8
BradleyMcDougald26TAM2016,Bradley McDougald,2016,sec,26,25-28,TAM,Undrafted,Undrafted,16,16
DexterMcDougle262TM2017,Dexter McDougle,2017,sec,26,25-28,2TM,4,228,9,0
BryantMcFadden26PIT2007,Bryant McFadden,2007,sec,26,25-28,PIT,3,208,13,0
ScottMcGarrahan26GNB2000,Scott McGarrahan,2000,sec,26,25-28,GNB,7,62,16,0
TerrenceMcGee26BUF2006,Terrence McGee,2006,sec,26,25-28,BUF,5,15,15,14
KeithMcGill26OAK2015,Keith McGill,2015,sec,26,25-28,OAK,5,20,13,0
BrandonMcGowan26NWE2009,Brandon McGowan,2009,sec,26,25-28,NWE,Undrafted,Undrafted,16,11
JonMcGraw26DET2005,Jon McGraw,2005,sec,26,25-28,DET,3,202,8,2
LeodisMcKelvin26BUF2011,Leodis McKelvin,2011,sec,26,25-28,BUF,1,13,16,6
MikeMcKenzie26GNB2002,Mike McKenzie,2002,sec,26,25-28,GNB,4,235,13,13
RodneyMcLeod26PHI2016,Rodney McLeod,2016,sec,26,25-28,PHI,Undrafted,Undrafted,16,16
SherrickMcManis26CHI2013,Sherrick McManis,2013,sec,26,25-28,CHI,6,50,15,1
JakeMcQuaide26STL2013,Jake McQuaide,2013,sec,26,25-28,STL,Undrafted,Undrafted,16,0
R.W.McQuarters26CHI2002,R.W. McQuarters,2002,sec,26,25-28,CHI,1,168,9,9
JonathanMeeks26BUF2015,Jonathan Meeks,2015,sec,26,25-28,BUF,6,49,14,0
RashaanMelvin262TM2015,Rashaan Melvin,2015,sec,26,25-28,2TM,Undrafted,Undrafted,9,0
BrandonMeriweather26NWE2010,Brandon Meriweather,2010,sec,26,25-28,NWE,1,149,16,13
WillieMiddlebrooks26SFO2005,Willie Middlebrooks,2005,sec,26,25-28,SFO,1,149,5,0
WilliamMiddleton26JAX2012,William Middleton,2012,sec,26,25-28,JAX,6,43,10,3
QuintinMikell26PHI2006,Quintin Mikell,2006,sec,26,25-28,PHI,Undrafted,Undrafted,16,1
JeromyMiles262TM2013,Jeromy Miles,2013,sec,26,25-28,2TM,Undrafted,Undrafted,13,0
HanikMilligan26SDG2005,Hanik Milligan,2005,sec,26,25-28,SDG,7,97,16,0
ChristopherMilton26IND2018,Christopher Milton,2018,sec,26,25-28,IND,Undrafted,Undrafted,7,0
MikeMinter26CAR2000,Mike Minter,2000,sec,26,25-28,CAR,3,201,16,16
AnthonyMitchell26BAL2000,Anthony Mitchell,2000,sec,26,25-28,BAL,Undrafted,Undrafted,16,0
DonaldMitchell26TEN2002,Donald Mitchell,2002,sec,26,25-28,TEN,5,21,16,9
MelMitchell26NOR2005,Mel Mitchell,2005,sec,26,25-28,NOR,6,57,13,0
MikeMitchell26CAR2013,Mike Mitchell,2013,sec,26,25-28,CAR,3,191,15,14
AntwaunMolden26NWE2011,Antwaun Molden,2011,sec,26,25-28,NWE,4,226,16,2
D.J.Moore26CAR2013,D.J. Moore,2013,sec,26,25-28,CAR,5,23,2,0
DamonMoore26CHI2002,Damon Moore,2002,sec,26,25-28,CHI,5,33,6,1
JasonMoore26SFO2002,Jason Moore,2002,sec,26,25-28,SFO,Undrafted,Undrafted,9,0
KareemMoore26WAS2010,Kareem Moore,2010,sec,26,25-28,WAS,7,89,12,11
SterlingMoore26NOR2016,Sterling Moore,2016,sec,26,25-28,NOR,Undrafted,Undrafted,13,12
WilliamMoore26ATL2011,William Moore,2011,sec,26,25-28,ATL,3,200,12,11
DonMorgan26MIN2001,Don Morgan,2001,sec,26,25-28,MIN,Undrafted,Undrafted,16,2
AricMorris26NWE2003,Aric Morris,2003,sec,26,25-28,NWE,6,40,4,0
DarrylMorris26IND2016,Darryl Morris,2016,sec,26,25-28,IND,Undrafted,Undrafted,12,2
RyanMouton26TEN2012,Ryan Mouton,2012,sec,26,25-28,TEN,4,243,13,2
DonMuhlbach26DET2007,Don Muhlbach,2007,sec,26,25-28,DET,Undrafted,Undrafted,16,0
RyanMundy26PIT2011,Ryan Mundy,2011,sec,26,25-28,PIT,7,104,16,0
CaptainMunnerlyn26MIN2014,Captain Munnerlyn,2014,sec,26,25-28,MIN,8,127,16,16
JeromeMurphy26WAS2013,Jerome Murphy,2013,sec,26,25-28,WAS,4,211,11,0
ReggieMyles26CIN2005,Reggie Myles,2005,sec,26,25-28,CIN,Undrafted,Undrafted,10,0
HarukiNakamura26CAR2012,Haruki Nakamura,2012,sec,26,25-28,CAR,7,116,13,13
NeduNdukwe26OAK2011,Nedu Ndukwe,2011,sec,26,25-28,OAK,8,163,2,0
SharrodNeasman26ATL2017,Sharrod Neasman,2017,sec,26,25-28,ATL,Undrafted,Undrafted,11,0
RyanNeill26BUF2008,Ryan Neill,2008,sec,26,25-28,BUF,Undrafted,Undrafted,16,0
KyleNelson26SDG2012,Kyle Nelson,2012,sec,26,25-28,SDG,Undrafted,Undrafted,6,0
ReggieNelson26JAX2009,Reggie Nelson,2009,sec,26,25-28,JAX,1,120,16,14
RobertNelson26HOU2016,Robert Nelson,2016,sec,26,25-28,HOU,Undrafted,Undrafted,11,0
TerenceNewman26DAL2004,Terence Newman,2004,sec,26,25-28,DAL,1,194,16,16
DonteNicholson26TAM2007,Donte Nicholson,2007,sec,26,25-28,TAM,6,47,1,0
DonnieNickey26TEN2006,Donnie Nickey,2006,sec,26,25-28,TEN,6,61,16,0
TroyNolan263TM2012,Troy Nolan,2012,sec,26,25-28,3TM,8,135,8,1
JoshNorman26CAR2013,Josh Norman,2013,sec,26,25-28,CAR,6,49,7,0
DelthaO'Neal26DEN2003,Deltha O'Neal,2003,sec,26,25-28,DEN,1,56,13,6
WillieOfford26MIN2004,Willie Offord,2004,sec,26,25-28,MIN,4,217,16,0
EvanOglesby26DAL2007,Evan Oglesby,2007,sec,26,25-28,DAL,Undrafted,Undrafted,8,0
IfeanyiOhalete26CIN2005,Ifeanyi Ohalete,2005,sec,26,25-28,CIN,Undrafted,Undrafted,15,12
AyodejiOlatoye262TM2017,Ayodeji Olatoye,2017,sec,26,25-28,2TM,Undrafted,Undrafted,5,0
PaulOliver26SDG2010,Paul Oliver,2010,sec,26,25-28,SDG,5,1,16,8
TylerOtt26SEA2018,Tyler Ott,2018,sec,26,25-28,SEA,Undrafted,Undrafted,7,0
ChrisOwens26ATL2012,Chris Owens,2012,sec,26,25-28,ATL,4,239,13,1
JarradPage26NWE2010,Jarrad Page,2010,sec,26,25-28,NWE,8,139,10,1
AnthonyParker26SFO2001,Anthony Parker,2001,sec,26,25-28,SFO,5,248,5,0
RonParker26KAN2013,Ron Parker,2013,sec,26,25-28,KAN,Undrafted,Undrafted,16,1
TonyParrish26CHI2001,Tony Parrish,2001,sec,26,25-28,CHI,3,178,16,16
TylerPatmon26JAX2017,Tyler Patmon,2017,sec,26,25-28,JAX,Undrafted,Undrafted,13,0
DimitriPatterson26PHI2009,Dimitri Patterson,2009,sec,26,25-28,PHI,Undrafted,Undrafted,11,0
LoniePaxton26NWE2004,Lonie Paxton,2004,sec,26,25-28,NWE,Undrafted,Undrafted,16,0
KarlPaymah26DEN2008,Karl Paymah,2008,sec,26,25-28,DEN,4,223,16,2
KevinPayne26CHI2009,Kevin Payne,2009,sec,26,25-28,CHI,6,74,13,5
MicahPellerin26DAL2014,Micah Pellerin,2014,sec,26,25-28,DAL,Undrafted,Undrafted,3,0
CharliePeprah26ATL2009,Charlie Peprah,2009,sec,26,25-28,ATL,6,64,2,0
JasonPerry262TM2002,Jason Perry,2002,sec,26,25-28,2TM,5,7,5,0
JeremePerry26MIA2007,Jereme Perry,2007,sec,26,25-28,MIA,Undrafted,Undrafted,4,0
RayPerryman26JAX2004,Ray Perryman,2004,sec,26,25-28,JAX,6,64,4,0
PatrickPeterson26ARI2016,Patrick Peterson,2016,sec,26,25-28,ARI,1,194,16,16
WillPeterson26NYG2005,Will Peterson,2005,sec,26,25-28,NYG,4,225,2,2
PerryPhenix26TEN2000,Perry Phenix,2000,sec,26,25-28,TEN,Undrafted,Undrafted,16,0
AdrianPhillips26LAC2018,Adrian Phillips,2018,sec,26,25-28,LAC,Undrafted,Undrafted,7,1
JermainePhillips26TAM2005,Jermaine Phillips,2005,sec,26,25-28,TAM,6,63,13,13
KennyPhillips26NYG2012,Kenny Phillips,2012,sec,26,25-28,NYG,1,172,7,6
SabbyPiscitelli26TAM2009,Sabby Piscitelli,2009,sec,26,25-28,TAM,3,210,16,15
BryanPittman26HOU2003,Bryan Pittman,2003,sec,26,25-28,HOU,Undrafted,Undrafted,16,0
LafayettePitts26BUF2018,Lafayette Pitts,2018,sec,26,25-28,BUF,Undrafted,Undrafted,8,0
MarquisSmith26CLE2001,Marquis Smith,2001,sec,26,25-28,CLE,4,223,14,2
SeanSmith26KAN2013,Sean Smith,2013,sec,26,25-28,KAN,3,207,16,15
FredSmoot26MIN2005,Fred Smoot,2005,sec,26,25-28,MIN,3,189,11,8
DanielSorensen26KAN2016,Daniel Sorensen,2016,sec,26,25-28,KAN,Undrafted,Undrafted,16,1
NickSorensen26JAX2004,Nick Sorensen,2004,sec,26,25-28,JAX,Undrafted,Undrafted,16,0
ShawntaeSpencer26SFO2008,Shawntae Spencer,2008,sec,26,25-28,SFO,3,203,2,0
C.J.Spillman26SFO2012,C.J. Spillman,2012,sec,26,25-28,SFO,Undrafted,Undrafted,16,0
ShawnSprings26SEA2001,Shawn Springs,2001,sec,26,25-28,SEA,1,170,8,7
BradSt. Louis26CIN2002,Brad St. Louis,2002,sec,26,25-28,CIN,8,121,16,0
R.J.Stanford26MIA2014,R.J. Stanford,2014,sec,26,25-28,MIA,8,135,5,1
DuaneStarks26BAL2000,Duane Starks,2000,sec,26,25-28,BAL,1,2,15,15
ScottStarks26JAX2009,Scott Starks,2009,sec,26,25-28,JAX,4,235,5,0
CraigSteltz26CHI2012,Craig Steltz,2012,sec,26,25-28,CHI,5,25,13,0
DarianStewart26BAL2014,Darian Stewart,2014,sec,26,25-28,BAL,Undrafted,Undrafted,16,14
MichaelStone26ARI2004,Michael Stone,2004,sec,26,25-28,ARI,3,199,14,0
OmarStoutmire26NYG2000,Omar Stoutmire,2000,sec,26,25-28,NYG,8,136,16,0
DerrickStrait263TM2006,Derrick Strait,2006,sec,26,25-28,3TM,4,223,8,2
DonaldStrickland26SFO2006,Donald Strickland,2006,sec,26,25-28,SFO,4,239,3,3
DarrellStuckey26SDG2013,Darrell Stuckey,2013,sec,26,25-28,SDG,5,14,16,0
NickSundberg26WAS2013,Nick Sundberg,2013,sec,26,25-28,WAS,Undrafted,Undrafted,5,0
PatrickSurtain26MIA2002,Patrick Surtain,2002,sec,26,25-28,MIA,3,188,14,14
JasonSuttle26DEN2000,Jason Suttle,2000,sec,26,25-28,DEN,Undrafted,Undrafted,5,0
D.J.Swearinger26WAS2017,D.J. Swearinger,2017,sec,26,25-28,WAS,3,202,16,16
MichaelSwift26JAX2000,Michael Swift,2000,sec,26,25-28,JAX,Undrafted,Undrafted,1,0
AqibTalib262TM2012,Aqib Talib,2012,sec,26,25-28,2TM,1,109,10,9
KeithTandy26TAM2015,Keith Tandy,2015,sec,26,25-28,TAM,7,82,14,2
JaquiskiTartt26SFO2018,Jaquiski Tartt,2018,sec,26,25-28,SFO,3,190,6,6
IkeTaylor26PIT2006,Ike Taylor,2006,sec,26,25-28,PIT,5,30,16,11
JamarTaylor26CLE2016,Jamar Taylor,2016,sec,26,25-28,CLE,3,199,15,14
QuintonTeal26SDG2010,Quinton Teal,2010,sec,26,25-28,SDG,Undrafted,Undrafted,13,0
DavidTerrell26WAS2001,David Terrell,2001,sec,26,25-28,WAS,8,101,16,16
StevenTerrell26SEA2016,Steven Terrell,2016,sec,26,25-28,SEA,Undrafted,Undrafted,16,5
KeithThibodeaux26MIN2000,Keith Thibodeaux,2000,sec,26,25-28,MIN,6,46,16,0
EarlThomas26SEA2015,Earl Thomas,2015,sec,26,25-28,SEA,1,45,16,16
JoshThomas262TM2015,Josh Thomas,2015,sec,26,25-28,2TM,6,49,9,0
KevinThomas26BUF2004,Kevin Thomas,2004,sec,26,25-28,BUF,7,84,16,1
KiwaukeeThomas26JAX2003,Kiwaukee Thomas,2003,sec,26,25-28,JAX,6,65,11,1
MichaelThomas26MIA2016,Michael Thomas,2016,sec,26,25-28,MIA,Undrafted,Undrafted,16,8
ShamarkoThomas26BUF2017,Shamarko Thomas,2017,sec,26,25-28,BUF,5,15,12,0
LamontThompson26TEN2004,Lamont Thompson,2004,sec,26,25-28,TEN,3,185,16,13
PeytonThompson26JAX2016,Peyton Thompson,2016,sec,26,25-28,JAX,Undrafted,Undrafted,15,0
NeikoThorpe26SEA2016,Neiko Thorpe,2016,sec,26,25-28,SEA,Undrafted,Undrafted,15,0
WalterThurmond26SEA2013,Walter Thurmond,2013,sec,26,25-28,SEA,5,15,12,3
CharlesTillman26CHI2007,Charles Tillman,2007,sec,26,25-28,CHI,3,178,15,15
TravaresTillman26CAR2003,Travares Tillman,2003,sec,26,25-28,CAR,3,203,7,0
CarsonTinker26JAX2015,Carson Tinker,2015,sec,26,25-28,JAX,Undrafted,Undrafted,16,0
LeighTorrence262TM2008,Leigh Torrence,2008,sec,26,25-28,2TM,Undrafted,Undrafted,16,0
DesheaTownsend26PIT2001,Deshea Townsend,2001,sec,26,25-28,PIT,5,21,16,1
BryndenTrawick26BAL2015,Brynden Trawick,2015,sec,26,25-28,BAL,Undrafted,Undrafted,16,1
MorganTrent263TM2011,Morgan Trent,2011,sec,26,25-28,3TM,7,87,12,2
DesmondTrufant26ATL2016,Desmond Trufant,2016,sec,26,25-28,ATL,1,131,9,9
MarcusTrufant26SEA2006,Marcus Trufant,2006,sec,26,25-28,SEA,1,13,15,15
JustinTryon26IND2010,Justin Tryon,2010,sec,26,25-28,IND,5,29,12,6
B.J.Tucker26SFO2006,B.J. Tucker,2006,sec,26,25-28,SFO,7,86,4,1
KennyVaccaro26NOR2017,Kenny Vaccaro,2017,sec,26,25-28,NOR,1,56,12,12
EricVance26TAM2001,Eric Vance,2001,sec,26,25-28,TAM,Undrafted,Undrafted,10,0
NathanVasher26CHI2007,Nathan Vasher,2007,sec,26,25-28,CHI,5,14,4,2
CassiusVaughn26IND2013,Cassius Vaughn,2013,sec,26,25-28,IND,Undrafted,Undrafted,16,4
RaymondVentrone26CLE2012,Raymond Ventrone,2012,sec,26,25-28,CLE,Undrafted,Undrafted,12,0
AlterraunVerner26TAM2014,Alterraun Verner,2014,sec,26,25-28,TAM,5,7,14,14
JasonVerrett26LAC2017,Jason Verrett,2017,sec,26,25-28,LAC,1,159,1,1
JonathanWade262TM2010,Jonathan Wade,2010,sec,26,25-28,2TM,4,232,12,7
TrevinWade26NYG2015,Trevin Wade,2015,sec,26,25-28,NYG,8,154,16,3
FrankWalker26GNB2007,Frank Walker,2007,sec,26,25-28,GNB,7,117,12,0
RamonWalker26HOU2005,Ramon Walker,2005,sec,26,25-28,HOU,6,60,16,0
DarrinWalls26NYJ2014,Darrin Walls,2014,sec,26,25-28,NYJ,Undrafted,Undrafted,14,12
LennyWalls26DEN2005,Lenny Walls,2005,sec,26,25-28,DEN,Undrafted,Undrafted,7,3
RaymondWalls26ARI2005,Raymond Walls,2005,sec,26,25-28,ARI,6,59,7,2
AnthonyWalters26CHI2014,Anthony Walters,2014,sec,26,25-28,CHI,Undrafted,Undrafted,4,0
B.J.Ward26OAK2007,B.J. Ward,2007,sec,26,25-28,OAK,Undrafted,Undrafted,4,0
JimmieWard26SFO2017,Jimmie Ward,2017,sec,26,25-28,SFO,1,171,7,6
T.J.Ward26CLE2012,T.J. Ward,2012,sec,26,25-28,CLE,3,181,14,14
MattWare26ARI2008,Matt Ware,2008,sec,26,25-28,ARI,4,237,13,1
EricWarfield26KAN2002,Eric Warfield,2002,sec,26,25-28,KAN,8,127,16,16
GregWarren26PIT2007,Greg Warren,2007,sec,26,25-28,PIT,Undrafted,Undrafted,16,0
FabianWashington26BAL2009,Fabian Washington,2009,sec,26,25-28,BAL,1,141,10,10
RashadWashington26NYJ2006,Rashad Washington,2006,sec,26,25-28,NYJ,8,146,16,0
JaylenWatkins26PHI2017,Jaylen Watkins,2017,sec,26,25-28,PHI,5,4,12,1
PatWatkins26DAL2008,Pat Watkins,2008,sec,26,25-28,DAL,6,43,8,0
TraeWaynes26MIN2018,Trae Waynes,2018,sec,26,25-28,MIN,1,13,7,7
FredWeary26NOR2000,Fred Weary,2000,sec,26,25-28,NOR,5,246,12,12
B.W.Webb26NOR2016,B.W. Webb,2016,sec,26,25-28,NOR,5,18,14,8
LardariusWebb26BAL2011,Lardarius Webb,2011,sec,26,25-28,BAL,4,236,16,15
CoreyWebster26NYG2008,Corey Webster,2008,sec,26,25-28,NYG,3,187,16,16
JasonWebster26SFO2003,Jason Webster,2003,sec,26,25-28,SFO,3,192,5,2
KayvonWebster26LAR2017,Kayvon Webster,2017,sec,26,25-28,LAR,4,239,11,11
EricWeddle26SDG2011,Eric Weddle,2011,sec,26,25-28,SDG,3,180,16,16
JonWeeks26HOU2012,Jon Weeks,2012,sec,26,25-28,HOU,Undrafted,Undrafted,16,0
JohnWendling26BUF2009,John Wendling,2009,sec,26,25-28,BUF,7,93,16,0
DanteWesley26CAR2005,Dante Wesley,2005,sec,26,25-28,CAR,5,3,16,0
GregWesley26KAN2004,Greg Wesley,2004,sec,26,25-28,KAN,4,233,12,11
LyleWest26KAN2002,Lyle West,2002,sec,26,25-28,KAN,7,98,16,0
BryantWestbrook26DET2000,Bryant Westbrook,2000,sec,26,25-28,DET,1,194,13,13
ByronWestbrook26WAS2011,Byron Westbrook,2011,sec,26,25-28,WAS,Undrafted,Undrafted,15,0
CoreyWhite26BUF2016,Corey White,2016,sec,26,25-28,BUF,6,69,15,4
MarvinWhite262TM2009,Marvin White,2009,sec,26,25-28,2TM,5,18,13,6
DonteWhitner26SFO2011,Donte Whitner,2011,sec,26,25-28,SFO,1,227,15,15
J.J.Wilcox26PIT2017,J.J. Wilcox,2017,sec,26,25-28,PIT,4,228,12,1
JonathanWilhite26NWE2010,Jonathan Wilhite,2010,sec,26,25-28,NWE,5,34,9,1
AaronWilliams26BUF2016,Aaron Williams,2016,sec,26,25-28,BUF,3,177,7,5
BrandonWilliams26ARI2018,Brandon Williams,2018,sec,26,25-28,ARI,4,241,8,0
BrianWilliams26MIN2005,Brian Williams,2005,sec,26,25-28,MIN,5,8,14,9
CaryWilliams26BAL2010,Cary Williams,2010,sec,26,25-28,BAL,8,140,13,0
ChadWilliams26BAL2005,Chad Williams,2005,sec,26,25-28,BAL,7,119,16,3
DukeWilliams262TM2016,Duke Williams,2016,sec,26,25-28,2TM,5,8,10,2
ElijahWilliams26ATL2001,Elijah Williams,2001,sec,26,25-28,ATL,7,73,5,1
JimmyWilliams26SEA2005,Jimmy Williams,2005,sec,26,25-28,SEA,7,106,14,1
K'WaunWilliams26SFO2017,K'Waun Williams,2017,sec,26,25-28,SFO,Undrafted,Undrafted,14,5
MadieuWilliams26CIN2007,Madieu Williams,2007,sec,26,25-28,CIN,3,201,13,13
MarcusWilliams262TM2017,Marcus Williams,2017,sec,26,25-28,2TM,Undrafted,Undrafted,15,0
RandalWilliams26DAL2004,Randal Williams,2004,sec,26,25-28,DAL,Undrafted,Undrafted,2,2
RoyWilliams26DAL2006,Roy Williams,2006,sec,26,25-28,DAL,1,227,16,16
ShaunWilliams26NYG2002,Shaun Williams,2002,sec,26,25-28,NYG,1,149,16,16
ShawnWilliams26CIN2017,Shawn Williams,2017,sec,26,25-28,CIN,4,232,11,11
TeddyWilliams263TM2014,Teddy Williams,2014,sec,26,25-28,3TM,Undrafted,Undrafted,7,0
TramonWilliams26GNB2009,Tramon Williams,2009,sec,26,25-28,GNB,Undrafted,Undrafted,16,10
AdrianWilson26ARI2005,Adrian Wilson,2005,sec,26,25-28,ARI,4,210,16,16
EugeneWilson26NWE2006,Eugene Wilson,2006,sec,26,25-28,NWE,3,179,4,4
GeorgeWilson26BUF2007,George Wilson,2007,sec,26,25-28,BUF,Undrafted,Undrafted,12,9
GibrilWilson26NYG2007,Gibril Wilson,2007,sec,26,25-28,NYG,6,41,13,13
JimmyWilson26MIA2012,Jimmy Wilson,2012,sec,26,25-28,MIA,8,145,15,4
JoshWilson26WAS2011,Josh Wilson,2011,sec,26,25-28,WAS,3,200,16,16
KyleWilson26NYJ2013,Kyle Wilson,2013,sec,26,25-28,NYJ,1,169,16,1
TavonWilson26DET2016,Tavon Wilson,2016,sec,26,25-28,DET,3,192,15,14
JamaineWinborne26BAL2006,Jamaine Winborne,2006,sec,26,25-28,BAL,Undrafted,Undrafted,1,0
JamesWinchester26KAN2015,James Winchester,2015,sec,26,25-28,KAN,Undrafted,Undrafted,16,0
MikeWindt26SDG2012,Mike Windt,2012,sec,26,25-28,SDG,Undrafted,Undrafted,10,0
AntoineWinfield26BUF2003,Antoine Winfield,2003,sec,26,25-28,BUF,1,141,16,16
CoyWire26BUF2004,Coy Wire,2004,sec,26,25-28,BUF,4,246,12,3
CharlesWoodson26OAK2002,Charles Woodson,2002,sec,26,25-28,OAK,1,183,8,7
AndreWoolfolk26TEN2006,Andre Woolfolk,2006,sec,26,25-28,TEN,1,168,10,1
BlidiWreh-Wilson26TEN2015,Blidi Wreh-Wilson,2015,sec,26,25-28,TEN,4,217,10,3
EricWright26DET2011,Eric Wright,2011,sec,26,25-28,DET,3,198,16,16
KennyWright26HOU2003,Kenny Wright,2003,sec,26,25-28,HOU,5,25,15,5
MajorWright26TAM2014,Major Wright,2014,sec,26,25-28,TAM,4,222,12,7
ShareeceWright26SDG2013,Shareece Wright,2013,sec,26,25-28,SDG,4,237,13,13
DexterWynn26HOU2007,Dexter Wynn,2007,sec,26,25-28,HOU,7,102,8,1
JimmyWyrick26DET2002,Jimmy Wyrick,2002,sec,26,25-28,DET,Undrafted,Undrafted,15,1
AshtonYouboty26BUF2010,Ashton Youboty,2010,sec,26,25-28,BUF,4,217,13,0
UsamaYoung26CLE2011,Usama Young,2011,sec,26,25-28,CLE,4,212,16,8
ChristianYount26CLE2014,Christian Yount,2014,sec,26,25-28,CLE,Undrafted,Undrafted,16,0
TomZbikowski26BAL2011,Tom Zbikowski,2011,sec,26,25-28,BAL,4,234,14,4
IsaAbdul-Quddus27MIA2016,Isa Abdul-Quddus,2016,sec,27,25-28,MIA,Undrafted,Undrafted,15,15
HamzaAbdullah27ARI2010,Hamza Abdullah,2010,sec,27,25-28,ARI,8,143,6,0
DonnieAbraham27TAM2000,Donnie Abraham,2000,sec,27,25-28,TAM,4,218,16,16
BlueAdams27TAM2006,Blue Adams,2006,sec,27,25-28,TAM,8,132,16,0
MichaelAdams27ARI2012,Michael Adams,2012,sec,27,25-28,ARI,Undrafted,Undrafted,15,0
MikeAdams27CLE2008,Mike Adams,2008,sec,27,25-28,CLE,Undrafted,Undrafted,14,5
PhillipAdams27ATL2015,Phillip Adams,2015,sec,27,25-28,ATL,8,136,13,3
JahleelAddae27LAC2017,Jahleel Addae,2017,sec,27,25-28,LAC,Undrafted,Undrafted,16,16
DannyAiken27NYG2015,Danny Aiken,2015,sec,27,25-28,NYG,Undrafted,Undrafted,3,0
WaltAikens27MIA2018,Walt Aikens,2018,sec,27,25-28,MIA,5,30,8,0
ChrisAkins27NWE2003,Chris Akins,2003,sec,27,25-28,NWE,8,123,12,0
GeraldAlexander272TM2011,Gerald Alexander,2011,sec,27,25-28,2TM,3,207,3,0
MauriceAlexander27SEA2018,Maurice Alexander,2018,sec,27,25-28,SEA,5,14,2,0
RobertAlford27ATL2015,Robert Alford,2015,sec,27,25-28,ATL,3,206,15,15
CortezAllen27PIT2015,Cortez Allen,2015,sec,27,25-28,PIT,5,33,1,0
JasonAllen272TM2010,Jason Allen,2010,sec,27,25-28,2TM,1,66,15,7
NateAllen27PHI2014,Nate Allen,2014,sec,27,25-28,PHI,3,180,15,15
RicardoAllen27ATL2018,Ricardo Allen,2018,sec,27,25-28,ATL,6,53,3,3
TajeAllen27STL2000,Taje Allen,2000,sec,27,25-28,STL,6,64,11,1
WillAllen27NYG2005,Will Allen,2005,sec,27,25-28,NYG,1,131,16,16
WillAllen27TAM2009,Will Allen,2009,sec,27,25-28,TAM,5,15,8,2
KenAmato27TEN2004,Ken Amato,2004,sec,27,25-28,TEN,Undrafted,Undrafted,16,0
PrinceAmukamara27JAX2016,Prince Amukamara,2016,sec,27,25-28,JAX,1,99,14,12
ColtAnderson27PHI2012,Colt Anderson,2012,sec,27,25-28,PHI,Undrafted,Undrafted,14,4
AdamArchuleta27STL2004,Adam Archuleta,2004,sec,27,25-28,STL,1,109,16,14
JavierArenas27ATL2014,Javier Arenas,2014,sec,27,25-28,ATL,3,195,6,0
KyleArrington27NWE2013,Kyle Arrington,2013,sec,27,25-28,NWE,Undrafted,Undrafted,16,12
LarryAsante27OAK2015,Larry Asante,2015,sec,27,25-28,OAK,6,67,16,2
NnamdiAsomugha27OAK2008,Nnamdi Asomugha,2008,sec,27,25-28,OAK,1,172,15,15
O.J.Atogwe27STL2008,O.J. Atogwe,2008,sec,27,25-28,STL,4,212,16,16
JerryAzumah27CHI2004,Jerry Azumah,2004,sec,27,25-28,CHI,6,53,12,8
JordanBabineaux27SEA2009,Jordan Babineaux,2009,sec,27,25-28,SEA,Undrafted,Undrafted,16,16
JohnsonBademosi27NWE2017,Johnson Bademosi,2017,sec,27,25-28,NWE,Undrafted,Undrafted,16,3
ChampBailey27DEN2005,Champ Bailey,2005,sec,27,25-28,DEN,1,216,14,14
AlanBall27HOU2012,Alan Ball,2012,sec,27,25-28,HOU,8,147,11,1
MarcusBall27NOR2014,Marcus Ball,2014,sec,27,25-28,NOR,Undrafted,Undrafted,12,2
ChrisBanjo27NOR2017,Chris Banjo,2017,sec,27,25-28,NOR,Undrafted,Undrafted,16,0
AntonioBanks27MIN2000,Antonio Banks,2000,sec,27,25-28,MIN,5,17,14,0
JohnthanBanks273TM2016,Johnthan Banks,2016,sec,27,25-28,3TM,3,187,9,2
RondeBarber27TAM2002,Ronde Barber,2002,sec,27,25-28,TAM,4,212,16,16
DavidBarrett27NYJ2004,David Barrett,2004,sec,27,25-28,NYJ,5,5,16,16
JoshBarrett27NWE2011,Josh Barrett,2011,sec,27,25-28,NWE,8,132,5,4
MarkBarron27LAR2016,Mark Barron,2016,sec,27,25-28,LAR,1,216,16,16
WilliamBartee27KAN2004,William Bartee,2004,sec,27,25-28,KAN,3,199,14,9
RonBartell27STL2009,Ron Bartell,2009,sec,27,25-28,STL,3,195,15,15
IdreesBashir27CAR2005,Idrees Bashir,2005,sec,27,25-28,CAR,3,180,11,0
GaryBaxter27CLE2005,Gary Baxter,2005,sec,27,25-28,CLE,3,208,5,5
AaronBeasley27JAX2000,Aaron Beasley,2000,sec,27,25-28,JAX,4,209,14,14
RogersBeckett27CIN2004,Rogers Beckett,2004,sec,27,25-28,CIN,3,187,7,5
TonyBeckham27TEN2005,Tony Beckham,2005,sec,27,25-28,TEN,5,19,15,2
JasonBell27HOU2005,Jason Bell,2005,sec,27,25-28,HOU,Undrafted,Undrafted,16,0
YeremiahBell27MIA2005,Yeremiah Bell,2005,sec,27,25-28,MIA,7,124,16,0
FredBennett272TM2010,Fred Bennett,2010,sec,27,25-28,2TM,5,28,9,0
TommyBennett27ARI2000,Tommy Bennett,2000,sec,27,25-28,ARI,Undrafted,Undrafted,11,0
BeneBenwikere27ARI2018,Bene Benwikere,2018,sec,27,25-28,ARI,6,54,8,5
NatBerhe27PIT2018,Nat Berhe,2018,sec,27,25-28,PIT,6,59,4,0
EricBerry27KAN2015,Eric Berry,2015,sec,27,25-28,KAN,1,194,16,15
AntoineBethea27IND2011,Antoine Bethea,2011,sec,27,25-28,IND,7,117,16,16
ChrisCrocker27ATL2007,Chris Crocker,2007,sec,27,25-28,ATL,4,232,14,14
AntonioCromartie27NYJ2011,Antonio Cromartie,2011,sec,27,25-28,NYJ,1,99,16,16
MarcusCromartie27HOU2017,Marcus Cromartie,2017,sec,27,25-28,HOU,Undrafted,Undrafted,1,0
CliftonCrosby27IND2001,Clifton Crosby,2001,sec,27,25-28,IND,Undrafted,Undrafted,14,0
ChrisCulliver27WAS2015,Chris Culliver,2015,sec,27,25-28,WAS,4,228,6,6
TyroneCulver27MIA2010,Tyrone Culver,2010,sec,27,25-28,MIA,7,94,15,0
JohnathanCyprien27TEN2017,Johnathan Cyprien,2017,sec,27,25-28,TEN,3,176,10,10
CraigDahl27STL2012,Craig Dahl,2012,sec,27,25-28,STL,Undrafted,Undrafted,16,16
TravisDaniels27KAN2009,Travis Daniels,2009,sec,27,25-28,KAN,5,7,9,2
Jean-PhillipeDarche27SEA2002,Jean-Phillipe Darche,2002,sec,27,25-28,SEA,Undrafted,Undrafted,16,0
DonovinDarius27JAX2002,Donovin Darius,2002,sec,27,25-28,JAX,1,159,14,14
AkeemDavis27JAX2016,Akeem Davis,2016,sec,27,25-28,JAX,Undrafted,Undrafted,2,0
CodyDavis27LAR2016,Cody Davis,2016,sec,27,25-28,LAR,Undrafted,Undrafted,15,3
KeithDavis27DAL2005,Keith Davis,2005,sec,27,25-28,DAL,Undrafted,Undrafted,16,15
SammyDavis27TAM2007,Sammy Davis,2007,sec,27,25-28,TAM,1,171,14,1
VontaeDavis27IND2015,Vontae Davis,2015,sec,27,25-28,IND,1,159,16,16
BrianDawkins*27PHI2000,Brian Dawkins*,2000,sec,27,25-28,PHI,3,207,13,13
ThomasDeCoud27ATL2012,Thomas DeCoud,2012,sec,27,25-28,ATL,4,247,16,16
LouisDelmas27MIA2014,Louis Delmas,2014,sec,27,25-28,MIA,3,176,13,12
QuintinDemps27HOU2012,Quintin Demps,2012,sec,27,25-28,HOU,5,21,12,0
WillDemps27NYG2006,Will Demps,2006,sec,27,25-28,NYG,Undrafted,Undrafted,16,16
DarquezeDennard27CIN2018,Darqueze Dennard,2018,sec,27,25-28,CIN,1,149,6,3
JohnDenney27MIA2005,John Denney,2005,sec,27,25-28,MIA,Undrafted,Undrafted,16,0
TimDenton27SDG2000,Tim Denton,2000,sec,27,25-28,SDG,Undrafted,Undrafted,5,0
ZakDeOssie27NYG2011,Zak DeOssie,2011,sec,27,25-28,NYG,5,20,16,0
AndrewDePaola27TAM2014,Andrew DePaola,2014,sec,27,25-28,TAM,Undrafted,Undrafted,16,0
PierreDesir27IND2017,Pierre Desir,2017,sec,27,25-28,IND,5,32,9,6
QuintonDial27GNB2017,Quinton Dial,2017,sec,27,25-28,GNB,6,63,13,2
BrandonDixon27NYG2017,Brandon Dixon,2017,sec,27,25-28,NYG,7,105,5,5
JonDorenbos27PHI2007,Jon Dorenbos,2007,sec,27,25-28,PHI,Undrafted,Undrafted,16,0
AnthonyDorsett27OAK2000,Anthony Dorsett,2000,sec,27,25-28,OAK,7,85,16,16
MikeDoss27CIN2008,Mike Doss,2008,sec,27,25-28,CIN,3,203,3,0
ReedDoughty27WAS2009,Reed Doughty,2009,sec,27,25-28,WAS,7,81,15,7
JustinDrescher27NOR2015,Justin Drescher,2015,sec,27,25-28,NOR,Undrafted,Undrafted,16,0
AndreDyson27NYJ2006,Andre Dyson,2006,sec,27,25-28,NYJ,3,206,15,15
NateEbner27NWE2015,Nate Ebner,2015,sec,27,25-28,NWE,7,107,15,0
AndrewEconomos27TAM2009,Andrew Economos,2009,sec,27,25-28,TAM,Undrafted,Undrafted,16,0
AntuanEdwards272TM2004,Antuan Edwards,2004,sec,27,25-28,2TM,1,159,14,13
MarioEdwards27DAL2002,Mario Edwards,2002,sec,27,25-28,DAL,7,89,15,15
AbramElam27NYJ2008,Abram Elam,2008,sec,27,25-28,NYJ,Undrafted,Undrafted,16,9
PercyEllsworth27CLE2001,Percy Ellsworth,2001,sec,27,25-28,CLE,Undrafted,Undrafted,11,9
HiramEugene27OAK2007,Hiram Eugene,2007,sec,27,25-28,OAK,Undrafted,Undrafted,16,5
DemarcusFaggins27HOU2006,Demarcus Faggins,2006,sec,27,25-28,HOU,7,81,11,10
NickFerguson27NYJ2001,Nick Ferguson,2001,sec,27,25-28,NYJ,Undrafted,Undrafted,16,1
CortlandFinnegan27TEN2011,Cortland Finnegan,2011,sec,27,25-28,TEN,8,126,16,16
TravisFisher27STL2006,Travis Fisher,2006,sec,27,25-28,STL,3,210,9,9
BradleyFletcher27PHI2013,Bradley Fletcher,2013,sec,27,25-28,PHI,4,212,13,13
JamarFletcher27DET2006,Jamar Fletcher,2006,sec,27,25-28,DET,1,166,13,2
DraytonFlorence27SDG2007,Drayton Florence,2007,sec,27,25-28,SDG,3,190,16,10
BrandonFlowers27KAN2013,Brandon Flowers,2013,sec,27,25-28,KAN,3,178,13,13
LeeFlowers27PIT2000,Lee Flowers,2000,sec,27,25-28,PIT,6,58,14,14
VernonFox27WAS2006,Vernon Fox,2006,sec,27,25-28,WAS,Undrafted,Undrafted,16,6
EricFrampton27MIN2011,Eric Frampton,2011,sec,27,25-28,MIN,6,72,16,0
AaronFrancisco27IND2010,Aaron Francisco,2010,sec,27,25-28,IND,Undrafted,Undrafted,12,12
DominiqueFranks27BAL2014,Dominique Franks,2014,sec,27,25-28,BAL,6,40,4,1
ToddFranz27WAS2003,Todd Franz,2003,sec,27,25-28,WAS,6,51,16,1
ArturoFreeman27MIA2003,Arturo Freeman,2003,sec,27,25-28,MIA,6,59,16,0
VincentFuller27TEN2009,Vincent Fuller,2009,sec,27,25-28,TEN,5,11,13,1
ThomasGafford27KAN2010,Thomas Gafford,2010,sec,27,25-28,KAN,Undrafted,Undrafted,16,0
PhillipGaines27BUF2018,Phillip Gaines,2018,sec,27,25-28,BUF,4,235,6,5
ChrisGamble27CAR2010,Chris Gamble,2010,sec,27,25-28,CAR,1,168,11,10
SamGarnes27NYG2001,Sam Garnes,2001,sec,27,25-28,NYG,6,41,16,16
RandallGay27NOR2009,Randall Gay,2009,sec,27,25-28,NOR,Undrafted,Undrafted,14,7
WilliamGay27ARI2012,William Gay,2012,sec,27,25-28,ARI,6,78,16,15
BrandonGhee27TEN2014,Brandon Ghee,2014,sec,27,25-28,TEN,4,245,6,1
DerrickGibson27OAK2006,Derrick Gibson,2006,sec,27,25-28,OAK,1,168,16,1
MarcusGilchrist27NYJ2015,Marcus Gilchrist,2015,sec,27,25-28,NYJ,3,195,16,16
StephonGilmore27NWE2017,Stephon Gilmore,2017,sec,27,25-28,NWE,1,2,13,13
MattGiordano27GNB2009,Matt Giordano,2009,sec,27,25-28,GNB,5,40,5,0
TashaunGipson27JAX2017,Tashaun Gipson,2017,sec,27,25-28,JAX,Undrafted,Undrafted,16,16
SteveGleason27NOR2004,Steve Gleason,2004,sec,27,25-28,NOR,Undrafted,Undrafted,15,0
CharlesGodfrey27CAR2012,Charles Godfrey,2012,sec,27,25-28,CAR,4,213,15,15
RobertGolden27PIT2017,Robert Golden,2017,sec,27,25-28,PIT,Undrafted,Undrafted,16,2
DashonGoldson27SFO2011,Dashon Goldson,2011,sec,27,25-28,SFO,5,31,14,14
BrettGoode27GNB2011,Brett Goode,2011,sec,27,25-28,GNB,Undrafted,Undrafted,16,0
Andre'Goodman27DET2005,Andre' Goodman,2005,sec,27,25-28,DET,4,214,15,8
DemetriGoodson27GNB2016,Demetri Goodson,2016,sec,27,25-28,GNB,7,107,6,3
C.J.Goodwin272TM2017,C.J. Goodwin,2017,sec,27,25-28,2TM,Undrafted,Undrafted,14,0
JoshGordy27IND2014,Josh Gordy,2014,sec,27,25-28,IND,Undrafted,Undrafted,16,1
DannyGorrer27TAM2013,Danny Gorrer,2013,sec,27,25-28,TAM,Undrafted,Undrafted,7,0
CoreyGraham27BAL2012,Corey Graham,2012,sec,27,25-28,BAL,6,75,16,8
DeonGrant27JAX2006,Deon Grant,2006,sec,27,25-28,JAX,3,202,16,16
MichaelGreen27CHI2003,Michael Green,2003,sec,27,25-28,CHI,8,164,10,8
DonovanGreer27WAS2001,Donovan Greer,2001,sec,27,25-28,WAS,Undrafted,Undrafted,2,0
JabariGreer27NOR2009,Jabari Greer,2009,sec,27,25-28,NOR,Undrafted,Undrafted,9,8
SteveGregory27SDG2010,Steve Gregory,2010,sec,27,25-28,SDG,Undrafted,Undrafted,9,9
ClintGresham27SEA2013,Clint Gresham,2013,sec,27,25-28,SEA,Undrafted,Undrafted,16,0
CedricGriffin27MIN2009,Cedric Griffin,2009,sec,27,25-28,MIN,3,192,16,16
MichaelGriffin27TEN2012,Michael Griffin,2012,sec,27,25-28,TEN,1,99,16,16
BrentGrimes27ATL2010,Brent Grimes,2010,sec,27,25-28,ATL,Undrafted,Undrafted,16,16
JoeHaden27CLE2016,Joe Haden,2016,sec,27,25-28,CLE,1,216,13,13
CoryHall27ATL2003,Cory Hall,2003,sec,27,25-28,ATL,4,211,11,10
DeAngeloHall27WAS2010,DeAngelo Hall,2010,sec,27,25-28,WAS,1,227,16,16
LeonHall27CIN2011,Leon Hall,2011,sec,27,25-28,CIN,1,88,9,9
ConradHamilton27ATL2001,Conrad Hamilton,2001,sec,27,25-28,ATL,8,125,6,0
KenHamlin27DAL2008,Ken Hamlin,2008,sec,27,25-28,DAL,3,186,16,16
JoselioHanson27PHI2008,Joselio Hanson,2008,sec,27,25-28,PHI,Undrafted,Undrafted,16,3
DeveronHarper27NOR2004,Deveron Harper,2004,sec,27,25-28,NOR,Undrafted,Undrafted,5,0
NickHarper27IND2001,Nick Harper,2001,sec,27,25-28,IND,Undrafted,Undrafted,13,2
RomanHarper27NOR2009,Roman Harper,2009,sec,27,25-28,NOR,3,187,16,16
AlHarris27PHI2001,Al Harris,2001,sec,27,25-28,PHI,7,76,16,2
AnthonyHarris27MIN2018,Anthony Harris,2018,sec,27,25-28,MIN,Undrafted,Undrafted,7,1
AntoineHarris27ATL2009,Antoine Harris,2009,sec,27,25-28,ATL,Undrafted,Undrafted,10,0
ChrisHarris27CAR2009,Chris Harris,2009,sec,27,25-28,CAR,7,90,13,13
ChrisHarris27DEN2016,Chris Harris,2016,sec,27,25-28,DEN,Undrafted,Undrafted,16,15
ClarkHarris27CIN2011,Clark Harris,2011,sec,27,25-28,CIN,8,152,16,0
CoreyHarris27KAN2003,Corey Harris,2003,sec,27,25-28,KAN,Undrafted,Undrafted,3,0
ErikHarris27OAK2017,Erik Harris,2017,sec,27,25-28,OAK,Undrafted,Undrafted,15,0
JoshHarris27ATL2016,Josh Harris,2016,sec,27,25-28,ATL,Undrafted,Undrafted,16,0
QuentinHarris27ARI2004,Quentin Harris,2004,sec,27,25-28,ARI,Undrafted,Undrafted,16,4
WaltHarris27CHI2001,Walt Harris,2001,sec,27,25-28,CHI,1,35,15,14
ClintonHart27SDG2004,Clinton Hart,2004,sec,27,25-28,SDG,Undrafted,Undrafted,14,0
ArtrellHawkins27CIN2003,Artrell Hawkins,2003,sec,27,25-28,CIN,3,187,14,9
MichaelHawthorne27GNB2004,Michael Hawthorne,2004,sec,27,25-28,GNB,7,105,16,5
D.J.Hayden27DET2017,D.J. Hayden,2017,sec,27,25-28,DET,1,24,16,1
KelvinHayden27IND2010,Kelvin Hayden,2010,sec,27,25-28,IND,3,206,11,11
CaseyHayward27SDG2016,Casey Hayward,2016,sec,27,25-28,SDG,3,208,16,14
RonnieHeard27SFO2003,Ronnie Heard,2003,sec,27,25-28,SFO,Undrafted,Undrafted,12,1
JeffHeath27DAL2018,Jeff Heath,2018,sec,27,25-28,DAL,Undrafted,Undrafted,7,7
RodneyHeath27CIN2001,Rodney Heath,2001,sec,27,25-28,CIN,Undrafted,Undrafted,5,5
T.J.Heath27MIA2014,T.J. Heath,2014,sec,27,25-28,MIA,Undrafted,Undrafted,2,0
AnthonyHenry27CLE2003,Anthony Henry,2003,sec,27,25-28,CLE,5,246,14,13
KellyHerndon27DEN2003,Kelly Herndon,2003,sec,27,25-28,DEN,Undrafted,Undrafted,15,11
KimHerring27STL2002,Kim Herring,2002,sec,27,25-28,STL,3,203,16,16
RenaldoHill27OAK2005,Renaldo Hill,2005,sec,27,25-28,OAK,8,112,16,13
TroyHill27LAR2018,Troy Hill,2018,sec,27,25-28,LAR,Undrafted,Undrafted,8,4
TyeHill27ATL2009,Tye Hill,2009,sec,27,25-28,ATL,1,56,8,3
EllisHobbs27PHI2010,Ellis Hobbs,2010,sec,27,25-28,PHI,4,232,8,7
NathanHodel27ARI2004,Nathan Hodel,2004,sec,27,25-28,ARI,Undrafted,Undrafted,16,0
TerrenceHolt27ARI2007,Terrence Holt,2007,sec,27,25-28,ARI,6,42,16,16
RoderickHood27ARI2008,Roderick Hood,2008,sec,27,25-28,ARI,Undrafted,Undrafted,15,14
ChrisHope27TEN2007,Chris Hope,2007,sec,27,25-28,TEN,4,243,11,11
DavonHouse27JAX2016,Davon House,2016,sec,27,25-28,JAX,5,37,16,4
KevinHouser27NOR2004,Kevin Houser,2004,sec,27,25-28,NOR,8,139,16,0
ChrisHouston27DET2011,Chris Houston,2011,sec,27,25-28,DET,3,185,14,13
ReggieHoward27MIA2004,Reggie Howard,2004,sec,27,25-28,MIA,Undrafted,Undrafted,15,3
TyHoward27TEN2000,Ty Howard,2000,sec,27,25-28,TEN,4,232,1,0
JohnHowell27SEA2005,John Howell,2005,sec,27,25-28,SEA,5,21,10,0
MarcusHudson27SFO2009,Marcus Hudson,2009,sec,27,25-28,SFO,7,102,12,0
MichaelHuff27OAK2010,Michael Huff,2010,sec,27,25-28,OAK,1,216,16,15
BrandonHughes27PHI2013,Brandon Hughes,2013,sec,27,25-28,PHI,6,54,1,0
CharleyHughlett27CLE2017,Charley Hughlett,2017,sec,27,25-28,CLE,Undrafted,Undrafted,16,0
WillHunter27MIN2006,Will Hunter,2006,sec,27,25-28,MIN,Undrafted,Undrafted,10,0
MicahHyde27BUF2017,Micah Hyde,2017,sec,27,25-28,BUF,6,65,16,16
JamesIhedigbo27NYJ2010,James Ihedigbo,2010,sec,27,25-28,NYJ,Undrafted,Undrafted,14,0
DukeIhenacho27WAS2016,Duke Ihenacho,2016,sec,27,25-28,WAS,Undrafted,Undrafted,15,10
GeorgeIloka27CIN2017,George Iloka,2017,sec,27,25-28,CIN,6,74,16,16
KemalIshmael27ATL2018,Kemal Ishmael,2018,sec,27,25-28,ATL,8,152,7,0
CoreyIvy27TAM2004,Corey Ivy,2004,sec,27,25-28,TAM,Undrafted,Undrafted,16,0
ChidiIwuoma27PIT2005,Chidi Iwuoma,2005,sec,27,25-28,PIT,Undrafted,Undrafted,16,0
AsaJackson27DET2016,Asa Jackson,2016,sec,27,25-28,DET,6,76,4,2
DexterJackson27TAM2004,Dexter Jackson,2004,sec,27,25-28,TAM,5,17,6,1
EddieJackson27NWE2007,Eddie Jackson,2007,sec,27,25-28,NWE,Undrafted,Undrafted,3,0
KareemJackson27HOU2015,Kareem Jackson,2015,sec,27,25-28,HOU,1,109,12,10
RaymondJackson27CLE2000,Raymond Jackson,2000,sec,27,25-28,CLE,6,62,9,1
ToryJames27OAK2000,Tory James,2000,sec,27,25-28,OAK,3,188,16,1
QuentinJammer27SDG2006,Quentin Jammer,2006,sec,27,25-28,SDG,1,194,16,16
J.J.Jansen27CAR2013,J.J. Jansen,2013,sec,27,25-28,CAR,Undrafted,Undrafted,16,0
BillyJenkins272TM2001,Billy Jenkins,2001,sec,27,25-28,2TM,Undrafted,Undrafted,12,0
DeRonJenkins27SDG2000,DeRon Jenkins,2000,sec,27,25-28,SDG,3,200,15,14
JanorisJenkins27STL2015,Janoris Jenkins,2015,sec,27,25-28,STL,3,182,15,15
MalcolmJenkins27PHI2014,Malcolm Jenkins,2014,sec,27,25-28,PHI,1,45,16,16
MikeJenkins27DAL2012,Mike Jenkins,2012,sec,27,25-28,DAL,1,159,13,2
KellyJennings27SEA2009,Kelly Jennings,2009,sec,27,25-28,SEA,1,172,16,7
TimJennings27CHI2010,Tim Jennings,2010,sec,27,25-28,CHI,3,208,16,13
AdeJimoh27CHI2007,Ade Jimoh,2007,sec,27,25-28,CHI,Undrafted,Undrafted,6,0
D.J.Johnson27WAS2012,D.J. Johnson,2012,sec,27,25-28,WAS,Undrafted,Undrafted,7,0
DontaeJohnson27BUF2018,Dontae Johnson,2018,sec,27,25-28,BUF,5,34,1,0
EricJohnson27OAK2003,Eric Johnson,2003,sec,27,25-28,OAK,Undrafted,Undrafted,16,2
JeronJohnson27WAS2015,Jeron Johnson,2015,sec,27,25-28,WAS,Undrafted,Undrafted,14,2
JoshJohnson27JAX2016,Josh Johnson,2016,sec,27,25-28,JAX,Undrafted,Undrafted,8,0
LeonardJohnson27BUF2017,Leonard Johnson,2017,sec,27,25-28,BUF,Undrafted,Undrafted,15,7
RashadJohnson27ARI2013,Rashad Johnson,2013,sec,27,25-28,ARI,4,244,13,7
ToddJohnson27CHI2005,Todd Johnson,2005,sec,27,25-28,CHI,5,3,14,2
TrumaineJohnson27LAR2017,Trumaine Johnson,2017,sec,27,25-28,LAR,4,211,16,15
TyrellJohnson27DET2012,Tyrell Johnson,2012,sec,27,25-28,DET,3,187,4,0
AdamJones27CIN2010,Adam Jones,2010,sec,27,25-28,CIN,1,205,5,1
ColinJones27CAR2014,Colin Jones,2014,sec,27,25-28,CAR,7,100,16,2
DavidJones27WAS2012,David Jones,2012,sec,27,25-28,WAS,6,51,5,0
Herana-DazeJones27NOR2009,Herana-Daze Jones,2009,sec,27,25-28,NOR,Undrafted,Undrafted,1,0
NateJones27MIA2009,Nate Jones,2009,sec,27,25-28,MIA,8,115,16,5
ReshadJones27MIA2015,Reshad Jones,2015,sec,27,25-28,MIA,6,70,16,16
SeanJones27PHI2009,Sean Jones,2009,sec,27,25-28,PHI,3,204,15,9
TebuckyJones27NWE2001,Tebucky Jones,2001,sec,27,25-28,NWE,1,131,16,12
JohnathanJoseph27HOU2011,Johnathan Joseph,2011,sec,27,25-28,HOU,1,149,15,15
KerryJoseph27SEA2000,Kerry Joseph,2000,sec,27,25-28,SEA,Undrafted,Undrafted,16,10
LamarcusJoyner27LAR2017,Lamarcus Joyner,2017,sec,27,25-28,LAR,3,185,12,12
BhawohJue27SDG2006,Bhawoh Jue,2006,sec,27,25-28,SDG,4,218,12,2
KevinKaesviharn27CIN2003,Kevin Kaesviharn,2003,sec,27,25-28,CIN,Undrafted,Undrafted,16,7
MattKatula27BAL2009,Matt Katula,2009,sec,27,25-28,BAL,Undrafted,Undrafted,16,0
BrianKelly27TAM2003,Brian Kelly,2003,sec,27,25-28,TAM,3,189,5,5
KenoyKennedy27DEN2004,Kenoy Kennedy,2004,sec,27,25-28,DEN,3,189,16,16
EricKing27DET2009,Eric King,2009,sec,27,25-28,DET,6,62,4,1
DreKirkpatrick27CIN2016,Dre Kirkpatrick,2016,sec,27,25-28,CIN,1,77,15,14
SammyKnight27NOR2002,Sammy Knight,2002,sec,27,25-28,NOR,Undrafted,Undrafted,16,16
TomKnight27ARI2001,Tom Knight,2001,sec,27,25-28,ARI,1,238,8,8
CaseyKreiter27DEN2017,Casey Kreiter,2017,sec,27,25-28,DEN,Undrafted,Undrafted,16,0
L.P.Ladouceur27DAL2008,L.P. Ladouceur,2008,sec,27,25-28,DAL,Undrafted,Undrafted,16,0
DawanLandry27BAL2009,Dawan Landry,2009,sec,27,25-28,BAL,6,52,16,16
LaRonLandry27WAS2011,LaRon Landry,2011,sec,27,25-28,WAS,1,205,8,8
TerenceNewman27DAL2005,Terence Newman,2005,sec,27,25-28,DAL,1,194,16,16
DonteNicholson27TAM2008,Donte Nicholson,2008,sec,27,25-28,TAM,6,47,5,0
DonnieNickey27TEN2007,Donnie Nickey,2007,sec,27,25-28,TEN,6,61,16,0
JoshNorman27CAR2014,Josh Norman,2014,sec,27,25-28,CAR,6,49,14,10
DelthaO'Neal27CIN2004,Deltha O'Neal,2004,sec,27,25-28,CIN,1,56,12,10
WillieOfford27MIN2005,Willie Offord,2005,sec,27,25-28,MIN,4,217,3,1
EvanOglesby27BAL2008,Evan Oglesby,2008,sec,27,25-28,BAL,Undrafted,Undrafted,9,0
PaulOliver27SDG2011,Paul Oliver,2011,sec,27,25-28,SDG,5,1,13,1
MattOverton27IND2012,Matt Overton,2012,sec,27,25-28,IND,Undrafted,Undrafted,16,0
ChrisOwens272TM2013,Chris Owens,2013,sec,27,25-28,2TM,4,239,13,2
CalvinPace27ARI2007,Calvin Pace,2007,sec,27,25-28,ARI,1,88,16,16
JarradPage272TM2011,Jarrad Page,2011,sec,27,25-28,2TM,8,139,11,5
MitchPalmer27MIN2000,Mitch Palmer,2000,sec,27,25-28,MIN,Undrafted,Undrafted,16,0
RonParker27KAN2014,Ron Parker,2014,sec,27,25-28,KAN,Undrafted,Undrafted,16,15
TonyParrish27SFO2002,Tony Parrish,2002,sec,27,25-28,SFO,3,178,16,16
TylerPatmon27JAX2018,Tyler Patmon,2018,sec,27,25-28,JAX,Undrafted,Undrafted,7,1
DimitriPatterson27PHI2010,Dimitri Patterson,2010,sec,27,25-28,PHI,Undrafted,Undrafted,16,9
LoniePaxton27NWE2005,Lonie Paxton,2005,sec,27,25-28,NWE,Undrafted,Undrafted,16,0
KarlPaymah27MIN2009,Karl Paymah,2009,sec,27,25-28,MIN,4,223,12,2
KalvinPearson27TAM2005,Kalvin Pearson,2005,sec,27,25-28,TAM,Undrafted,Undrafted,14,1
CharliePeprah27GNB2010,Charlie Peprah,2010,sec,27,25-28,GNB,6,64,14,11
PatrickPeterson27ARI2017,Patrick Peterson,2017,sec,27,25-28,ARI,1,194,16,16
WillPeterson27PHI2006,Will Peterson,2006,sec,27,25-28,PHI,4,225,3,0
PerryPhenix272TM2001,Perry Phenix,2001,sec,27,25-28,2TM,Undrafted,Undrafted,14,11
JermainePhillips27TAM2006,Jermaine Phillips,2006,sec,27,25-28,TAM,6,63,16,16
SabbyPiscitelli272TM2010,Sabby Piscitelli,2010,sec,27,25-28,2TM,3,210,16,0
BryanPittman27HOU2004,Bryan Pittman,2004,sec,27,25-28,HOU,Undrafted,Undrafted,16,0
EddiePleasant27HOU2015,Eddie Pleasant,2015,sec,27,25-28,HOU,Undrafted,Undrafted,16,0
AhmedPlummer27SFO2003,Ahmed Plummer,2003,sec,27,25-28,SFO,1,149,15,15
TroyPolamalu27PIT2008,Troy Polamalu,2008,sec,27,25-28,PIT,1,66,16,16
BernardPollard27BAL2011,Bernard Pollard,2011,sec,27,25-28,BAL,3,199,16,13
RyanPontbriand27CLE2006,Ryan Pontbriand,2006,sec,27,25-28,CLE,6,48,16,0
BrodneyPool27NYJ2011,Brodney Pool,2011,sec,27,25-28,NYJ,3,177,14,6
DarylPorter27TEN2001,Daryl Porter,2001,sec,27,25-28,TEN,7,95,14,3
TracyPorter27OAK2013,Tracy Porter,2013,sec,27,25-28,OAK,3,184,16,16
HankPoteat27NWE2004,Hank Poteat,2004,sec,27,25-28,NWE,4,224,3,0
JerraudPowers27ARI2014,Jerraud Powers,2014,sec,27,25-28,ARI,4,241,16,11
JordanPoyer27BUF2018,Jordan Poyer,2018,sec,27,25-28,BUF,8,129,8,8
PiersonPrioleau27BUF2004,Pierson Prioleau,2004,sec,27,25-28,BUF,5,14,16,2
ChrisProsinski272TM2014,Chris Prosinski,2014,sec,27,25-28,2TM,5,26,11,0
TannerPurdum27NYJ2013,Tanner Purdum,2013,sec,27,25-28,NYJ,Undrafted,Undrafted,16,0
GloverQuin27DET2013,Glover Quin,2013,sec,27,25-28,DET,5,16,16,16
KeiwanRatliff27IND2008,Keiwan Ratliff,2008,sec,27,25-28,IND,3,193,13,4
MistralRaymond27MIN2014,Mistral Raymond,2014,sec,27,25-28,MIN,7,78,0,NA
EdReed27BAL2005,Ed Reed,2005,sec,27,25-28,BAL,1,149,10,10
IzellReese27DAL2001,Izell Reese,2001,sec,27,25-28,DAL,7,97,16,4
JacquesReeves27HOU2009,Jacques Reeves,2009,sec,27,25-28,HOU,8,135,12,5
EricReid27CAR2018,Eric Reid,2018,sec,27,25-28,CAR,1,88,4,4
ChrisReis27NOR2010,Chris Reis,2010,sec,27,25-28,NOR,Undrafted,Undrafted,2,0
DarrelleRevis27NYJ2012,Darrelle Revis,2012,sec,27,25-28,NYJ,1,45,2,2
KerryRhodes27NYJ2009,Kerry Rhodes,2009,sec,27,25-28,NYJ,5,28,16,14
XavierRhodes27MIN2017,Xavier Rhodes,2017,sec,27,25-28,MIN,1,159,16,16
DarrylRoberts27NYJ2017,Darryl Roberts,2017,sec,27,25-28,NYJ,8,156,15,4
DamienRobinson27TAM2000,Damien Robinson,2000,sec,27,25-28,TAM,5,23,16,16
DuntaRobinson27HOU2009,Dunta Robinson,2009,sec,27,25-28,HOU,1,2,16,16
JoshRobinson27NOR2018,Josh Robinson,2018,sec,27,25-28,NOR,4,212,3,0
PatrickRobinson27NOR2014,Patrick Robinson,2014,sec,27,25-28,NOR,1,174,14,6
DominiqueRodgers-Cromartie27DEN2013,Dominique Rodgers-Cromartie,2013,sec,27,25-28,DEN,1,66,15,13
CarlosRogers27WAS2008,Carlos Rogers,2008,sec,27,25-28,WAS,1,238,16,14
JustinRogers27WAS2015,Justin Rogers,2015,sec,27,25-28,WAS,8,116,1,1
AntrelRolle27ARI2009,Antrel Rolle,2009,sec,27,25-28,ARI,1,227,15,15
SamariRolle27TEN2003,Samari Rolle,2003,sec,27,25-28,TEN,3,190,13,13
MarkRoman27GNB2004,Mark Roman,2004,sec,27,25-28,GNB,3,177,16,15
AaronRoss27NYG2009,Aaron Ross,2009,sec,27,25-28,NYG,1,109,4,1
AllenRossum27ATL2002,Allen Rossum,2002,sec,27,25-28,ATL,4,233,14,0
StanfordRoutt27OAK2010,Stanford Routt,2010,sec,27,25-28,OAK,3,181,16,15
MikeRumph27WAS2006,Mike Rumph,2006,sec,27,25-28,WAS,1,167,7,0
BrianRussell27CLE2005,Brian Russell,2005,sec,27,25-28,CLE,Undrafted,Undrafted,16,16
LoganRyan27TEN2018,Logan Ryan,2018,sec,27,25-28,TEN,4,231,7,7
AsanteSamuel27PHI2008,Asante Samuel,2008,sec,27,25-28,PHI,5,25,15,15
GarrisonSanborn27BUF2012,Garrison Sanborn,2012,sec,27,25-28,BUF,Undrafted,Undrafted,16,0
DavisSanchez27SDG2001,Davis Sanchez,2001,sec,27,25-28,SDG,Undrafted,Undrafted,12,2
BobSanders27IND2008,Bob Sanders,2008,sec,27,25-28,IND,3,188,6,6
JamesSanders27NWE2010,James Sanders,2010,sec,27,25-28,NWE,5,38,15,9
LewisSanders27HOU2005,Lewis Sanders,2005,sec,27,25-28,HOU,5,244,12,3
JamarcaSanford27MIN2012,Jamarca Sanford,2012,sec,27,25-28,MIN,8,143,16,13
BennySapp27MIN2008,Benny Sapp,2008,sec,27,25-28,MIN,Undrafted,Undrafted,14,4
PatrickScales27CHI2015,Patrick Scales,2015,sec,27,25-28,CHI,Undrafted,Undrafted,5,0
OrlandoScandrick27DAL2014,Orlando Scandrick,2014,sec,27,25-28,DAL,6,49,14,14
ShannSchillinger272TM2013,Shann Schillinger,2013,sec,27,25-28,2TM,7,79,6,0
MikeSchneck27PIT2004,Mike Schneck,2004,sec,27,25-28,PIT,Undrafted,Undrafted,16,0
LanceSchulters27TEN2002,Lance Schulters,2002,sec,27,25-28,TEN,5,23,16,16
StuartSchweigert27DET2008,Stuart Schweigert,2008,sec,27,25-28,DET,4,213,6,0
BryanScott27BUF2008,Bryan Scott,2008,sec,27,25-28,BUF,3,200,16,7
ChadScott27PIT2001,Chad Scott,2001,sec,27,25-28,PIT,1,149,15,15
LynnScott27DAL2004,Lynn Scott,2004,sec,27,25-28,DAL,Undrafted,Undrafted,16,9
Da'NorrisSearcy27TEN2015,Da'Norris Searcy,2015,sec,27,25-28,TEN,5,3,15,13
AndrewSendejo27MIN2014,Andrew Sendejo,2014,sec,27,25-28,MIN,Undrafted,Undrafted,16,3
CotySensabaugh27TEN2015,Coty Sensabaugh,2015,sec,27,25-28,TEN,5,19,16,15
GeraldSensabaugh27DAL2010,Gerald Sensabaugh,2010,sec,27,25-28,DAL,6,63,16,14
KatoSerwanga27NYG2003,Kato Serwanga,2003,sec,27,25-28,NYG,Undrafted,Undrafted,13,0
SamShade27WAS2000,Sam Shade,2000,sec,27,25-28,WAS,5,5,16,14
DarrenSharper27GNB2002,Darren Sharper,2002,sec,27,25-28,GNB,3,206,13,13
TerranceShaw27MIA2000,Terrance Shaw,2000,sec,27,25-28,MIA,3,177,11,3
DeShawnShead27SEA2016,DeShawn Shead,2016,sec,27,25-28,SEA,Undrafted,Undrafted,15,15
LitoSheppard27PHI2008,Lito Sheppard,2008,sec,27,25-28,PHI,1,166,16,3
MarcusSherels27MIN2014,Marcus Sherels,2014,sec,27,25-28,MIN,Undrafted,Undrafted,16,0
RichardSherman27SEA2015,Richard Sherman,2015,sec,27,25-28,SEA,6,61,16,16
SamShields27GNB2014,Sam Shields,2014,sec,27,25-28,GNB,Undrafted,Undrafted,14,14
DainonSidney27TEN2002,Dainon Sidney,2002,sec,27,25-28,TEN,4,224,4,0
JasonSimmons27HOU2003,Jason Simmons,2003,sec,27,25-28,HOU,6,42,16,2
BusterSkrine27NYJ2016,Buster Skrine,2016,sec,27,25-28,NYJ,6,42,14,14
DariusSlay27DET2018,Darius Slay,2018,sec,27,25-28,DET,3,179,7,7
AlphonsoSmith27DET2012,Alphonso Smith,2012,sec,27,25-28,DET,3,180,4,0
AnthonySmith272TM2010,Anthony Smith,2010,sec,27,25-28,2TM,4,231,7,3
DwightSmith27NOR2005,Dwight Smith,2005,sec,27,25-28,NOR,4,232,15,15
EricSmith27NYJ2010,Eric Smith,2010,sec,27,25-28,NYJ,4,246,13,6
HarrisonSmith27MIN2016,Harrison Smith,2016,sec,27,25-28,MIN,1,169,14,14
JimmySmith27BAL2015,Jimmy Smith,2015,sec,27,25-28,BAL,1,167,16,16
KeithSmith27DET2007,Keith Smith,2007,sec,27,25-28,DET,4,220,15,1
MalcolmSmith27OAK2016,Malcolm Smith,2016,sec,27,25-28,OAK,8,151,15,14
SeanSmith27KAN2014,Sean Smith,2014,sec,27,25-28,KAN,3,207,16,16
FredSmoot27MIN2006,Fred Smoot,2006,sec,27,25-28,MIN,3,189,14,11
MikeSolwold27BAL2004,Mike Solwold,2004,sec,27,25-28,BAL,Undrafted,Undrafted,1,0
DanielSorensen27KAN2017,Daniel Sorensen,2017,sec,27,25-28,KAN,Undrafted,Undrafted,15,14
NickSorensen27JAX2005,Nick Sorensen,2005,sec,27,25-28,JAX,Undrafted,Undrafted,10,0
DezmenSouthward27CAR2017,Dezmen Southward,2017,sec,27,25-28,CAR,4,214,1,0
ShawntaeSpencer27SFO2009,Shawntae Spencer,2009,sec,27,25-28,SFO,3,203,16,16
C.J.Spillman27SFO2013,C.J. Spillman,2013,sec,27,25-28,SFO,Undrafted,Undrafted,16,0
ShawnSprings27SEA2002,Shawn Springs,2002,sec,27,25-28,SEA,1,170,15,15
BradSt. Louis27CIN2003,Brad St. Louis,2003,sec,27,25-28,CIN,8,121,16,0
DuaneStarks27BAL2001,Duane Starks,2001,sec,27,25-28,BAL,1,2,15,15
CraigSteltz27CHI2013,Craig Steltz,2013,sec,27,25-28,CHI,5,25,16,1
ReggieStephens27NYG2002,Reggie Stephens,2002,sec,27,25-28,NYG,Undrafted,Undrafted,8,0
MattStevens272TM2000,Matt Stevens,2000,sec,27,25-28,2TM,4,235,16,4
DarianStewart27DEN2015,Darian Stewart,2015,sec,27,25-28,DEN,Undrafted,Undrafted,15,13
RaynaStewart27JAX2000,Rayna Stewart,2000,sec,27,25-28,JAX,6,49,12,10
RyanStewart27DET2000,Ryan Stewart,2000,sec,27,25-28,DET,4,223,1,0
MichaelStone27NWE2005,Michael Stone,2005,sec,27,25-28,NWE,3,199,13,3
OmarStoutmire27NYG2001,Omar Stoutmire,2001,sec,27,25-28,NYG,8,136,16,0
DonaldStrickland27SFO2007,Donald Strickland,2007,sec,27,25-28,SFO,4,239,13,4
DarrellStuckey27SDG2014,Darrell Stuckey,2014,sec,27,25-28,SDG,5,14,16,0
NickSundberg27WAS2014,Nick Sundberg,2014,sec,27,25-28,WAS,Undrafted,Undrafted,16,0
PatrickSurtain27MIA2003,Patrick Surtain,2003,sec,27,25-28,MIA,3,188,15,15
JasonSuttle27SFO2001,Jason Suttle,2001,sec,27,25-28,SFO,Undrafted,Undrafted,1,0
D.J.Swearinger27WAS2018,D.J. Swearinger,2018,sec,27,25-28,WAS,3,202,7,7
AqibTalib27NWE2013,Aqib Talib,2013,sec,27,25-28,NWE,1,109,13,13
KeithTandy27TAM2016,Keith Tandy,2016,sec,27,25-28,TAM,7,82,16,5
RobertTate27MIN2000,Robert Tate,2000,sec,27,25-28,MIN,7,92,16,16
BobbyTaylor27PHI2000,Bobby Taylor,2000,sec,27,25-28,PHI,3,195,16,15
CurtisTaylor27SFO2012,Curtis Taylor,2012,sec,27,25-28,SFO,8,130,0,NA
IkeTaylor27PIT2007,Ike Taylor,2007,sec,27,25-28,PIT,5,30,16,16
JamarTaylor27CLE2017,Jamar Taylor,2017,sec,27,25-28,CLE,3,199,16,15
DavidTerrell27WAS2002,David Terrell,2002,sec,27,25-28,WAS,8,101,16,16
StevenTerrell27KAN2017,Steven Terrell,2017,sec,27,25-28,KAN,Undrafted,Undrafted,10,0
KeithThibodeaux272TM2001,Keith Thibodeaux,2001,sec,27,25-28,2TM,6,46,12,1
EarlThomas27SEA2016,Earl Thomas,2016,sec,27,25-28,SEA,1,45,11,11
FredThomas27NOR2000,Fred Thomas,2000,sec,27,25-28,NOR,3,191,11,0
KiwaukeeThomas27JAX2004,Kiwaukee Thomas,2004,sec,27,25-28,JAX,6,65,16,2
MichaelThomas27MIA2017,Michael Thomas,2017,sec,27,25-28,MIA,Undrafted,Undrafted,13,2
ShamarkoThomas27DEN2018,Shamarko Thomas,2018,sec,27,25-28,DEN,5,15,3,0
LamontThompson27TEN2005,Lamont Thompson,2005,sec,27,25-28,TEN,3,185,16,16
PeytonThompson27JAX2017,Peyton Thompson,2017,sec,27,25-28,JAX,Undrafted,Undrafted,16,0
NeikoThorpe27SEA2017,Neiko Thorpe,2017,sec,27,25-28,SEA,Undrafted,Undrafted,14,0
WalterThurmond27NYG2014,Walter Thurmond,2014,sec,27,25-28,NYG,5,15,2,1
CharlesTillman27CHI2008,Charles Tillman,2008,sec,27,25-28,CHI,3,178,15,15
TravaresTillman27CAR2004,Travares Tillman,2004,sec,27,25-28,CAR,3,203,6,1
CarsonTinker27JAX2016,Carson Tinker,2016,sec,27,25-28,JAX,Undrafted,Undrafted,16,0
GregToler27ARI2012,Greg Toler,2012,sec,27,25-28,ARI,5,37,11,2
ReggieTongue27SEA2000,Reggie Tongue,2000,sec,27,25-28,SEA,3,203,16,6
LeighTorrence27NOR2009,Leigh Torrence,2009,sec,27,25-28,NOR,Undrafted,Undrafted,5,0
DesheaTownsend27PIT2002,Deshea Townsend,2002,sec,27,25-28,PIT,5,21,16,3
BryndenTrawick27OAK2016,Brynden Trawick,2016,sec,27,25-28,OAK,Undrafted,Undrafted,15,0
DesmondTrufant27ATL2017,Desmond Trufant,2017,sec,27,25-28,ATL,1,131,15,15
MarcusTrufant27SEA2007,Marcus Trufant,2007,sec,27,25-28,SEA,1,13,16,16
JustinTryon272TM2011,Justin Tryon,2011,sec,27,25-28,2TM,5,29,6,0
KennyVaccaro27TEN2018,Kenny Vaccaro,2018,sec,27,25-28,TEN,1,56,4,4
EricVance27IND2002,Eric Vance,2002,sec,27,25-28,IND,Undrafted,Undrafted,2,0
NathanVasher27CHI2008,Nathan Vasher,2008,sec,27,25-28,CHI,5,14,8,7
CassiusVaughn27DET2014,Cassius Vaughn,2014,sec,27,25-28,DET,Undrafted,Undrafted,13,5
RaymondVentrone27SFO2013,Raymond Ventrone,2013,sec,27,25-28,SFO,Undrafted,Undrafted,16,0
AlterraunVerner27TAM2015,Alterraun Verner,2015,sec,27,25-28,TAM,5,7,16,6
MichaelWaddell27OAK2008,Michael Waddell,2008,sec,27,25-28,OAK,5,29,1,0
TrevinWade27NYG2016,Trevin Wade,2016,sec,27,25-28,NYG,8,154,16,2
DenardWalker27TEN2000,Denard Walker,2000,sec,27,25-28,TEN,4,222,15,14
FrankWalker27BAL2008,Frank Walker,2008,sec,27,25-28,BAL,7,117,15,5
DarrinWalls27NYJ2015,Darrin Walls,2015,sec,27,25-28,NYJ,Undrafted,Undrafted,13,0
LennyWalls27KAN2006,Lenny Walls,2006,sec,27,25-28,KAN,Undrafted,Undrafted,16,2
T.J.Ward27CLE2013,T.J. Ward,2013,sec,27,25-28,CLE,3,181,16,16
MattWare27ARI2009,Matt Ware,2009,sec,27,25-28,ARI,4,237,11,1
EricWarfield27KAN2003,Eric Warfield,2003,sec,27,25-28,KAN,8,127,15,15
GregWarren27PIT2008,Greg Warren,2008,sec,27,25-28,PIT,Undrafted,Undrafted,7,0
FabianWashington27BAL2010,Fabian Washington,2010,sec,27,25-28,BAL,1,141,14,8
RashadWashington27NYJ2007,Rashad Washington,2007,sec,27,25-28,NYJ,8,146,9,0
PatWatkins27DAL2009,Pat Watkins,2009,sec,27,25-28,DAL,6,43,13,1
FredWeary27NOR2001,Fred Weary,2001,sec,27,25-28,NOR,5,246,14,1
LardariusWebb27BAL2012,Lardarius Webb,2012,sec,27,25-28,BAL,4,236,6,6
CoreyWebster27NYG2009,Corey Webster,2009,sec,27,25-28,NYG,3,187,13,13
JasonWebster27ATL2004,Jason Webster,2004,sec,27,25-28,ATL,3,192,10,9
KayvonWebster27HOU2018,Kayvon Webster,2018,sec,27,25-28,HOU,4,239,1,1
EricWeddle27SDG2012,Eric Weddle,2012,sec,27,25-28,SDG,3,180,16,16
JonWeeks27HOU2013,Jon Weeks,2013,sec,27,25-28,HOU,Undrafted,Undrafted,16,0
JohnWendling27DET2010,John Wendling,2010,sec,27,25-28,DET,7,93,16,0
DanteWesley27CHI2006,Dante Wesley,2006,sec,27,25-28,CHI,5,3,13,0
GregWesley27KAN2005,Greg Wesley,2005,sec,27,25-28,KAN,4,233,16,16
LyleWest27KAN2003,Lyle West,2003,sec,27,25-28,KAN,7,98,13,0
BryantWestbrook27DET2001,Bryant Westbrook,2001,sec,27,25-28,DET,1,194,10,3
RonyellWhitaker27MIN2006,Ronyell Whitaker,2006,sec,27,25-28,MIN,Undrafted,Undrafted,16,2
MarvinWhite27CIN2010,Marvin White,2010,sec,27,25-28,CIN,5,18,3,0
DonteWhitner27SFO2012,Donte Whitner,2012,sec,27,25-28,SFO,1,227,16,16
RonBrooks28PHI2016,Ron Brooks,2016,sec,28,25-28,PHI,5,29,6,5
C.C.Brown28JAX2011,C.C. Brown,2011,sec,28,25-28,JAX,7,97,2,0
ChykieBrown282TM2014,Chykie Brown,2014,sec,28,25-28,2TM,6,71,15,5
EricBrown28HOU2003,Eric Brown,2003,sec,28,25-28,HOU,3,207,16,16
FakhirBrown28NOR2005,Fakhir Brown,2005,sec,28,25-28,NOR,Undrafted,Undrafted,12,4
JalilBrown28IND2015,Jalil Brown,2015,sec,28,25-28,IND,5,22,8,4
MikeBrown28CHI2006,Mike Brown,2006,sec,28,25-28,CHI,3,182,6,6
RalphBrown28CLE2006,Ralph Brown,2006,sec,28,25-28,CLE,6,46,16,4
SergioBrown28BUF2016,Sergio Brown,2016,sec,28,25-28,BUF,Undrafted,Undrafted,8,0
SheldonBrown28PHI2007,Sheldon Brown,2007,sec,28,25-28,PHI,3,204,16,16
TarellBrown28SFO2013,Tarell Brown,2013,sec,28,25-28,SFO,6,53,13,10
BrandonBrowner28SEA2012,Brandon Browner,2012,sec,28,25-28,SEA,Undrafted,Undrafted,12,12
DavidBruton28DEN2015,David Bruton,2015,sec,28,25-28,DEN,5,18,13,3
FernandoBryant28DET2005,Fernando Bryant,2005,sec,28,25-28,DET,1,166,2,2
PhillipBuchanon28TAM2008,Phillip Buchanon,2008,sec,28,25-28,TAM,1,77,16,16
MorganBurnett28GNB2017,Morgan Burnett,2017,sec,28,25-28,GNB,4,218,12,12
JeffBurris28IND2000,Jeff Burris,2000,sec,28,25-28,IND,1,167,16,16
DevinBush28CLE2001,Devin Bush,2001,sec,28,25-28,CLE,1,166,16,7
JarrettBush28GNB2012,Jarrett Bush,2012,sec,28,25-28,GNB,Undrafted,Undrafted,16,1
RafaelBush28NOR2015,Rafael Bush,2015,sec,28,25-28,NOR,Undrafted,Undrafted,1,1
CrezdonButler282TM2015,Crezdon Butler,2015,sec,28,25-28,2TM,6,71,9,0
DariusButler28IND2014,Darius Butler,2014,sec,28,25-28,IND,3,185,14,4
JamesButler28STL2010,James Butler,2010,sec,28,25-28,STL,Undrafted,Undrafted,14,4
JerametriusButler28STL2006,Jerametrius Butler,2006,sec,28,25-28,STL,6,51,6,0
MalcolmButler28TEN2018,Malcolm Butler,2018,sec,28,25-28,TEN,Undrafted,Undrafted,7,5
QuincyButler28STL2009,Quincy Butler,2009,sec,28,25-28,STL,Undrafted,Undrafted,14,7
JairusByrd28NOR2014,Jairus Byrd,2014,sec,28,25-28,NOR,3,186,4,4
DonCarey28DET2015,Don Carey,2015,sec,28,25-28,DET,7,85,16,0
DwaineCarpenter28SFO2004,Dwaine Carpenter,2004,sec,28,25-28,SFO,Undrafted,Undrafted,15,6
KeionCarpenter28ATL2005,Keion Carpenter,2005,sec,28,25-28,ATL,Undrafted,Undrafted,15,15
BrandonCarr28DAL2014,Brandon Carr,2014,sec,28,25-28,DAL,6,46,16,16
ChrisCarr28BAL2011,Chris Carr,2011,sec,28,25-28,BAL,Undrafted,Undrafted,9,1
NolanCarroll28PHI2015,Nolan Carroll,2015,sec,28,25-28,PHI,6,51,11,11
ChrisCarter28HOU2002,Chris Carter,2002,sec,28,25-28,HOU,4,237,13,0
TomCarter28CIN2000,Tom Carter,2000,sec,28,25-28,CIN,1,77,16,11
TonyCarter28DEN2014,Tony Carter,2014,sec,28,25-28,DEN,Undrafted,Undrafted,8,0
TyroneCarter28PIT2004,Tyrone Carter,2004,sec,28,25-28,PIT,5,22,9,0
AntoineCason282TM2014,Antoine Cason,2014,sec,28,25-28,2TM,1,167,14,11
KamChancellor28SEA2016,Kam Chancellor,2016,sec,28,25-28,SEA,6,38,12,12
CoreyChavous28MIN2004,Corey Chavous,2004,sec,28,25-28,MIN,3,176,16,16
Je'RodCherry28NWE2001,Je'Rod Cherry,2001,sec,28,25-28,NWE,3,184,16,0
PatrickChung28NWE2015,Patrick Chung,2015,sec,28,25-28,NWE,3,177,15,14
BarryChurch28DAL2016,Barry Church,2016,sec,28,25-28,DAL,Undrafted,Undrafted,12,12
MorrisClaiborne28NYJ2018,Morris Claiborne,2018,sec,28,25-28,NYJ,1,205,8,8
RyanClark28PIT2007,Ryan Clark,2007,sec,28,25-28,PIT,Undrafted,Undrafted,6,6
NateClements28SFO2007,Nate Clements,2007,sec,28,25-28,SFO,1,120,16,16
ChrisClemons28MIA2013,Chris Clemons,2013,sec,28,25-28,MIA,6,72,16,16
RichCoady28STL2004,Rich Coady,2004,sec,28,25-28,STL,4,214,16,5
MichaelCoe28NYG2011,Michael Coe,2011,sec,28,25-28,NYG,6,81,10,0
MarquiceCole28NYJ2011,Marquice Cole,2011,sec,28,25-28,NYJ,Undrafted,Undrafted,14,0
DrewColeman28JAX2011,Drew Coleman,2011,sec,28,25-28,JAX,7,98,16,4
ErikColeman28ATL2010,Erik Coleman,2010,sec,28,25-28,ATL,6,49,12,1
KurtColeman28CAR2016,Kurt Coleman,2016,sec,28,25-28,CAR,8,153,15,15
MarcusColeman28HOU2002,Marcus Coleman,2002,sec,28,25-28,HOU,6,38,16,16
NickCollins28GNB2011,Nick Collins,2011,sec,28,25-28,GNB,3,196,2,2
JonCondo28OAK2009,Jon Condo,2009,sec,28,25-28,OAK,Undrafted,Undrafted,16,0
SeanConsidine28JAX2009,Sean Considine,2009,sec,28,25-28,JAX,5,5,11,6
ChrisConte28TAM2017,Chris Conte,2017,sec,28,25-28,TAM,4,242,16,14
DekeCooper28JAX2005,Deke Cooper,2005,sec,28,25-28,JAX,Undrafted,Undrafted,16,12
JarrodCooper28OAK2006,Jarrod Cooper,2006,sec,28,25-28,OAK,6,49,16,0
ReggieCorner28BUF2011,Reggie Corner,2011,sec,28,25-28,BUF,5,18,11,1
TerryCousin28CAR2003,Terry Cousin,2003,sec,28,25-28,CAR,Undrafted,Undrafted,13,13
MorganCox28BAL2014,Morgan Cox,2014,sec,28,25-28,BAL,Undrafted,Undrafted,7,0
PerrishCox28TEN2015,Perrish Cox,2015,sec,28,25-28,TEN,6,42,13,13
JasonCraft28NOR2004,Jason Craft,2004,sec,28,25-28,NOR,6,67,14,0
ChrisCrocker282TM2008,Chris Crocker,2008,sec,28,25-28,2TM,4,232,14,8
AntonioCromartie28NYJ2012,Antonio Cromartie,2012,sec,28,25-28,NYJ,1,99,16,16
CliftonCrosby28IND2002,Clifton Crosby,2002,sec,28,25-28,IND,Undrafted,Undrafted,16,0
TyroneCulver28MIA2011,Tyrone Culver,2011,sec,28,25-28,MIA,7,94,16,4
CraigDahl28SFO2013,Craig Dahl,2013,sec,28,25-28,SFO,Undrafted,Undrafted,16,0
JordanDangerfield28PIT2018,Jordan Dangerfield,2018,sec,28,25-28,PIT,Undrafted,Undrafted,7,0
TravisDaniels28KAN2010,Travis Daniels,2010,sec,28,25-28,KAN,5,7,16,0
Jean-PhillipeDarche28SEA2003,Jean-Phillipe Darche,2003,sec,28,25-28,SEA,Undrafted,Undrafted,16,0
DonovinDarius28JAX2003,Donovin Darius,2003,sec,28,25-28,JAX,1,159,16,16
CodyDavis28LAR2017,Cody Davis,2017,sec,28,25-28,LAR,Undrafted,Undrafted,7,2
KeithDavis28DAL2006,Keith Davis,2006,sec,28,25-28,DAL,Undrafted,Undrafted,15,6
VontaeDavis28IND2016,Vontae Davis,2016,sec,28,25-28,IND,1,159,14,14
BrianDawkins*28PHI2001,Brian Dawkins*,2001,sec,28,25-28,PHI,3,207,15,15
ThomasDeCoud28ATL2013,Thomas DeCoud,2013,sec,28,25-28,ATL,4,247,15,15
QuintinDemps28KAN2013,Quintin Demps,2013,sec,28,25-28,KAN,5,21,16,6
WillDemps28HOU2007,Will Demps,2007,sec,28,25-28,HOU,Undrafted,Undrafted,15,8
JohnDenney28MIA2006,John Denney,2006,sec,28,25-28,MIA,Undrafted,Undrafted,16,0
ZakDeOssie28NYG2012,Zak DeOssie,2012,sec,28,25-28,NYG,5,20,16,0
AndrewDePaola28TAM2015,Andrew DePaola,2015,sec,28,25-28,TAM,Undrafted,Undrafted,16,0
PierreDesir28IND2018,Pierre Desir,2018,sec,28,25-28,IND,5,32,8,4
JonDorenbos28PHI2008,Jon Dorenbos,2008,sec,28,25-28,PHI,Undrafted,Undrafted,16,0
AnthonyDorsett28OAK2001,Anthony Dorsett,2001,sec,28,25-28,OAK,7,85,16,16
ReedDoughty28WAS2010,Reed Doughty,2010,sec,28,25-28,WAS,7,81,15,9
JustinDrescher28NOR2016,Justin Drescher,2016,sec,28,25-28,NOR,Undrafted,Undrafted,16,0
AndreDyson28NYJ2007,Andre Dyson,2007,sec,28,25-28,NYJ,3,206,9,0
NateEbner28NWE2016,Nate Ebner,2016,sec,28,25-28,NWE,7,107,16,0
AndrewEconomos28TAM2010,Andrew Economos,2010,sec,28,25-28,TAM,Undrafted,Undrafted,16,0
AntuanEdwards28ATL2005,Antuan Edwards,2005,sec,28,25-28,ATL,1,159,4,1
MarioEdwards28DAL2003,Mario Edwards,2003,sec,28,25-28,DAL,7,89,16,16
AbramElam28CLE2009,Abram Elam,2009,sec,28,25-28,CLE,Undrafted,Undrafted,16,16
HiramEugene28OAK2008,Hiram Eugene,2008,sec,28,25-28,OAK,Undrafted,Undrafted,16,10
DemarcusFaggins28HOU2007,Demarcus Faggins,2007,sec,28,25-28,HOU,7,81,16,8
NickFerguson28NYJ2002,Nick Ferguson,2002,sec,28,25-28,NYJ,Undrafted,Undrafted,16,0
CortlandFinnegan28STL2012,Cortland Finnegan,2012,sec,28,25-28,STL,8,126,16,15
TravisFisher28DET2007,Travis Fisher,2007,sec,28,25-28,DET,3,210,16,13
BradleyFletcher28PHI2014,Bradley Fletcher,2014,sec,28,25-28,PHI,4,212,15,15
JamarFletcher28HOU2007,Jamar Fletcher,2007,sec,28,25-28,HOU,1,166,10,2
DraytonFlorence28JAX2008,Drayton Florence,2008,sec,28,25-28,JAX,3,190,15,8
BrandonFlowers28SDG2014,Brandon Flowers,2014,sec,28,25-28,SDG,3,178,14,14
LeeFlowers28PIT2001,Lee Flowers,2001,sec,28,25-28,PIT,6,58,15,15
VernonFox28WAS2007,Vernon Fox,2007,sec,28,25-28,WAS,Undrafted,Undrafted,14,0
DomoniqueFoxworth28BAL2011,Domonique Foxworth,2011,sec,28,25-28,BAL,4,246,2,0
EricFrampton28DAL2012,Eric Frampton,2012,sec,28,25-28,DAL,6,72,13,2
ToddFranz28WAS2004,Todd Franz,2004,sec,28,25-28,WAS,6,51,16,0
ArturoFreeman28MIA2004,Arturo Freeman,2004,sec,28,25-28,MIA,6,59,16,9
ScottFrost28TAM2003,Scott Frost,2003,sec,28,25-28,TAM,4,213,4,0
VincentFuller28TEN2010,Vincent Fuller,2010,sec,28,25-28,TEN,5,11,12,3
MikeFurrey28STL2005,Mike Furrey,2005,sec,28,25-28,STL,Undrafted,Undrafted,16,11
ThomasGafford28KAN2011,Thomas Gafford,2011,sec,28,25-28,KAN,Undrafted,Undrafted,16,0
ChrisGamble28CAR2011,Chris Gamble,2011,sec,28,25-28,CAR,1,168,15,15
SamGarnes28NYJ2002,Sam Garnes,2002,sec,28,25-28,NYJ,6,41,16,16
RandallGay28NOR2010,Randall Gay,2010,sec,28,25-28,NOR,Undrafted,Undrafted,4,0
WilliamGay28PIT2013,William Gay,2013,sec,28,25-28,PIT,6,78,16,11
MarcusGilchrist28NYJ2016,Marcus Gilchrist,2016,sec,28,25-28,NYJ,3,195,13,13
StephonGilmore28NWE2018,Stephon Gilmore,2018,sec,28,25-28,NWE,1,2,8,8
MattGiordano28NOR2010,Matt Giordano,2010,sec,28,25-28,NOR,5,40,9,0
TashaunGipson28JAX2018,Tashaun Gipson,2018,sec,28,25-28,JAX,Undrafted,Undrafted,8,8
SteveGleason28NOR2005,Steve Gleason,2005,sec,28,25-28,NOR,Undrafted,Undrafted,13,1
AaronGlenn28NYJ2000,Aaron Glenn,2000,sec,28,25-28,NYJ,1,24,16,16
CharlesGodfrey28CAR2013,Charles Godfrey,2013,sec,28,25-28,CAR,4,213,2,2
DashonGoldson28SFO2012,Dashon Goldson,2012,sec,28,25-28,SFO,5,31,16,16
BrettGoode28GNB2012,Brett Goode,2012,sec,28,25-28,GNB,Undrafted,Undrafted,16,0
Andre'Goodman28MIA2006,Andre' Goodman,2006,sec,28,25-28,MIA,4,214,15,14
DannyGorrer282TM2014,Danny Gorrer,2014,sec,28,25-28,2TM,Undrafted,Undrafted,10,0
CoreyGraham28BAL2013,Corey Graham,2013,sec,28,25-28,BAL,6,75,16,5
DeonGrant28SEA2007,Deon Grant,2007,sec,28,25-28,SEA,3,202,16,16
MichaelGreen28CHI2004,Michael Green,2004,sec,28,25-28,CHI,8,164,16,16
DonovanGreer28DET2002,Donovan Greer,2002,sec,28,25-28,DET,Undrafted,Undrafted,1,0
JabariGreer28NOR2010,Jabari Greer,2010,sec,28,25-28,NOR,Undrafted,Undrafted,14,13
SteveGregory28SDG2011,Steve Gregory,2011,sec,28,25-28,SDG,Undrafted,Undrafted,15,13
ClintGresham28SEA2014,Clint Gresham,2014,sec,28,25-28,SEA,Undrafted,Undrafted,16,0
CedricGriffin28MIN2010,Cedric Griffin,2010,sec,28,25-28,MIN,3,192,2,2
MichaelGriffin28TEN2013,Michael Griffin,2013,sec,28,25-28,TEN,1,99,14,14
BrentGrimes28ATL2011,Brent Grimes,2011,sec,28,25-28,ATL,Undrafted,Undrafted,12,12
JoeHaden28PIT2017,Joe Haden,2017,sec,28,25-28,PIT,1,216,11,11
CoryHall28ATL2004,Cory Hall,2004,sec,28,25-28,ATL,4,211,14,13
DeAngeloHall28WAS2011,DeAngelo Hall,2011,sec,28,25-28,WAS,1,227,16,16
LeonHall28CIN2012,Leon Hall,2012,sec,28,25-28,CIN,1,88,14,14
KenHamlin28DAL2009,Ken Hamlin,2009,sec,28,25-28,DAL,3,186,12,12
WilliamHampton28CAR2003,William Hampton,2003,sec,28,25-28,CAR,Undrafted,Undrafted,5,0
JoselioHanson28PHI2009,Joselio Hanson,2009,sec,28,25-28,PHI,Undrafted,Undrafted,12,1
NickHarper28IND2002,Nick Harper,2002,sec,28,25-28,IND,Undrafted,Undrafted,16,1
RomanHarper28NOR2010,Roman Harper,2010,sec,28,25-28,NOR,3,187,15,15
AlHarris28PHI2002,Al Harris,2002,sec,28,25-28,PHI,7,76,16,2
ChrisHarris28CHI2010,Chris Harris,2010,sec,28,25-28,CHI,7,90,16,16
ChrisHarris28DEN2017,Chris Harris,2017,sec,28,25-28,DEN,Undrafted,Undrafted,16,15
ClarkHarris28CIN2012,Clark Harris,2012,sec,28,25-28,CIN,8,152,16,0
ErikHarris28OAK2018,Erik Harris,2018,sec,28,25-28,OAK,Undrafted,Undrafted,8,1
JohnnieHarris28OAK2000,Johnnie Harris,2000,sec,28,25-28,OAK,Undrafted,Undrafted,15,2
JoshHarris28ATL2017,Josh Harris,2017,sec,28,25-28,ATL,Undrafted,Undrafted,16,0
QuentinHarris28ARI2005,Quentin Harris,2005,sec,28,25-28,ARI,Undrafted,Undrafted,16,1
WaltHarris28IND2002,Walt Harris,2002,sec,28,25-28,IND,1,35,15,15
RodneyHarrison28SDG2000,Rodney Harrison,2000,sec,28,25-28,SDG,6,51,16,16
ClintonHart28SDG2005,Clinton Hart,2005,sec,28,25-28,SDG,Undrafted,Undrafted,16,5
ArtrellHawkins28CAR2004,Artrell Hawkins,2004,sec,28,25-28,CAR,3,187,14,4
MichaelHawthorne28STL2005,Michael Hawthorne,2005,sec,28,25-28,STL,7,105,5,5
D.J.Hayden28JAX2018,D.J. Hayden,2018,sec,28,25-28,JAX,1,24,2,0
KelvinHayden28ATL2011,Kelvin Hayden,2011,sec,28,25-28,ATL,3,206,8,1
ChrisHayes28NYJ2000,Chris Hayes,2000,sec,28,25-28,NYJ,8,121,16,8
CaseyHayward28LAC2017,Casey Hayward,2017,sec,28,25-28,LAC,3,208,16,16
RonnieHeard28SFO2004,Ronnie Heard,2004,sec,28,25-28,SFO,Undrafted,Undrafted,16,14
KyriesHebert28CIN2008,Kyries Hebert,2008,sec,28,25-28,CIN,Undrafted,Undrafted,16,2
AnthonyHenry28CLE2004,Anthony Henry,2004,sec,28,25-28,CLE,5,246,15,14
KellyHerndon28DEN2004,Kelly Herndon,2004,sec,28,25-28,DEN,Undrafted,Undrafted,16,16
RenaldoHill28MIA2006,Renaldo Hill,2006,sec,28,25-28,MIA,8,112,16,16
TyeHill28DET2010,Tye Hill,2010,sec,28,25-28,DET,1,56,4,1
NathanHodel28ARI2005,Nathan Hodel,2005,sec,28,25-28,ARI,Undrafted,Undrafted,16,0
TerrenceHolt28NOR2008,Terrence Holt,2008,sec,28,25-28,NOR,6,42,2,0
RoderickHood28TEN2009,Roderick Hood,2009,sec,28,25-28,TEN,Undrafted,Undrafted,6,4
ChrisHope28TEN2008,Chris Hope,2008,sec,28,25-28,TEN,4,243,16,16
DavonHouse28GNB2017,Davon House,2017,sec,28,25-28,GNB,5,37,12,12
KevinHouser28NOR2005,Kevin Houser,2005,sec,28,25-28,NOR,8,139,16,0
ChrisHouston28DET2012,Chris Houston,2012,sec,28,25-28,DET,3,185,14,14
ReggieHoward28MIA2005,Reggie Howard,2005,sec,28,25-28,MIA,Undrafted,Undrafted,15,7
JohnHowell28SEA2006,John Howell,2006,sec,28,25-28,SEA,5,21,1,0
MarcusHudson28CAR2010,Marcus Hudson,2010,sec,28,25-28,CAR,7,102,14,0
MichaelHuff28OAK2011,Michael Huff,2011,sec,28,25-28,OAK,1,216,12,11
CharleyHughlett28CLE2018,Charley Hughlett,2018,sec,28,25-28,CLE,Undrafted,Undrafted,8,0
MicahHyde28BUF2018,Micah Hyde,2018,sec,28,25-28,BUF,6,65,7,7
JamesIhedigbo28NWE2011,James Ihedigbo,2011,sec,28,25-28,NWE,Undrafted,Undrafted,16,12
GeorgeIloka28MIN2018,George Iloka,2018,sec,28,25-28,MIN,6,74,8,3
KenIrvin28BUF2000,Ken Irvin,2000,sec,28,25-28,BUF,5,12,16,16
CoreyIvy28STL2005,Corey Ivy,2005,sec,28,25-28,STL,Undrafted,Undrafted,16,5
ChidiIwuoma282TM2006,Chidi Iwuoma,2006,sec,28,25-28,2TM,Undrafted,Undrafted,5,0
AsaJackson28SFO2017,Asa Jackson,2017,sec,28,25-28,SFO,6,76,4,0
DexterJackson28TAM2005,Dexter Jackson,2005,sec,28,25-28,TAM,5,17,11,10
KareemJackson28HOU2016,Kareem Jackson,2016,sec,28,25-28,HOU,1,109,14,13
RaymondJackson28CLE2001,Raymond Jackson,2001,sec,28,25-28,CLE,6,62,15,0
ToryJames28OAK2001,Tory James,2001,sec,28,25-28,OAK,3,188,16,2
QuentinJammer28SDG2007,Quentin Jammer,2007,sec,28,25-28,SDG,1,194,15,14
J.J.Jansen28CAR2014,J.J. Jansen,2014,sec,28,25-28,CAR,Undrafted,Undrafted,16,0
BillyJenkins28BUF2002,Billy Jenkins,2002,sec,28,25-28,BUF,Undrafted,Undrafted,15,1
DeRonJenkins28TEN2001,DeRon Jenkins,2001,sec,28,25-28,TEN,3,200,15,6
JanorisJenkins28NYG2016,Janoris Jenkins,2016,sec,28,25-28,NYG,3,182,15,15
MalcolmJenkins28PHI2015,Malcolm Jenkins,2015,sec,28,25-28,PHI,1,45,16,16
MikeJenkins28OAK2013,Mike Jenkins,2013,sec,28,25-28,OAK,1,159,15,15
KellyJennings28SEA2010,Kelly Jennings,2010,sec,28,25-28,SEA,1,172,14,14
TimJennings28CHI2011,Tim Jennings,2011,sec,28,25-28,CHI,3,208,16,15
ChrisJohnson28OAK2007,Chris Johnson,2007,sec,28,25-28,OAK,8,154,13,0
JeronJohnson28SEA2016,Jeron Johnson,2016,sec,28,25-28,SEA,Undrafted,Undrafted,4,0
RashadJohnson28ARI2014,Rashad Johnson,2014,sec,28,25-28,ARI,4,244,16,16
ToddJohnson28CHI2006,Todd Johnson,2006,sec,28,25-28,CHI,5,3,12,6
TrumaineJohnson28NYJ2018,Trumaine Johnson,2018,sec,28,25-28,NYJ,4,211,4,4
AdamJones28CIN2011,Adam Jones,2011,sec,28,25-28,CIN,1,205,8,7
ColinJones28CAR2015,Colin Jones,2015,sec,28,25-28,CAR,7,100,15,3
NateJones28DEN2010,Nate Jones,2010,sec,28,25-28,DEN,8,115,16,3
ReshadJones28MIA2016,Reshad Jones,2016,sec,28,25-28,MIA,6,70,6,6
SeanJones28TAM2010,Sean Jones,2010,sec,28,25-28,TAM,3,204,16,16
TebuckyJones28NWE2002,Tebucky Jones,2002,sec,28,25-28,NWE,1,131,14,13
JohnathanJoseph28HOU2012,Johnathan Joseph,2012,sec,28,25-28,HOU,1,149,14,14
KerryJoseph28SEA2001,Kerry Joseph,2001,sec,28,25-28,SEA,Undrafted,Undrafted,8,0
LamarcusJoyner28LAR2018,Lamarcus Joyner,2018,sec,28,25-28,LAR,3,185,8,8
BhawohJue282TM2007,Bhawoh Jue,2007,sec,28,25-28,2TM,4,218,2,0
KevinKaesviharn28CIN2004,Kevin Kaesviharn,2004,sec,28,25-28,CIN,Undrafted,Undrafted,15,6
MattKatula28NWE2010,Matt Katula,2010,sec,28,25-28,NWE,Undrafted,Undrafted,8,0
BrianKelly28TAM2004,Brian Kelly,2004,sec,28,25-28,TAM,3,189,16,16
MauriceKelly28SEA2000,Maurice Kelly,2000,sec,28,25-28,SEA,Undrafted,Undrafted,16,0
KenoyKennedy28DET2005,Kenoy Kennedy,2005,sec,28,25-28,DET,3,189,16,16
EricKing282TM2010,Eric King,2010,sec,28,25-28,2TM,6,62,7,0
DreKirkpatrick28CIN2017,Dre Kirkpatrick,2017,sec,28,25-28,CIN,1,77,14,14
SammyKnight28MIA2003,Sammy Knight,2003,sec,28,25-28,MIA,Undrafted,Undrafted,16,16
CaseyKreiter28DEN2018,Casey Kreiter,2018,sec,28,25-28,DEN,Undrafted,Undrafted,8,0
L.P.Ladouceur28DAL2009,L.P. Ladouceur,2009,sec,28,25-28,DAL,Undrafted,Undrafted,16,0
DawanLandry28BAL2010,Dawan Landry,2010,sec,28,25-28,BAL,6,52,16,16
LaRonLandry28NYJ2012,LaRon Landry,2012,sec,28,25-28,NYJ,1,205,16,15
AntonioLangham28NWE2000,Antonio Langham,2000,sec,28,25-28,NWE,1,238,15,7
TyLaw28NWE2002,Ty Law,2002,sec,28,25-28,NWE,1,141,16,16
BenLeber28MIN2006,Ben Leber,2006,sec,28,25-28,MIN,4,218,15,10
PatLee282TM2012,Pat Lee,2012,sec,28,25-28,2TM,3,206,15,7
MichaelLehan28MIA2007,Michael Lehan,2007,sec,28,25-28,MIA,6,59,15,14
JimLeonhard28NYJ2010,Jim Leonhard,2010,sec,28,25-28,NYJ,Undrafted,Undrafted,11,11
KeenanLewis28NOR2014,Keenan Lewis,2014,sec,28,25-28,NOR,4,245,16,16
KendrickLewis28BAL2016,Kendrick Lewis,2016,sec,28,25-28,BAL,6,41,6,0
MichaelLewis28SFO2008,Michael Lewis,2008,sec,28,25-28,SFO,3,203,16,16
EarlLittle28CLE2001,Earl Little,2001,sec,28,25-28,CLE,Undrafted,Undrafted,16,16
JodyLittleton28CHI2002,Jody Littleton,2002,sec,28,25-28,CHI,Undrafted,Undrafted,2,0
CullenLoeffler28MIN2009,Cullen Loeffler,2009,sec,28,25-28,MIN,Undrafted,Undrafted,16,0
BennieLogan28KAN2017,Bennie Logan,2017,sec,28,25-28,KAN,4,213,15,12
MikeLogan28PIT2002,Mike Logan,2002,sec,28,25-28,PIT,3,195,14,0
OmareLowe28ATL2006,Omare Lowe,2006,sec,28,25-28,ATL,6,68,16,0
DwightLowery28ATL2014,Dwight Lowery,2014,sec,28,25-28,ATL,5,17,16,15
JustinLucas28STL2004,Justin Lucas,2004,sec,28,25-28,STL,Undrafted,Undrafted,7,0
KenLucas28CAR2007,Ken Lucas,2007,sec,28,25-28,CAR,3,184,16,16
KeithLyle28STL2000,Keith Lyle,2000,sec,28,25-28,STL,4,218,16,16
CoreyLynch282TM2013,Corey Lynch,2013,sec,28,25-28,2TM,7,85,8,0
ElbertMack28HOU2014,Elbert Mack,2014,sec,28,25-28,HOU,Undrafted,Undrafted,8,0
DavidMacklin28ARI2006,David Macklin,2006,sec,28,25-28,ARI,4,240,14,7
AnthonyMadison283TM2009,Anthony Madison,2009,sec,28,25-28,3TM,Undrafted,Undrafted,12,0
SamMadison28MIA2002,Sam Madison,2002,sec,28,25-28,MIA,3,188,16,16
DaniealManning28CHI2010,Danieal Manning,2010,sec,28,25-28,CHI,3,186,16,16
RickyManning28STL2008,Ricky Manning,2008,sec,28,25-28,STL,4,230,5,1
MarquandManuel28CAR2007,Marquand Manuel,2007,sec,28,25-28,CAR,7,90,16,2
ChrisMaragos28PHI2015,Chris Maragos,2015,sec,28,25-28,PHI,Undrafted,Undrafted,15,2
RichardMarshall28MIA2012,Richard Marshall,2012,sec,28,25-28,MIA,3,203,4,4
DerrickMartin28CHI2013,Derrick Martin,2013,sec,28,25-28,CHI,7,118,7,0
SherrodMartin28CAR2012,Sherrod Martin,2012,sec,28,25-28,CAR,3,204,12,0
ChrisMassey28STL2007,Chris Massey,2007,sec,28,25-28,STL,8,152,16,0
KevinMathis28ATL2002,Kevin Mathis,2002,sec,28,25-28,ATL,Undrafted,Undrafted,11,0
RasheanMathis28JAX2008,Rashean Mathis,2008,sec,28,25-28,JAX,3,182,12,12
ByronMaxwell28MIA2016,Byron Maxwell,2016,sec,28,25-28,MIA,7,81,13,13
ChrisMcAlister28BAL2005,Chris McAlister,2005,sec,28,25-28,BAL,1,2,14,13
TodMcBride28STL2004,Tod McBride,2004,sec,28,25-28,STL,Undrafted,Undrafted,2,0
TrumaineMcBride28NYG2013,Trumaine McBride,2013,sec,28,25-28,NYG,8,133,15,10
GeraldMcBurrows28ATL2001,Gerald McBurrows,2001,sec,28,25-28,ATL,8,125,14,8
BriceMcCain28PIT2014,Brice McCain,2014,sec,28,25-28,PIT,7,97,14,9
RobertMcClain282TM2016,Robert McClain,2016,sec,28,25-28,2TM,8,158,14,6
DexterMcCleon28STL2001,Dexter McCleon,2001,sec,28,25-28,STL,3,184,16,16
DevinMcCourty28NWE2015,Devin McCourty,2015,sec,28,25-28,NWE,1,167,14,14
JasonMcCourty28TEN2015,Jason McCourty,2015,sec,28,25-28,TEN,7,113,4,4
KelcieMcCray28SEA2016,Kelcie McCray,2016,sec,28,25-28,SEA,Undrafted,Undrafted,16,4
MarlonMcCree28CAR2005,Marlon McCree,2005,sec,28,25-28,CAR,8,144,16,15
DaylonMcCutcheon28CLE2004,Daylon McCutcheon,2004,sec,28,25-28,CLE,4,208,12,10
EmmanuelMcDaniel28NYG2000,Emmanuel McDaniel,2000,sec,28,25-28,NYG,5,15,16,3
KevinMcDermott28MIN2018,Kevin McDermott,2018,sec,28,25-28,MIN,Undrafted,Undrafted,8,0
BradleyMcDougald28SEA2018,Bradley McDougald,2018,sec,28,25-28,SEA,Undrafted,Undrafted,7,7
RayMcElroy28CHI2000,Ray McElroy,2000,sec,28,25-28,CHI,5,18,13,0
BryantMcFadden28ARI2009,Bryant McFadden,2009,sec,28,25-28,ARI,3,208,16,16
ScottMcGarrahan28MIA2002,Scott McGarrahan,2002,sec,28,25-28,MIA,7,62,14,0
TerrenceMcGee28BUF2008,Terrence McGee,2008,sec,28,25-28,BUF,5,15,14,13
JonMcGraw28KAN2007,Jon McGraw,2007,sec,28,25-28,KAN,3,202,13,0
LeodisMcKelvin28BUF2013,Leodis McKelvin,2013,sec,28,25-28,BUF,1,13,15,13
MikeMcKenzie282TM2004,Mike McKenzie,2004,sec,28,25-28,2TM,4,235,11,10
RodneyMcLeod28PHI2018,Rodney McLeod,2018,sec,28,25-28,PHI,Undrafted,Undrafted,3,3
SherrickMcManis28CHI2015,Sherrick McManis,2015,sec,28,25-28,CHI,6,50,16,4
ToddMcMillon28CHI2001,Todd McMillon,2001,sec,28,25-28,CHI,Undrafted,Undrafted,8,0
JakeMcQuaide28STL2015,Jake McQuaide,2015,sec,28,25-28,STL,Undrafted,Undrafted,16,0
R.W.McQuarters28CHI2004,R.W. McQuarters,2004,sec,28,25-28,CHI,1,168,16,14
RashaanMelvin28IND2017,Rashaan Melvin,2017,sec,28,25-28,IND,Undrafted,Undrafted,10,10
BrandonMeriweather28WAS2012,Brandon Meriweather,2012,sec,28,25-28,WAS,1,149,1,1
RayMickens28NYJ2001,Ray Mickens,2001,sec,28,25-28,NYJ,4,208,16,4
QuintinMikell28PHI2008,Quintin Mikell,2008,sec,28,25-28,PHI,Undrafted,Undrafted,16,16
RontezMiles28NYJ2016,Rontez Miles,2016,sec,28,25-28,NYJ,Undrafted,Undrafted,16,4
HanikMilligan28STL2007,Hanik Milligan,2007,sec,28,25-28,STL,7,97,7,0
LawyerMilloy28NWE2001,Lawyer Milloy,2001,sec,28,25-28,NWE,3,179,16,16
MikeMinter28CAR2002,Mike Minter,2002,sec,28,25-28,CAR,3,201,16,16
AnthonyMitchell28BAL2002,Anthony Mitchell,2002,sec,28,25-28,BAL,Undrafted,Undrafted,16,6
MelMitchell28NWE2007,Mel Mitchell,2007,sec,28,25-28,NWE,6,57,10,0
MikeMitchell28PIT2015,Mike Mitchell,2015,sec,28,25-28,PIT,3,191,16,16
AlexMolden28SDG2001,Alex Molden,2001,sec,28,25-28,SDG,1,13,6,3
WilliamMoore28ATL2013,William Moore,2013,sec,28,25-28,ATL,3,200,16,16
DonMuhlbach28DET2009,Don Muhlbach,2009,sec,28,25-28,DET,Undrafted,Undrafted,15,0
RyanMundy28NYG2013,Ryan Mundy,2013,sec,28,25-28,NYG,7,104,16,9
CaptainMunnerlyn28MIN2016,Captain Munnerlyn,2016,sec,28,25-28,MIN,8,127,15,9
GregMyers28DAL2000,Greg Myers,2000,sec,28,25-28,DAL,6,50,6,4
RyanNeill28SDG2010,Ryan Neill,2010,sec,28,25-28,SDG,Undrafted,Undrafted,2,0
KyleNelson28SFO2014,Kyle Nelson,2014,sec,28,25-28,SFO,Undrafted,Undrafted,16,0
ReggieNelson28CIN2011,Reggie Nelson,2011,sec,28,25-28,CIN,1,120,16,16
NateNess28DET2014,Nate Ness,2014,sec,28,25-28,DET,Undrafted,Undrafted,1,0
TerenceNewman28DAL2006,Terence Newman,2006,sec,28,25-28,DAL,1,194,16,16
DonnieNickey28TEN2008,Donnie Nickey,2008,sec,28,25-28,TEN,6,61,16,0
JoshNorman28CAR2015,Josh Norman,2015,sec,28,25-28,CAR,6,49,16,16
DelthaO'Neal28CIN2005,Deltha O'Neal,2005,sec,28,25-28,CIN,1,56,15,14
EvanOglesby28MIA2009,Evan Oglesby,2009,sec,28,25-28,MIA,Undrafted,Undrafted,1,0
MattOverton28IND2013,Matt Overton,2013,sec,28,25-28,IND,Undrafted,Undrafted,16,0
ChrisOwens28KAN2014,Chris Owens,2014,sec,28,25-28,KAN,4,239,11,3
RonParker28KAN2015,Ron Parker,2015,sec,28,25-28,KAN,Undrafted,Undrafted,16,16
TonyParrish28SFO2003,Tony Parrish,2003,sec,28,25-28,SFO,3,178,16,16
DimitriPatterson28CLE2011,Dimitri Patterson,2011,sec,28,25-28,CLE,Undrafted,Undrafted,14,1
LoniePaxton28NWE2006,Lonie Paxton,2006,sec,28,25-28,NWE,Undrafted,Undrafted,16,0
KarlPaymah28HOU2010,Karl Paymah,2010,sec,28,25-28,HOU,4,223,2,0
KalvinPearson28TAM2006,Kalvin Pearson,2006,sec,28,25-28,TAM,Undrafted,Undrafted,16,0
CharliePeprah28GNB2011,Charlie Peprah,2011,sec,28,25-28,GNB,6,64,16,14
PatrickPeterson28ARI2018,Patrick Peterson,2018,sec,28,25-28,ARI,1,194,8,8
WillPeterson28PHI2007,Will Peterson,2007,sec,28,25-28,PHI,4,225,14,6
JermainePhillips28TAM2007,Jermaine Phillips,2007,sec,28,25-28,TAM,6,63,15,15
KennyPhillips28NOR2014,Kenny Phillips,2014,sec,28,25-28,NOR,1,172,0,NA
SabbyPiscitelli28KAN2011,Sabby Piscitelli,2011,sec,28,25-28,KAN,3,210,16,2
BryanPittman28HOU2005,Bryan Pittman,2005,sec,28,25-28,HOU,Undrafted,Undrafted,16,0
EddiePleasant28HOU2016,Eddie Pleasant,2016,sec,28,25-28,HOU,Undrafted,Undrafted,14,0
AhmedPlummer28SFO2004,Ahmed Plummer,2004,sec,28,25-28,SFO,1,149,6,6
TroyPolamalu28PIT2009,Troy Polamalu,2009,sec,28,25-28,PIT,1,66,5,5
BernardPollard28BAL2012,Bernard Pollard,2012,sec,28,25-28,BAL,3,199,13,13
RyanPontbriand28CLE2007,Ryan Pontbriand,2007,sec,28,25-28,CLE,6,48,16,0
TyronePoole28IND2000,Tyrone Poole,2000,sec,28,25-28,IND,1,131,15,12
TracyPorter28WAS2014,Tracy Porter,2014,sec,28,25-28,WAS,3,184,3,1
HankPoteat28NWE2005,Hank Poteat,2005,sec,28,25-28,NWE,4,224,10,1
DarrylPounds28DEN2000,Darryl Pounds,2000,sec,28,25-28,DEN,4,214,9,0
JerraudPowers28ARI2015,Jerraud Powers,2015,sec,28,25-28,ARI,4,241,13,13
PiersonPrioleau28WAS2005,Pierson Prioleau,2005,sec,28,25-28,WAS,5,14,15,6
ChrisProsinski28CHI2015,Chris Prosinski,2015,sec,28,25-28,CHI,5,26,13,5
TannerPurdum28NYJ2014,Tanner Purdum,2014,sec,28,25-28,NYJ,Undrafted,Undrafted,16,0
GloverQuin28DET2014,Glover Quin,2014,sec,28,25-28,DET,5,16,16,16
KeiwanRatliff28PIT2009,Keiwan Ratliff,2009,sec,28,25-28,PIT,3,193,8,0
EdReed28BAL2006,Ed Reed,2006,sec,28,25-28,BAL,1,149,16,16
IzellReese28DEN2002,Izell Reese,2002,sec,28,25-28,DEN,7,97,15,15
DarrelleRevis28TAM2013,Darrelle Revis,2013,sec,28,25-28,TAM,1,45,16,16
KerryRhodes28ARI2010,Kerry Rhodes,2010,sec,28,25-28,ARI,5,28,16,16
XavierRhodes28MIN2018,Xavier Rhodes,2018,sec,28,25-28,MIN,1,159,7,7
RonRice28DET2000,Ron Rice,2000,sec,28,25-28,DET,Undrafted,Undrafted,14,14
DarrylRoberts28NYJ2018,Darryl Roberts,2018,sec,28,25-28,NYJ,8,156,8,4
DamienRobinson28NYJ2001,Damien Robinson,2001,sec,28,25-28,NYJ,5,23,14,14
DuntaRobinson28ATL2010,Dunta Robinson,2010,sec,28,25-28,ATL,1,2,15,15
PatrickRobinson28SDG2015,Patrick Robinson,2015,sec,28,25-28,SDG,1,174,16,10
DominiqueRodgers-Cromartie28NYG2014,Dominique Rodgers-Cromartie,2014,sec,28,25-28,NYG,1,66,16,15
CarlosRogers28WAS2009,Carlos Rogers,2009,sec,28,25-28,WAS,1,238,16,15
AntrelRolle28NYG2010,Antrel Rolle,2010,sec,28,25-28,NYG,1,227,16,16
SamariRolle28TEN2004,Samari Rolle,2004,sec,28,25-28,TEN,3,190,12,11
MarkRoman28GNB2005,Mark Roman,2005,sec,28,25-28,GNB,3,177,16,16
AaronRoss28NYG2010,Aaron Ross,2010,sec,28,25-28,NYG,1,109,15,1
AllenRossum28ATL2003,Allen Rossum,2003,sec,28,25-28,ATL,4,233,16,0
StanfordRoutt28OAK2011,Stanford Routt,2011,sec,28,25-28,OAK,3,181,16,15
ReggieRusk28SDG2000,Reggie Rusk,2000,sec,28,25-28,SDG,8,133,7,0
BrianRussell28CLE2006,Brian Russell,2006,sec,28,25-28,CLE,Undrafted,Undrafted,12,12
AsanteSamuel28PHI2009,Asante Samuel,2009,sec,28,25-28,PHI,5,25,16,16
GarrisonSanborn28BUF2013,Garrison Sanborn,2013,sec,28,25-28,BUF,Undrafted,Undrafted,16,0
DavisSanchez28SDG2002,Davis Sanchez,2002,sec,28,25-28,SDG,Undrafted,Undrafted,10,0
BobSanders28IND2009,Bob Sanders,2009,sec,28,25-28,IND,3,188,2,2
JamesSanders28ATL2011,James Sanders,2011,sec,28,25-28,ATL,5,38,15,6
LewisSanders28HOU2006,Lewis Sanders,2006,sec,28,25-28,HOU,5,244,9,7
JamarcaSanford28MIN2013,Jamarca Sanford,2013,sec,28,25-28,MIN,8,143,13,13
BennySapp28MIN2009,Benny Sapp,2009,sec,28,25-28,MIN,Undrafted,Undrafted,16,7
PatrickScales28CHI2016,Patrick Scales,2016,sec,28,25-28,CHI,Undrafted,Undrafted,16,0
MikeSchneck28BUF2005,Mike Schneck,2005,sec,28,25-28,BUF,Undrafted,Undrafted,16,0
LanceSchulters28TEN2003,Lance Schulters,2003,sec,28,25-28,TEN,5,23,16,16
BryanScott28BUF2009,Bryan Scott,2009,sec,28,25-28,BUF,3,200,9,9
ChadScott28PIT2002,Chad Scott,2002,sec,28,25-28,PIT,1,149,15,15
LynnScott28DAL2005,Lynn Scott,2005,sec,28,25-28,DAL,Undrafted,Undrafted,6,0
Da'NorrisSearcy28TEN2016,Da'Norris Searcy,2016,sec,28,25-28,TEN,5,3,14,14
AndrewSendejo28MIN2015,Andrew Sendejo,2015,sec,28,25-28,MIN,Undrafted,Undrafted,13,13
CotySensabaugh282TM2016,Coty Sensabaugh,2016,sec,28,25-28,2TM,5,19,13,2
GeraldSensabaugh28DAL2011,Gerald Sensabaugh,2011,sec,28,25-28,DAL,6,63,16,16
SamShade28WAS2001,Sam Shade,2001,sec,28,25-28,WAS,5,5,16,15
DarrenSharper28GNB2003,Darren Sharper,2003,sec,28,25-28,GNB,3,206,15,15
TerranceShaw28NWE2001,Terrance Shaw,2001,sec,28,25-28,NWE,3,177,13,3
DeShawnShead28SEA2017,DeShawn Shead,2017,sec,28,25-28,SEA,Undrafted,Undrafted,2,0
LitoSheppard28NYJ2009,Lito Sheppard,2009,sec,28,25-28,NYJ,1,166,11,9
MarcusSherels28MIN2015,Marcus Sherels,2015,sec,28,25-28,MIN,Undrafted,Undrafted,16,0
RichardSherman28SEA2016,Richard Sherman,2016,sec,28,25-28,SEA,6,61,16,16
SamShields28GNB2015,Sam Shields,2015,sec,28,25-28,GNB,Undrafted,Undrafted,12,12
DainonSidney28BUF2003,Dainon Sidney,2003,sec,28,25-28,BUF,4,224,2,0
JasonSimmons28HOU2004,Jason Simmons,2004,sec,28,25-28,HOU,6,42,10,6
BusterSkrine28NYJ2017,Buster Skrine,2017,sec,28,25-28,NYJ,6,42,15,15
AnthonySmith28TEN2011,Anthony Smith,2011,sec,28,25-28,TEN,4,231,13,0
DwightSmith28MIN2006,Dwight Smith,2006,sec,28,25-28,MIN,4,232,15,14
EricSmith28NYJ2011,Eric Smith,2011,sec,28,25-28,NYJ,4,246,16,14
CoyWire28BUF2006,Coy Wire,2006,sec,28,25-28,BUF,4,246,16,1
ShawnWooden28MIA2001,Shawn Wooden,2001,sec,28,25-28,MIA,7,98,13,0
JeromeWoods28KAN2001,Jerome Woods,2001,sec,28,25-28,KAN,1,168,16,16
CharlesWoodson28OAK2004,Charles Woodson,2004,sec,28,25-28,OAK,1,183,13,12
CameronWorrell28MIA2007,Cameron Worrell,2007,sec,28,25-28,MIA,Undrafted,Undrafted,12,7
BlidiWreh-Wilson28ATL2017,Blidi Wreh-Wilson,2017,sec,28,25-28,ATL,4,217,8,1
EricWright28SFO2013,Eric Wright,2013,sec,28,25-28,SFO,3,198,7,0
KennyWright28JAX2005,Kenny Wright,2005,sec,28,25-28,JAX,5,25,16,16
MajorWright28TAM2016,Major Wright,2016,sec,28,25-28,TAM,4,222,2,0
ShareeceWright28BAL2015,Shareece Wright,2015,sec,28,25-28,BAL,4,237,11,7
JimmyWyrick28MIA2004,Jimmy Wyrick,2004,sec,28,25-28,MIA,Undrafted,Undrafted,14,0
UsamaYoung28OAK2013,Usama Young,2013,sec,28,25-28,OAK,4,212,12,1
HusainAbdullah29KAN2014,Husain Abdullah,2014,sec,29,29-32,KAN,Undrafted,Undrafted,16,16
DonnieAbraham29NYJ2002,Donnie Abraham,2002,sec,29,29-32,NYJ,4,218,16,16
MikeAdams29CLE2010,Mike Adams,2010,sec,29,29-32,CLE,Undrafted,Undrafted,15,2
BrentAlexander29PIT2000,Brent Alexander,2000,sec,29,29-32,PIT,Undrafted,Undrafted,16,16
RobertAlford29ATL2017,Robert Alford,2017,sec,29,29-32,ATL,3,206,16,16
JasonAllen29CIN2012,Jason Allen,2012,sec,29,29-32,CIN,1,66,4,0
NateAllen29OAK2016,Nate Allen,2016,sec,29,29-32,OAK,3,180,14,4
TajeAllen29KAN2002,Taje Allen,2002,sec,29,29-32,KAN,6,64,6,0
WillAllen29PIT2011,Will Allen,2011,sec,29,29-32,PIT,5,15,16,0
WillAllen29MIA2007,Will Allen,2007,sec,29,29-32,MIA,1,131,16,16
PrinceAmukamara29CHI2018,Prince Amukamara,2018,sec,29,29-32,CHI,1,99,6,6
ColtAnderson29IND2014,Colt Anderson,2014,sec,29,29-32,IND,Undrafted,Undrafted,15,0
AdamArchuleta29WAS2006,Adam Archuleta,2006,sec,29,29-32,WAS,1,109,16,7
KyleArrington29BAL2015,Kyle Arrington,2015,sec,29,29-32,BAL,Undrafted,Undrafted,15,4
NnamdiAsomugha29OAK2010,Nnamdi Asomugha,2010,sec,29,29-32,OAK,1,172,14,14
O.J.Atogwe29STL2010,O.J. Atogwe,2010,sec,29,29-32,STL,4,212,16,15
JordanBabineaux29TEN2011,Jordan Babineaux,2011,sec,29,29-32,TEN,Undrafted,Undrafted,16,14
ChampBailey29DEN2007,Champ Bailey,2007,sec,29,29-32,DEN,1,216,15,15
SamBaker29ATL2014,Sam Baker,2014,sec,29,29-32,ATL,1,120,5,0
AlanBall29JAX2014,Alan Ball,2014,sec,29,29-32,JAX,8,147,7,7
MarcusBall292TM2016,Marcus Ball,2016,sec,29,29-32,2TM,Undrafted,Undrafted,6,0
RondeBarber29TAM2004,Ronde Barber,2004,sec,29,29-32,TAM,4,212,16,16
DavidBarrett29NYJ2006,David Barrett,2006,sec,29,29-32,NYJ,5,5,13,3
RonBartell29STL2011,Ron Bartell,2011,sec,29,29-32,STL,3,195,1,1
IdreesBashir29DET2007,Idrees Bashir,2007,sec,29,29-32,DET,3,180,9,1
AaronBeasley29NYJ2002,Aaron Beasley,2002,sec,29,29-32,NYJ,4,209,15,15
TonyBeckham29DET2007,Tony Beckham,2007,sec,29,29-32,DET,5,19,6,0
MyronBell29PIT2000,Myron Bell,2000,sec,29,29-32,PIT,6,46,1,0
YeremiahBell29MIA2007,Yeremiah Bell,2007,sec,29,29-32,MIA,7,124,1,1
JayBellamy29NOR2001,Jay Bellamy,2001,sec,29,29-32,NOR,Undrafted,Undrafted,16,16
EricBerry29KAN2017,Eric Berry,2017,sec,29,29-32,KAN,1,194,1,1
AntoineBethea29IND2013,Antoine Bethea,2013,sec,29,29-32,IND,7,117,16,16
AtariBigby29GNB2010,Atari Bigby,2010,sec,29,29-32,GNB,Undrafted,Undrafted,4,0
DavidBinn29SDG2001,David Binn,2001,sec,29,29-32,SDG,Undrafted,Undrafted,16,0
WillBlackmon29JAX2013,Will Blackmon,2013,sec,29,29-32,JAX,5,19,15,8
Dre'Bly29DET2006,Dre' Bly,2006,sec,29,29-32,DET,3,185,16,16
JuranBolden29ATL2003,Juran Bolden,2003,sec,29,29-32,ATL,5,32,8,8
MattBowen29WAS2005,Matt Bowen,2005,sec,29,29-32,WAS,7,108,13,1
ZackaryBowman29CHI2013,Zackary Bowman,2013,sec,29,29-32,CHI,6,48,16,7
TyvonBranch29KAN2015,Tyvon Branch,2015,sec,29,29-32,KAN,5,3,16,1
TramaineBrock29MIN2017,Tramaine Brock,2017,sec,29,29-32,MIN,Undrafted,Undrafted,11,0
ZackBronson29SFO2003,Zack Bronson,2003,sec,29,29-32,SFO,Undrafted,Undrafted,12,12
EricBrown29HOU2004,Eric Brown,2004,sec,29,29-32,HOU,3,207,13,4
FakhirBrown29STL2006,Fakhir Brown,2006,sec,29,29-32,STL,Undrafted,Undrafted,14,14
LanceBrown29BUF2001,Lance Brown,2001,sec,29,29-32,BUF,6,68,14,1
MikeBrown29CHI2007,Mike Brown,2007,sec,29,29-32,CHI,3,182,1,1
RalphBrown29ARI2007,Ralph Brown,2007,sec,29,29-32,ARI,6,46,16,0
SheldonBrown29PHI2008,Sheldon Brown,2008,sec,29,29-32,PHI,3,204,16,15
TarellBrown29OAK2014,Tarell Brown,2014,sec,29,29-32,OAK,6,53,14,14
BrandonBrowner29SEA2013,Brandon Browner,2013,sec,29,29-32,SEA,Undrafted,Undrafted,8,8
DavidBruton29WAS2016,David Bruton,2016,sec,29,29-32,WAS,5,18,4,4
FernandoBryant29DET2006,Fernando Bryant,2006,sec,29,29-32,DET,1,166,10,10
RayBuchanan29ATL2000,Ray Buchanan,2000,sec,29,29-32,ATL,4,211,16,16
PhillipBuchanon29DET2009,Phillip Buchanon,2009,sec,29,29-32,DET,1,77,13,11
TerrellBuckley29DEN2000,Terrell Buckley,2000,sec,29,29-32,DEN,1,194,16,16
MorganBurnett29PIT2018,Morgan Burnett,2018,sec,29,29-32,PIT,4,218,3,1
JeffBurris29IND2001,Jeff Burris,2001,sec,29,29-32,IND,1,167,15,15
DevinBush29CLE2002,Devin Bush,2002,sec,29,29-32,CLE,1,166,15,9
JarrettBush29GNB2013,Jarrett Bush,2013,sec,29,29-32,GNB,Undrafted,Undrafted,12,0
RafaelBush29DET2016,Rafael Bush,2016,sec,29,29-32,DET,Undrafted,Undrafted,16,4
CrezdonButler29DET2016,Crezdon Butler,2016,sec,29,29-32,DET,6,71,1,0
DariusButler29IND2015,Darius Butler,2015,sec,29,29-32,IND,3,185,14,2
JamesButler29STL2011,James Butler,2011,sec,29,29-32,STL,Undrafted,Undrafted,16,0
JerametriusButler29BUF2007,Jerametrius Butler,2007,sec,29,29-32,BUF,6,51,7,1
QuincyButler29STL2010,Quincy Butler,2010,sec,29,29-32,STL,Undrafted,Undrafted,6,1
JairusByrd29NOR2015,Jairus Byrd,2015,sec,29,29-32,NOR,3,186,13,12
JeremyCain29JAX2009,Jeremy Cain,2009,sec,29,29-32,JAX,Undrafted,Undrafted,16,0
DonCarey29DET2016,Don Carey,2016,sec,29,29-32,DET,7,85,14,0
DwaineCarpenter292TM2005,Dwaine Carpenter,2005,sec,29,29-32,2TM,Undrafted,Undrafted,3,0
BrandonCarr29DAL2015,Brandon Carr,2015,sec,29,29-32,DAL,6,46,16,16
ChrisCarr29SDG2012,Chris Carr,2012,sec,29,29-32,SDG,Undrafted,Undrafted,9,0
NolanCarroll29PHI2016,Nolan Carroll,2016,sec,29,29-32,PHI,6,51,16,16
TomCarter29CIN2001,Tom Carter,2001,sec,29,29-32,CIN,1,77,6,0
TonyCarter29IND2015,Tony Carter,2015,sec,29,29-32,IND,Undrafted,Undrafted,3,0
TyroneCarter29PIT2005,Tyrone Carter,2005,sec,29,29-32,PIT,5,22,16,0
KamChancellor29SEA2017,Kam Chancellor,2017,sec,29,29-32,SEA,6,38,9,9
CoreyChavous29MIN2005,Corey Chavous,2005,sec,29,29-32,MIN,3,176,16,16
Je'RodCherry29NWE2002,Je'Rod Cherry,2002,sec,29,29-32,NWE,3,184,16,0
PatrickChung29NWE2016,Patrick Chung,2016,sec,29,29-32,NWE,3,177,16,16
BarryChurch29JAX2017,Barry Church,2017,sec,29,29-32,JAX,Undrafted,Undrafted,16,16
RyanClark29PIT2008,Ryan Clark,2008,sec,29,29-32,PIT,Undrafted,Undrafted,14,14
NateClements29SFO2008,Nate Clements,2008,sec,29,29-32,SFO,1,120,15,15
ChrisClemons29ARI2014,Chris Clemons,2014,sec,29,29-32,ARI,6,72,1,0
MichaelCoe293TM2012,Michael Coe,2012,sec,29,29-32,3TM,6,81,11,1
MarquiceCole29NWE2012,Marquice Cole,2012,sec,29,29-32,NWE,Undrafted,Undrafted,14,1
ErikColeman29DET2011,Erik Coleman,2011,sec,29,29-32,DET,6,49,4,0
KurtColeman29CAR2017,Kurt Coleman,2017,sec,29,29-32,CAR,8,153,12,12
MarcusColeman29HOU2003,Marcus Coleman,2003,sec,29,29-32,HOU,6,38,15,15
KyriesHebert29CIN2009,Kyries Hebert,2009,sec,29,29-32,CIN,Undrafted,Undrafted,15,0
AnthonyHenry29DAL2005,Anthony Henry,2005,sec,29,29-32,DAL,5,246,12,10
KellyHerndon29SEA2005,Kelly Herndon,2005,sec,29,29-32,SEA,Undrafted,Undrafted,12,6
KimHerring29CIN2004,Kim Herring,2004,sec,29,29-32,CIN,3,203,12,10
RenaldoHill29MIA2007,Renaldo Hill,2007,sec,29,29-32,MIA,8,112,7,7
NathanHodel29ARI2006,Nathan Hodel,2006,sec,29,29-32,ARI,Undrafted,Undrafted,16,0
ChrisHope29TEN2009,Chris Hope,2009,sec,29,29-32,TEN,4,243,16,16
DavonHouse29GNB2018,Davon House,2018,sec,29,29-32,GNB,5,37,3,0
KevinHouser29NOR2006,Kevin Houser,2006,sec,29,29-32,NOR,8,139,16,0
ChrisHouston29DET2013,Chris Houston,2013,sec,29,29-32,DET,3,185,12,12
ReggieHoward29CAR2006,Reggie Howard,2006,sec,29,29-32,CAR,Undrafted,Undrafted,6,0
MichaelHuff29OAK2012,Michael Huff,2012,sec,29,29-32,OAK,1,216,16,16
JamesIhedigbo29BAL2012,James Ihedigbo,2012,sec,29,29-32,BAL,Undrafted,Undrafted,16,3
KenIrvin29BUF2001,Ken Irvin,2001,sec,29,29-32,BUF,5,12,14,4
ChrisIvory29JAX2017,Chris Ivory,2017,sec,29,29-32,JAX,Undrafted,Undrafted,14,3
CoreyIvy29BAL2006,Corey Ivy,2006,sec,29,29-32,BAL,Undrafted,Undrafted,13,0
ChidiIwuoma29TEN2007,Chidi Iwuoma,2007,sec,29,29-32,TEN,Undrafted,Undrafted,1,0
DexterJackson29CIN2006,Dexter Jackson,2006,sec,29,29-32,CIN,5,17,12,11
KareemJackson29HOU2017,Kareem Jackson,2017,sec,29,29-32,HOU,1,109,16,14
ToryJames29OAK2002,Tory James,2002,sec,29,29-32,OAK,3,188,14,13
QuentinJammer29SDG2008,Quentin Jammer,2008,sec,29,29-32,SDG,1,194,16,16
J.J.Jansen29CAR2015,J.J. Jansen,2015,sec,29,29-32,CAR,Undrafted,Undrafted,16,0
GregJeffries29MIA2000,Greg Jeffries,2000,sec,29,29-32,MIA,7,53,11,0
JanorisJenkins29NYG2017,Janoris Jenkins,2017,sec,29,29-32,NYG,3,182,9,8
MalcolmJenkins29PHI2016,Malcolm Jenkins,2016,sec,29,29-32,PHI,1,45,16,16
MikeJenkins29TAM2014,Mike Jenkins,2014,sec,29,29-32,TAM,1,159,1,0
KellyJennings29CIN2011,Kelly Jennings,2011,sec,29,29-32,CIN,1,172,13,1
TimJennings29CHI2012,Tim Jennings,2012,sec,29,29-32,CHI,3,208,14,14
ChrisJohnson29OAK2008,Chris Johnson,2008,sec,29,29-32,OAK,8,154,15,7
RashadJohnson29ARI2015,Rashad Johnson,2015,sec,29,29-32,ARI,4,244,14,14
ToddJohnson29STL2007,Todd Johnson,2007,sec,29,29-32,STL,5,3,16,1
AdamJones29CIN2012,Adam Jones,2012,sec,29,29-32,CIN,1,205,16,5
ColinJones29CAR2016,Colin Jones,2016,sec,29,29-32,CAR,7,100,14,1
NateJones292TM2011,Nate Jones,2011,sec,29,29-32,2TM,8,115,7,1
ReshadJones29MIA2017,Reshad Jones,2017,sec,29,29-32,MIA,6,70,16,16
SeanJones29TAM2011,Sean Jones,2011,sec,29,29-32,TAM,3,204,16,16
TebuckyJones29NOR2003,Tebucky Jones,2003,sec,29,29-32,NOR,1,131,15,15
JohnathanJoseph29HOU2013,Johnathan Joseph,2013,sec,29,29-32,HOU,1,149,15,15
KevinKaesviharn29CIN2005,Kevin Kaesviharn,2005,sec,29,29-32,CIN,Undrafted,Undrafted,16,16
MattKatula29MIN2011,Matt Katula,2011,sec,29,29-32,MIN,Undrafted,Undrafted,5,0
BrianKelly29TAM2005,Brian Kelly,2005,sec,29,29-32,TAM,3,189,16,16
MauriceKelly29SEA2001,Maurice Kelly,2001,sec,29,29-32,SEA,Undrafted,Undrafted,8,3
KenoyKennedy29DET2006,Kenoy Kennedy,2006,sec,29,29-32,DET,3,189,10,9
ShilohKeo292TM2016,Shiloh Keo,2016,sec,29,29-32,2TM,6,50,10,0
DreKirkpatrick29CIN2018,Dre Kirkpatrick,2018,sec,29,29-32,CIN,1,77,8,8
SammyKnight29MIA2004,Sammy Knight,2004,sec,29,29-32,MIA,Undrafted,Undrafted,16,16
TomKnight29BAL2003,Tom Knight,2003,sec,29,29-32,BAL,1,238,10,1
L.P.Ladouceur29DAL2010,L.P. Ladouceur,2010,sec,29,29-32,DAL,Undrafted,Undrafted,16,0
DawanLandry29JAX2011,Dawan Landry,2011,sec,29,29-32,JAX,6,52,16,16
LaRonLandry29IND2013,LaRon Landry,2013,sec,29,29-32,IND,1,205,12,12
TyLaw29NWE2003,Ty Law,2003,sec,29,29-32,NWE,1,141,15,15
MichaelLehan292TM2008,Michael Lehan,2008,sec,29,29-32,2TM,6,59,8,2
JimLeonhard29NYJ2011,Jim Leonhard,2011,sec,29,29-32,NYJ,Undrafted,Undrafted,13,13
KeenanLewis29NOR2015,Keenan Lewis,2015,sec,29,29-32,NOR,4,245,6,1
MichaelLewis29SFO2009,Michael Lewis,2009,sec,29,29-32,SFO,3,203,15,15
EarlLittle29CLE2002,Earl Little,2002,sec,29,29-32,CLE,Undrafted,Undrafted,13,9
CullenLoeffler29MIN2010,Cullen Loeffler,2010,sec,29,29-32,MIN,Undrafted,Undrafted,16,0
MikeLogan29PIT2003,Mike Logan,2003,sec,29,29-32,PIT,3,195,16,15
DwightLowery29IND2015,Dwight Lowery,2015,sec,29,29-32,IND,5,17,16,16
KenLucas29CAR2008,Ken Lucas,2008,sec,29,29-32,CAR,3,184,16,16
KeithLyle29WAS2001,Keith Lyle,2001,sec,29,29-32,WAS,4,218,16,0
JohnLynch29TAM2000,John Lynch,2000,sec,29,29-32,TAM,4,230,16,16
DavidMacklin29WAS2007,David Macklin,2007,sec,29,29-32,WAS,4,240,6,0
AnthonyMadison29PIT2010,Anthony Madison,2010,sec,29,29-32,PIT,Undrafted,Undrafted,16,1
SamMadison29MIA2003,Sam Madison,2003,sec,29,29-32,MIA,3,188,16,16
PatrickMannelly29CHI2004,Patrick Mannelly,2004,sec,29,29-32,CHI,7,98,16,0
DaniealManning29HOU2011,Danieal Manning,2011,sec,29,29-32,HOU,3,186,13,13
MarquandManuel29DEN2008,Marquand Manuel,2008,sec,29,29-32,DEN,7,90,16,14
ChrisMaragos29PHI2016,Chris Maragos,2016,sec,29,29-32,PHI,Undrafted,Undrafted,16,0
RichardMarshall29SDG2013,Richard Marshall,2013,sec,29,29-32,SDG,3,203,16,6
ChrisMassey29STL2008,Chris Massey,2008,sec,29,29-32,STL,8,152,16,0
KevinMathis29ATL2003,Kevin Mathis,2003,sec,29,29-32,ATL,Undrafted,Undrafted,14,3
RasheanMathis29JAX2009,Rashean Mathis,2009,sec,29,29-32,JAX,3,182,10,10
ByronMaxwell292TM2017,Byron Maxwell,2017,sec,29,29-32,2TM,7,81,9,8
ChrisMcAlister29BAL2006,Chris McAlister,2006,sec,29,29-32,BAL,1,2,16,16
TrumaineMcBride29NYG2014,Trumaine McBride,2014,sec,29,29-32,NYG,8,133,6,1
GeraldMcBurrows29ATL2002,Gerald McBurrows,2002,sec,29,29-32,ATL,8,125,15,14
BriceMcCain29MIA2015,Brice McCain,2015,sec,29,29-32,MIA,7,97,14,11
RobertMcClain29TAM2017,Robert McClain,2017,sec,29,29-32,TAM,8,158,14,9
DexterMcCleon29STL2002,Dexter McCleon,2002,sec,29,29-32,STL,3,184,13,4
DevinMcCourty29NWE2016,Devin McCourty,2016,sec,29,29-32,NWE,1,167,16,16
JasonMcCourty29TEN2016,Jason McCourty,2016,sec,29,29-32,TEN,7,113,14,14
MarlonMcCree29SDG2006,Marlon McCree,2006,sec,29,29-32,SDG,8,144,14,14
DaylonMcCutcheon29CLE2005,Daylon McCutcheon,2005,sec,29,29-32,CLE,4,208,16,16
EmmanuelMcDaniel29NYG2001,Emmanuel McDaniel,2001,sec,29,29-32,NYG,5,15,16,0
RayMcElroy29DET2001,Ray McElroy,2001,sec,29,29-32,DET,5,18,4,0
BryantMcFadden29PIT2010,Bryant McFadden,2010,sec,29,29-32,PIT,3,208,16,16
ScottMcGarrahan29TEN2003,Scott McGarrahan,2003,sec,29,29-32,TEN,7,62,16,2
TerrenceMcGee29BUF2009,Terrence McGee,2009,sec,29,29-32,BUF,5,15,11,10
JonMcGraw29KAN2008,Jon McGraw,2008,sec,29,29-32,KAN,3,202,16,0
LeodisMcKelvin29BUF2014,Leodis McKelvin,2014,sec,29,29-32,BUF,1,13,10,9
MikeMcKenzie29NOR2005,Mike McKenzie,2005,sec,29,29-32,NOR,4,235,15,15
SherrickMcManis29CHI2016,Sherrick McManis,2016,sec,29,29-32,CHI,6,50,16,0
ToddMcMillon29CHI2002,Todd McMillon,2002,sec,29,29-32,CHI,Undrafted,Undrafted,10,1
JakeMcQuaide29LAR2016,Jake McQuaide,2016,sec,29,29-32,LAR,Undrafted,Undrafted,16,0
R.W.McQuarters29DET2005,R.W. McQuarters,2005,sec,29,29-32,DET,1,168,16,11
RashaanMelvin29OAK2018,Rashaan Melvin,2018,sec,29,29-32,OAK,Undrafted,Undrafted,6,5
BrandonMeriweather29WAS2013,Brandon Meriweather,2013,sec,29,29-32,WAS,1,149,13,13
RayMickens29NYJ2002,Ray Mickens,2002,sec,29,29-32,NYJ,4,208,16,1
QuintinMikell29PHI2009,Quintin Mikell,2009,sec,29,29-32,PHI,Undrafted,Undrafted,16,16
RontezMiles29NYJ2017,Rontez Miles,2017,sec,29,29-32,NYJ,Undrafted,Undrafted,13,0
LawyerMilloy29NWE2002,Lawyer Milloy,2002,sec,29,29-32,NWE,3,179,16,16
MikeMinter29CAR2003,Mike Minter,2003,sec,29,29-32,CAR,3,201,16,16
AnthonyMitchell29JAX2003,Anthony Mitchell,2003,sec,29,29-32,JAX,Undrafted,Undrafted,16,2
MikeMitchell29PIT2016,Mike Mitchell,2016,sec,29,29-32,PIT,3,191,16,16
AlexMolden29SDG2002,Alex Molden,2002,sec,29,29-32,SDG,1,13,16,16
WilliamMoore29ATL2014,William Moore,2014,sec,29,29-32,ATL,3,200,7,7
DonMuhlbach29DET2010,Don Muhlbach,2010,sec,29,29-32,DET,Undrafted,Undrafted,16,0
RyanMundy29CHI2014,Ryan Mundy,2014,sec,29,29-32,CHI,7,104,16,16
CaptainMunnerlyn29CAR2017,Captain Munnerlyn,2017,sec,29,29-32,CAR,8,127,14,0
KyleNelson29SFO2015,Kyle Nelson,2015,sec,29,29-32,SFO,Undrafted,Undrafted,16,0
ReggieNelson29CIN2012,Reggie Nelson,2012,sec,29,29-32,CIN,1,120,14,14
TerenceNewman29DAL2007,Terence Newman,2007,sec,29,29-32,DAL,1,194,13,11
DonnieNickey29TEN2009,Donnie Nickey,2009,sec,29,29-32,TEN,6,61,16,1
JoshNorman29WAS2016,Josh Norman,2016,sec,29,29-32,WAS,6,49,16,16
DelthaO'Neal29CIN2006,Deltha O'Neal,2006,sec,29,29-32,CIN,1,56,12,7
EvanOglesby29MIA2010,Evan Oglesby,2010,sec,29,29-32,MIA,Undrafted,Undrafted,1,0
MattOverton29IND2014,Matt Overton,2014,sec,29,29-32,IND,Undrafted,Undrafted,16,0
ChrisOwens29NOR2015,Chris Owens,2015,sec,29,29-32,NOR,4,239,4,0
RonParker29KAN2016,Ron Parker,2016,sec,29,29-32,KAN,Undrafted,Undrafted,16,16
TonyParrish29SFO2004,Tony Parrish,2004,sec,29,29-32,SFO,3,178,16,16
DimitriPatterson292TM2012,Dimitri Patterson,2012,sec,29,29-32,2TM,Undrafted,Undrafted,9,6
LoniePaxton29NWE2007,Lonie Paxton,2007,sec,29,29-32,NWE,Undrafted,Undrafted,16,0
KalvinPearson29TAM2007,Kalvin Pearson,2007,sec,29,29-32,TAM,Undrafted,Undrafted,16,1
CharliePeprah29DAL2012,Charlie Peprah,2012,sec,29,29-32,DAL,6,64,5,1
WillPeterson29JAX2008,Will Peterson,2008,sec,29,29-32,JAX,4,225,8,1
JermainePhillips29TAM2008,Jermaine Phillips,2008,sec,29,29-32,TAM,6,63,11,11
KennyPhillips29NOR2015,Kenny Phillips,2015,sec,29,29-32,NOR,1,172,3,3
BryanPittman29HOU2006,Bryan Pittman,2006,sec,29,29-32,HOU,Undrafted,Undrafted,16,0
EddiePleasant29HOU2017,Eddie Pleasant,2017,sec,29,29-32,HOU,Undrafted,Undrafted,16,0
AhmedPlummer29SFO2005,Ahmed Plummer,2005,sec,29,29-32,SFO,1,149,3,3
TroyPolamalu29PIT2010,Troy Polamalu,2010,sec,29,29-32,PIT,1,66,14,14
BernardPollard29TEN2013,Bernard Pollard,2013,sec,29,29-32,TEN,3,199,16,16
RyanPontbriand29CLE2008,Ryan Pontbriand,2008,sec,29,29-32,CLE,6,48,16,0
TracyPorter29CHI2015,Tracy Porter,2015,sec,29,29-32,CHI,3,184,14,13
HankPoteat292TM2006,Hank Poteat,2006,sec,29,29-32,2TM,4,224,13,7
JerraudPowers29BAL2016,Jerraud Powers,2016,sec,29,29-32,BAL,4,241,13,6
PiersonPrioleau29WAS2006,Pierson Prioleau,2006,sec,29,29-32,WAS,5,14,1,0
ChrisProsinski29CHI2016,Chris Prosinski,2016,sec,29,29-32,CHI,5,26,16,1
TannerPurdum29NYJ2015,Tanner Purdum,2015,sec,29,29-32,NYJ,Undrafted,Undrafted,16,0
GloverQuin29DET2015,Glover Quin,2015,sec,29,29-32,DET,5,16,16,16
DerekRackley29SEA2006,Derek Rackley,2006,sec,29,29-32,SEA,Undrafted,Undrafted,15,0
KeiwanRatliff29CIN2010,Keiwan Ratliff,2010,sec,29,29-32,CIN,3,193,3,0
EdReed29BAL2007,Ed Reed,2007,sec,29,29-32,BAL,1,149,16,16
IzellReese29BUF2003,Izell Reese,2003,sec,29,29-32,BUF,7,97,13,9
DarrelleRevis29NWE2014,Darrelle Revis,2014,sec,29,29-32,NWE,1,45,16,16
KerryRhodes29ARI2011,Kerry Rhodes,2011,sec,29,29-32,ARI,5,28,7,7
RonRice29DET2001,Ron Rice,2001,sec,29,29-32,DET,Undrafted,Undrafted,8,8
DamienRobinson29NYJ2002,Damien Robinson,2002,sec,29,29-32,NYJ,5,23,15,15
DuntaRobinson29ATL2011,Dunta Robinson,2011,sec,29,29-32,ATL,1,2,16,16
PatrickRobinson29IND2016,Patrick Robinson,2016,sec,29,29-32,IND,1,174,7,6
DominiqueRodgers-Cromartie29NYG2015,Dominique Rodgers-Cromartie,2015,sec,29,29-32,NYG,1,66,15,15
CarlosRogers29WAS2010,Carlos Rogers,2010,sec,29,29-32,WAS,1,238,12,12
AntrelRolle29NYG2011,Antrel Rolle,2011,sec,29,29-32,NYG,1,227,16,16
SamariRolle29BAL2005,Samari Rolle,2005,sec,29,29-32,BAL,3,190,16,16
MarkRoman29SFO2006,Mark Roman,2006,sec,29,29-32,SFO,3,177,16,11
AaronRoss29NYG2011,Aaron Ross,2011,sec,29,29-32,NYG,1,109,16,15
AllenRossum29ATL2004,Allen Rossum,2004,sec,29,29-32,ATL,4,233,16,1
StanfordRoutt292TM2012,Stanford Routt,2012,sec,29,29-32,2TM,3,181,9,7
BrianRussell29SEA2007,Brian Russell,2007,sec,29,29-32,SEA,Undrafted,Undrafted,16,16
AsanteSamuel29PHI2010,Asante Samuel,2010,sec,29,29-32,PHI,5,25,11,10
GarrisonSanborn29BUF2014,Garrison Sanborn,2014,sec,29,29-32,BUF,Undrafted,Undrafted,16,0
BobSanders29IND2010,Bob Sanders,2010,sec,29,29-32,IND,3,188,1,1
JamesSanders29ARI2012,James Sanders,2012,sec,29,29-32,ARI,5,38,15,0
LewisSanders29ATL2007,Lewis Sanders,2007,sec,29,29-32,ATL,5,244,14,6
JamarcaSanford292TM2014,Jamarca Sanford,2014,sec,29,29-32,2TM,8,143,9,2
BennySapp29MIA2010,Benny Sapp,2010,sec,29,29-32,MIA,Undrafted,Undrafted,16,6
OrlandoScandrick29DAL2016,Orlando Scandrick,2016,sec,29,29-32,DAL,6,49,12,10
MikeSchneck29BUF2006,Mike Schneck,2006,sec,29,29-32,BUF,Undrafted,Undrafted,16,0
LanceSchulters29TEN2004,Lance Schulters,2004,sec,29,29-32,TEN,5,23,3,3
BryanScott29BUF2010,Bryan Scott,2010,sec,29,29-32,BUF,3,200,15,1
ChadScott29PIT2003,Chad Scott,2003,sec,29,29-32,PIT,1,149,12,12
Da'NorrisSearcy29TEN2017,Da'Norris Searcy,2017,sec,29,29-32,TEN,5,3,16,6
JasonSehorn29NYG2000,Jason Sehorn,2000,sec,29,29-32,NYG,3,204,14,14
AndrewSendejo29MIN2016,Andrew Sendejo,2016,sec,29,29-32,MIN,Undrafted,Undrafted,14,14
CotySensabaugh29PIT2017,Coty Sensabaugh,2017,sec,29,29-32,PIT,5,19,14,4
GeraldSensabaugh29DAL2012,Gerald Sensabaugh,2012,sec,29,29-32,DAL,6,63,15,15
SamShade29WAS2002,Sam Shade,2002,sec,29,29-32,WAS,5,5,9,3
DarrenSharper29GNB2004,Darren Sharper,2004,sec,29,29-32,GNB,3,206,15,13
TerranceShaw29OAK2002,Terrance Shaw,2002,sec,29,29-32,OAK,3,177,16,7
DeShawnShead29DET2018,DeShawn Shead,2018,sec,29,29-32,DET,Undrafted,Undrafted,4,0
LitoSheppard29MIN2010,Lito Sheppard,2010,sec,29,29-32,MIN,1,166,13,2
MarcusSherels29MIN2016,Marcus Sherels,2016,sec,29,29-32,MIN,Undrafted,Undrafted,11,0
RichardSherman29SEA2017,Richard Sherman,2017,sec,29,29-32,SEA,6,61,9,9
SamShields29GNB2016,Sam Shields,2016,sec,29,29-32,GNB,Undrafted,Undrafted,1,1
JasonSimmons29HOU2005,Jason Simmons,2005,sec,29,29-32,HOU,6,42,14,1
BusterSkrine29NYJ2018,Buster Skrine,2018,sec,29,29-32,NYJ,6,42,6,4
DwightSmith29MIN2007,Dwight Smith,2007,sec,29,29-32,MIN,4,232,14,13
EricSmith29NYJ2012,Eric Smith,2012,sec,29,29-32,NYJ,4,246,12,2
HarrisonSmith29MIN2018,Harrison Smith,2018,sec,29,29-32,MIN,1,169,8,8
JimmySmith29BAL2017,Jimmy Smith,2017,sec,29,29-32,BAL,1,167,12,12
KeithSmith29SFO2009,Keith Smith,2009,sec,29,29-32,SFO,4,220,3,0
SeanSmith29OAK2016,Sean Smith,2016,sec,29,29-32,OAK,3,207,15,15
FredSmoot29WAS2008,Fred Smoot,2008,sec,29,29-32,WAS,3,189,16,9
NickSorensen29CLE2007,Nick Sorensen,2007,sec,29,29-32,CLE,Undrafted,Undrafted,9,0
ShawntaeSpencer29SFO2011,Shawntae Spencer,2011,sec,29,29-32,SFO,3,203,9,0
ShawnSprings29WAS2004,Shawn Springs,2004,sec,29,29-32,WAS,1,170,15,15
BradSt. Louis29CIN2005,Brad St. Louis,2005,sec,29,29-32,CIN,8,121,16,0
MattStevens29HOU2002,Matt Stevens,2002,sec,29,29-32,HOU,4,235,16,16
DarianStewart29DEN2017,Darian Stewart,2017,sec,29,29-32,DEN,Undrafted,Undrafted,16,15
OmarStoutmire29NYG2003,Omar Stoutmire,2003,sec,29,29-32,NYG,8,136,16,16
DonaldStrickland29NYJ2009,Donald Strickland,2009,sec,29,29-32,NYJ,4,239,9,2
DarrellStuckey29SDG2016,Darrell Stuckey,2016,sec,29,29-32,SDG,5,14,16,0
NickSundberg29WAS2016,Nick Sundberg,2016,sec,29,29-32,WAS,Undrafted,Undrafted,14,0
PatrickSurtain29KAN2005,Patrick Surtain,2005,sec,29,29-32,KAN,3,188,15,15
AqibTalib29DEN2015,Aqib Talib,2015,sec,29,29-32,DEN,1,109,15,15
KeithTandy29ATL2018,Keith Tandy,2018,sec,29,29-32,ATL,7,82,5,0
RobertTate29BAL2002,Robert Tate,2002,sec,29,29-32,BAL,7,92,13,1
BobbyTaylor29PHI2002,Bobby Taylor,2002,sec,29,29-32,PHI,3,195,16,16
IkeTaylor29PIT2009,Ike Taylor,2009,sec,29,29-32,PIT,5,30,16,16
GeorgeTeague29DAL2000,George Teague,2000,sec,29,29-32,DAL,1,169,9,9
DavidTerrell29OAK2004,David Terrell,2004,sec,29,29-32,OAK,8,101,16,0
EarlThomas29SEA2018,Earl Thomas,2018,sec,29,29-32,SEA,1,45,4,4
FredThomas29NOR2002,Fred Thomas,2002,sec,29,29-32,NOR,3,191,15,14
KiwaukeeThomas29BUF2006,Kiwaukee Thomas,2006,sec,29,29-32,BUF,6,65,16,3
OrlandoThomas29MIN2001,Orlando Thomas,2001,sec,29,29-32,MIN,3,186,13,10
LamontThompson292TM2007,Lamont Thompson,2007,sec,29,29-32,2TM,3,185,6,0
CharlesTillman29CHI2010,Charles Tillman,2010,sec,29,29-32,CHI,3,178,16,16
TravaresTillman29MIA2006,Travares Tillman,2006,sec,29,29-32,MIA,3,203,14,7
CarsonTinker29JAX2018,Carson Tinker,2018,sec,29,29-32,JAX,Undrafted,Undrafted,5,0
GregToler29IND2014,Greg Toler,2014,sec,29,29-32,IND,5,37,15,15
ReggieTongue29SEA2002,Reggie Tongue,2002,sec,29,29-32,SEA,3,203,16,16
LeighTorrence29NOR2011,Leigh Torrence,2011,sec,29,29-32,NOR,Undrafted,Undrafted,13,0
DesheaTownsend29PIT2004,Deshea Townsend,2004,sec,29,29-32,PIT,5,21,15,15
BryndenTrawick29TEN2018,Brynden Trawick,2018,sec,29,29-32,TEN,Undrafted,Undrafted,7,0
MarcusTrufant29SEA2009,Marcus Trufant,2009,sec,29,29-32,SEA,1,13,10,9
ScottTurner29SDG2001,Scott Turner,2001,sec,29,29-32,SDG,8,138,4,1
NathanVasher29DET2010,Nathan Vasher,2010,sec,29,29-32,DET,5,14,14,5
RossVentrone29PIT2015,Ross Ventrone,2015,sec,29,29-32,PIT,Undrafted,Undrafted,6,0
AlterraunVerner29MIA2017,Alterraun Verner,2017,sec,29,29-32,MIA,5,7,15,2
TroyVincent29PHI2000,Troy Vincent,2000,sec,29,29-32,PHI,1,216,16,16
BrianWalker29MIA2001,Brian Walker,2001,sec,29,29-32,MIA,Undrafted,Undrafted,13,13
DenardWalker29DEN2002,Denard Walker,2002,sec,29,29-32,DEN,4,222,16,16
FrankWalker29MIN2010,Frank Walker,2010,sec,29,29-32,MIN,7,117,11,2
T.J.Ward29DEN2015,T.J. Ward,2015,sec,29,29-32,DEN,3,181,12,12
EricWarfield29KAN2005,Eric Warfield,2005,sec,29,29-32,KAN,8,127,11,10
GregWarren29PIT2010,Greg Warren,2010,sec,29,29-32,PIT,Undrafted,Undrafted,16,0
DewayneWashington29PIT2001,Dewayne Washington,2001,sec,29,29-32,PIT,1,88,16,16
FredWeary29STL2003,Fred Weary,2003,sec,29,29-32,STL,5,246,11,0
LardariusWebb29BAL2014,Lardarius Webb,2014,sec,29,29-32,BAL,4,236,13,11
CoreyWebster29NYG2011,Corey Webster,2011,sec,29,29-32,NYG,3,187,16,16
JasonWebster29ATL2006,Jason Webster,2006,sec,29,29-32,ATL,3,192,8,7
EricWeddle29SDG2014,Eric Weddle,2014,sec,29,29-32,SDG,3,180,16,16
JonWeeks29HOU2015,Jon Weeks,2015,sec,29,29-32,HOU,Undrafted,Undrafted,16,0
JohnWendling29DET2012,John Wendling,2012,sec,29,29-32,DET,7,93,16,3
DanteWesley29CAR2008,Dante Wesley,2008,sec,29,29-32,CAR,5,3,16,0
GregWesley29KAN2007,Greg Wesley,2007,sec,29,29-32,KAN,4,233,15,1
LarryWhigham29CHI2001,Larry Whigham,2001,sec,29,29-32,CHI,5,14,14,0
DonteWhitner29CLE2014,Donte Whitner,2014,sec,29,29-32,CLE,1,227,16,16
BrianWilliams29JAX2008,Brian Williams,2008,sec,29,29-32,JAX,5,8,16,16
CaryWilliams29PHI2013,Cary Williams,2013,sec,29,29-32,PHI,8,140,16,16
MadieuWilliams29MIN2010,Madieu Williams,2010,sec,29,29-32,MIN,3,201,14,13
RoyWilliams29CIN2009,Roy Williams,2009,sec,29,29-32,CIN,1,227,4,4
ShaunWilliams29NYG2005,Shaun Williams,2005,sec,29,29-32,NYG,1,149,8,0
TramonWilliams29GNB2012,Tramon Williams,2012,sec,29,29-32,GNB,Undrafted,Undrafted,16,16
TyroneWilliams29GNB2002,Tyrone Williams,2002,sec,29,29-32,GNB,4,242,15,15
AdrianWilson29ARI2008,Adrian Wilson,2008,sec,29,29-32,ARI,4,210,15,14
EugeneWilson29HOU2009,Eugene Wilson,2009,sec,29,29-32,HOU,3,179,8,8
GeorgeWilson29BUF2010,George Wilson,2010,sec,29,29-32,BUF,Undrafted,Undrafted,16,2
JerryWilson292TM2002,Jerry Wilson,2002,sec,29,29-32,2TM,5,8,12,0
JimmyWilson29SDG2015,Jimmy Wilson,2015,sec,29,29-32,SDG,8,145,13,7
JoshWilson29ATL2014,Josh Wilson,2014,sec,29,29-32,ATL,3,200,16,4
JamesWinchester29KAN2018,James Winchester,2018,sec,29,29-32,KAN,Undrafted,Undrafted,8,0
MikeWindt29SDG2015,Mike Windt,2015,sec,29,29-32,SDG,Undrafted,Undrafted,15,0
AntoineWinfield29MIN2006,Antoine Winfield,2006,sec,29,29-32,MIN,1,141,16,16
CoyWire29BUF2007,Coy Wire,2007,sec,29,29-32,BUF,4,246,7,1
ShawnWooden29MIA2002,Shawn Wooden,2002,sec,29,29-32,MIA,7,98,16,2
CharlesWoodson29OAK2005,Charles Woodson,2005,sec,29,29-32,OAK,1,183,6,6
CameronWorrell29CHI2008,Cameron Worrell,2008,sec,29,29-32,CHI,Undrafted,Undrafted,1,0
BlidiWreh-Wilson29ATL2018,Blidi Wreh-Wilson,2018,sec,29,29-32,ATL,4,217,2,0
KennyWright29WAS2006,Kenny Wright,2006,sec,29,29-32,WAS,5,25,16,9
ShareeceWright29BAL2016,Shareece Wright,2016,sec,29,29-32,BAL,4,237,12,9
UsamaYoung29OAK2014,Usama Young,2014,sec,29,29-32,OAK,4,212,6,3
JoeZelenka29JAX2005,Joe Zelenka,2005,sec,29,29-32,JAX,Undrafted,Undrafted,16,0
HusainAbdullah30KAN2015,Husain Abdullah,2015,sec,30,29-32,KAN,Undrafted,Undrafted,11,4
DonnieAbraham30NYJ2003,Donnie Abraham,2003,sec,30,29-32,NYJ,4,218,8,2
MikeAdams30CLE2011,Mike Adams,2011,sec,30,29-32,CLE,Undrafted,Undrafted,16,16
EthanAlbright30WAS2001,Ethan Albright,2001,sec,30,29-32,WAS,Undrafted,Undrafted,16,0
BrentAlexander30PIT2001,Brent Alexander,2001,sec,30,29-32,PIT,Undrafted,Undrafted,16,16
RobertAlford30ATL2018,Robert Alford,2018,sec,30,29-32,ATL,3,206,7,7
NateAllen30MIA2017,Nate Allen,2017,sec,30,29-32,MIA,3,180,7,7
WillAllen30MIA2008,Will Allen,2008,sec,30,29-32,MIA,1,131,16,16
WillAllen30PIT2012,Will Allen,2012,sec,30,29-32,PIT,5,15,16,7
AshleyAmbrose30ATL2000,Ashley Ambrose,2000,sec,30,29-32,ATL,3,169,16,16
ColtAnderson30IND2015,Colt Anderson,2015,sec,30,29-32,IND,Undrafted,Undrafted,14,1
AdamArchuleta30CHI2007,Adam Archuleta,2007,sec,30,29-32,CHI,1,109,15,10
NnamdiAsomugha30PHI2011,Nnamdi Asomugha,2011,sec,30,29-32,PHI,1,172,16,15
O.J.Atogwe30WAS2011,O.J. Atogwe,2011,sec,30,29-32,WAS,4,212,13,8
JordanBabineaux30TEN2012,Jordan Babineaux,2012,sec,30,29-32,TEN,Undrafted,Undrafted,16,12
ChampBailey30DEN2008,Champ Bailey,2008,sec,30,29-32,DEN,1,216,9,9
AlanBall30CHI2015,Alan Ball,2015,sec,30,29-32,CHI,8,147,15,3
RondeBarber30TAM2005,Ronde Barber,2005,sec,30,29-32,TAM,4,212,16,16
DavidBarrett30NYJ2007,David Barrett,2007,sec,30,29-32,NYJ,5,5,16,9
RonBartell302TM2012,Ron Bartell,2012,sec,30,29-32,2TM,3,195,7,7
AaronBeasley30NYJ2003,Aaron Beasley,2003,sec,30,29-32,NYJ,4,209,16,16
MyronBell30PIT2001,Myron Bell,2001,sec,30,29-32,PIT,6,46,16,1
YeremiahBell30MIA2008,Yeremiah Bell,2008,sec,30,29-32,MIA,7,124,16,16
JayBellamy30NOR2002,Jay Bellamy,2002,sec,30,29-32,NOR,Undrafted,Undrafted,16,16
JasonBelser30IND2000,Jason Belser,2000,sec,30,29-32,IND,9,107,16,16
AntoineBethea30SFO2014,Antoine Bethea,2014,sec,30,29-32,SFO,7,117,16,16
AtariBigby30SEA2011,Atari Bigby,2011,sec,30,29-32,SEA,Undrafted,Undrafted,15,2
DavidBinn30SDG2002,David Binn,2002,sec,30,29-32,SDG,Undrafted,Undrafted,16,0
BlaineBishop30TEN2000,Blaine Bishop,2000,sec,30,29-32,TEN,9,125,16,16
WillBlackmon30JAX2014,Will Blackmon,2014,sec,30,29-32,JAX,5,19,8,4
Dre'Bly30DEN2007,Dre' Bly,2007,sec,30,29-32,DEN,3,185,16,16
LeighBodden30NWE2011,Leigh Bodden,2011,sec,30,29-32,NWE,Undrafted,Undrafted,5,1
JuranBolden30JAX2004,Juran Bolden,2004,sec,30,29-32,JAX,5,32,13,0
MattBowen30BUF2006,Matt Bowen,2006,sec,30,29-32,BUF,7,108,5,0
ZackaryBowman30NYG2014,Zackary Bowman,2014,sec,30,29-32,NYG,6,48,16,5
RonnieBradford30ATL2000,Ronnie Bradford,2000,sec,30,29-32,ATL,5,8,16,15
TyvonBranch30ARI2016,Tyvon Branch,2016,sec,30,29-32,ARI,5,3,6,5
ChykieBrown30CIN2016,Chykie Brown,2016,sec,30,29-32,CIN,6,71,5,0
CorwinBrown30DET2000,Corwin Brown,2000,sec,30,29-32,DET,5,14,14,4
FakhirBrown30STL2007,Fakhir Brown,2007,sec,30,29-32,STL,Undrafted,Undrafted,12,12
MikeBrown30CHI2008,Mike Brown,2008,sec,30,29-32,CHI,3,182,15,15
RalphBrown30ARI2008,Ralph Brown,2008,sec,30,29-32,ARI,6,46,16,3
SheldonBrown30PHI2009,Sheldon Brown,2009,sec,30,29-32,PHI,3,204,16,16
TarellBrown30NWE2015,Tarell Brown,2015,sec,30,29-32,NWE,6,53,3,2
BrandonBrowner30NWE2014,Brandon Browner,2014,sec,30,29-32,NWE,Undrafted,Undrafted,9,9
FernandoBryant30DET2007,Fernando Bryant,2007,sec,30,29-32,DET,1,166,16,16
RayBuchanan30ATL2001,Ray Buchanan,2001,sec,30,29-32,ATL,4,211,16,16
PhillipBuchanon30WAS2010,Phillip Buchanon,2010,sec,30,29-32,WAS,1,77,16,5
TerrellBuckley30NWE2001,Terrell Buckley,2001,sec,30,29-32,NWE,1,194,15,1
JeffBurris30CIN2002,Jeff Burris,2002,sec,30,29-32,CIN,1,167,16,13
JarrettBush30GNB2014,Jarrett Bush,2014,sec,30,29-32,GNB,Undrafted,Undrafted,15,0
RafaelBush30NOR2017,Rafael Bush,2017,sec,30,29-32,NOR,Undrafted,Undrafted,14,0
DariusButler30IND2016,Darius Butler,2016,sec,30,29-32,IND,3,185,12,7
JairusByrd30NOR2016,Jairus Byrd,2016,sec,30,29-32,NOR,3,186,16,16
JeremyCain30JAX2010,Jeremy Cain,2010,sec,30,29-32,JAX,Undrafted,Undrafted,16,0
DonCarey30DET2017,Don Carey,2017,sec,30,29-32,DET,7,85,13,0
DwaineCarpenter30STL2006,Dwaine Carpenter,2006,sec,30,29-32,STL,Undrafted,Undrafted,9,0
BrandonCarr30DAL2016,Brandon Carr,2016,sec,30,29-32,DAL,6,46,16,16
ChrisCarr30NOR2013,Chris Carr,2013,sec,30,29-32,NOR,Undrafted,Undrafted,11,0
NolanCarroll30DAL2017,Nolan Carroll,2017,sec,30,29-32,DAL,6,51,2,2
TyroneCarter30PIT2006,Tyrone Carter,2006,sec,30,29-32,PIT,5,22,16,3
CoreyChavous30STL2006,Corey Chavous,2006,sec,30,29-32,STL,3,176,16,16
Je'RodCherry30NWE2003,Je'Rod Cherry,2003,sec,30,29-32,NWE,3,184,11,0
PatrickChung30NWE2017,Patrick Chung,2017,sec,30,29-32,NWE,3,177,16,11
BarryChurch30JAX2018,Barry Church,2018,sec,30,29-32,JAX,Undrafted,Undrafted,8,8
RyanClark30PIT2009,Ryan Clark,2009,sec,30,29-32,PIT,Undrafted,Undrafted,15,15
NateClements30SFO2009,Nate Clements,2009,sec,30,29-32,SFO,1,120,7,6
ChrisClemons30ARI2015,Chris Clemons,2015,sec,30,29-32,ARI,6,72,7,0
GeorgeCoghill30DEN2000,George Coghill,2000,sec,30,29-32,DEN,Undrafted,Undrafted,16,0
MarquiceCole30NWE2013,Marquice Cole,2013,sec,30,29-32,NWE,Undrafted,Undrafted,13,0
ErikColeman30DET2012,Erik Coleman,2012,sec,30,29-32,DET,6,49,12,7
KurtColeman30NOR2018,Kurt Coleman,2018,sec,30,29-32,NOR,8,153,7,5
MarcusColeman30HOU2004,Marcus Coleman,2004,sec,30,29-32,HOU,6,38,12,12
JonCondo30OAK2011,Jon Condo,2011,sec,30,29-32,OAK,Undrafted,Undrafted,16,0
SeanConsidine302TM2011,Sean Considine,2011,sec,30,29-32,2TM,5,5,12,0
DekeCooper30CAR2007,Deke Cooper,2007,sec,30,29-32,CAR,Undrafted,Undrafted,16,15
ChadCota30IND2001,Chad Cota,2001,sec,30,29-32,IND,8,119,16,16
TerryCousin30JAX2005,Terry Cousin,2005,sec,30,29-32,JAX,Undrafted,Undrafted,16,5
MorganCox30BAL2016,Morgan Cox,2016,sec,30,29-32,BAL,Undrafted,Undrafted,16,0
JasonCraft30NOR2006,Jason Craft,2006,sec,30,29-32,NOR,6,67,16,6
ChrisCrocker30CIN2010,Chris Crocker,2010,sec,30,29-32,CIN,4,232,9,9
AntonioCromartie30ARI2014,Antonio Cromartie,2014,sec,30,29-32,ARI,1,99,16,16
CraigDahl30NYG2015,Craig Dahl,2015,sec,30,29-32,NYG,Undrafted,Undrafted,15,4
TravisDaniels30KAN2012,Travis Daniels,2012,sec,30,29-32,KAN,5,7,15,0
Jean-PhillipeDarche30SEA2005,Jean-Phillipe Darche,2005,sec,30,29-32,SEA,Undrafted,Undrafted,16,0
DonovinDarius30JAX2005,Donovin Darius,2005,sec,30,29-32,JAX,1,159,2,2
KeithDavis30DAL2008,Keith Davis,2008,sec,30,29-32,DAL,Undrafted,Undrafted,16,9
VontaeDavis30BUF2018,Vontae Davis,2018,sec,30,29-32,BUF,1,159,1,1
BrianDawkins*30PHI2003,Brian Dawkins*,2003,sec,30,29-32,PHI,3,207,7,7
QuintinDemps30HOU2015,Quintin Demps,2015,sec,30,29-32,HOU,5,21,14,13
JohnDenney30MIA2008,John Denney,2008,sec,30,29-32,MIA,Undrafted,Undrafted,16,0
ZakDeOssie30NYG2014,Zak DeOssie,2014,sec,30,29-32,NYG,5,20,16,0
AndrewDePaola30CHI2017,Andrew DePaola,2017,sec,30,29-32,CHI,Undrafted,Undrafted,16,0
JonDorenbos30PHI2010,Jon Dorenbos,2010,sec,30,29-32,PHI,Undrafted,Undrafted,16,0
AnthonyDorsett30OAK2003,Anthony Dorsett,2003,sec,30,29-32,OAK,7,85,14,6
ReedDoughty30WAS2012,Reed Doughty,2012,sec,30,29-32,WAS,7,81,16,10
TyronneDrakeford30SFO2001,Tyronne Drakeford,2001,sec,30,29-32,SFO,3,208,1,0
NateEbner30NWE2018,Nate Ebner,2018,sec,30,29-32,NWE,7,107,8,0
AndrewEconomos30TAM2012,Andrew Economos,2012,sec,30,29-32,TAM,Undrafted,Undrafted,16,0
AbramElam30DAL2011,Abram Elam,2011,sec,30,29-32,DAL,Undrafted,Undrafted,16,16
HiramEugene30OAK2010,Hiram Eugene,2010,sec,30,29-32,OAK,Undrafted,Undrafted,14,0
DougEvans30CAR2000,Doug Evans,2000,sec,30,29-32,CAR,7,47,16,16
DemarcusFaggins30DET2009,Demarcus Faggins,2009,sec,30,29-32,DET,7,81,2,0
NickFerguson30DEN2004,Nick Ferguson,2004,sec,30,29-32,DEN,Undrafted,Undrafted,16,1
CortlandFinnegan30MIA2014,Cortland Finnegan,2014,sec,30,29-32,MIA,8,126,12,12
TravisFisher30SEA2009,Travis Fisher,2009,sec,30,29-32,SEA,3,210,4,0
DraytonFlorence30BUF2010,Drayton Florence,2010,sec,30,29-32,BUF,3,190,16,16
BrandonFlowers30SDG2016,Brandon Flowers,2016,sec,30,29-32,SDG,3,178,6,6
VernonFox30DEN2009,Vernon Fox,2009,sec,30,29-32,DEN,Undrafted,Undrafted,2,0
CoreyFuller30CLE2001,Corey Fuller,2001,sec,30,29-32,CLE,3,200,16,16
ThomasGafford30KAN2013,Thomas Gafford,2013,sec,30,29-32,KAN,Undrafted,Undrafted,16,0
WilliamGay30PIT2015,William Gay,2015,sec,30,29-32,PIT,6,78,16,16
MarcusGilchrist30OAK2018,Marcus Gilchrist,2018,sec,30,29-32,OAK,3,195,8,8
MattGiordano30OAK2012,Matt Giordano,2012,sec,30,29-32,OAK,5,40,16,13
AaronGlenn30HOU2002,Aaron Glenn,2002,sec,30,29-32,HOU,1,24,16,16
CharlesGodfrey30ATL2015,Charles Godfrey,2015,sec,30,29-32,ATL,4,213,8,0
DashonGoldson30TAM2014,Dashon Goldson,2014,sec,30,29-32,TAM,5,31,14,14
BrettGoode30GNB2014,Brett Goode,2014,sec,30,29-32,GNB,Undrafted,Undrafted,16,0
Andre'Goodman30MIA2008,Andre' Goodman,2008,sec,30,29-32,MIA,4,214,16,16
DarrienGordon30OAK2000,Darrien Gordon,2000,sec,30,29-32,OAK,1,131,13,0
CoreyGraham30BUF2015,Corey Graham,2015,sec,30,29-32,BUF,6,75,16,16
DeonGrant30SEA2009,Deon Grant,2009,sec,30,29-32,SEA,3,202,16,16
JabariGreer30NOR2012,Jabari Greer,2012,sec,30,29-32,NOR,Undrafted,Undrafted,14,13
SteveGregory30NWE2013,Steve Gregory,2013,sec,30,29-32,NWE,Undrafted,Undrafted,14,11
CedricGriffin30WAS2012,Cedric Griffin,2012,sec,30,29-32,WAS,3,192,9,2
MichaelGriffin30TEN2015,Michael Griffin,2015,sec,30,29-32,TEN,1,99,15,14
RobertGriffith30MIN2000,Robert Griffith,2000,sec,30,29-32,MIN,Undrafted,Undrafted,16,16
BrentGrimes30MIA2013,Brent Grimes,2013,sec,30,29-32,MIA,Undrafted,Undrafted,16,16
DeAngeloHall30WAS2013,DeAngelo Hall,2013,sec,30,29-32,WAS,1,227,16,16
LeonHall30CIN2014,Leon Hall,2014,sec,30,29-32,CIN,1,88,15,15
JoselioHanson30PHI2011,Joselio Hanson,2011,sec,30,29-32,PHI,Undrafted,Undrafted,16,1
NickHarper30IND2004,Nick Harper,2004,sec,30,29-32,IND,Undrafted,Undrafted,14,14
RomanHarper30NOR2012,Roman Harper,2012,sec,30,29-32,NOR,3,187,16,16
AlHarris30GNB2004,Al Harris,2004,sec,30,29-32,GNB,7,76,16,16
ChrisHarris30JAX2012,Chris Harris,2012,sec,30,29-32,JAX,7,90,5,0
ClarkHarris30CIN2014,Clark Harris,2014,sec,30,29-32,CIN,8,152,16,0
JohnnieHarris30NYG2002,Johnnie Harris,2002,sec,30,29-32,NYG,Undrafted,Undrafted,9,0
WaltHarris30WAS2004,Walt Harris,2004,sec,30,29-32,WAS,1,35,16,2
RodneyHarrison30SDG2002,Rodney Harrison,2002,sec,30,29-32,SDG,6,51,13,13
ClintonHart30SDG2007,Clinton Hart,2007,sec,30,29-32,SDG,Undrafted,Undrafted,16,16
ArtrellHawkins30NWE2006,Artrell Hawkins,2006,sec,30,29-32,NWE,3,187,14,12
ChrisHayes30NWE2002,Chris Hayes,2002,sec,30,29-32,NWE,8,121,4,0
AnthonyHenry30DAL2006,Anthony Henry,2006,sec,30,29-32,DAL,5,246,16,16
KellyHerndon30SEA2006,Kelly Herndon,2006,sec,30,29-32,SEA,Undrafted,Undrafted,16,16
RenaldoHill30MIA2008,Renaldo Hill,2008,sec,30,29-32,MIA,8,112,16,15
JimmyHitchcock30CAR2000,Jimmy Hitchcock,2000,sec,30,29-32,CAR,4,236,16,2
NathanHodel30ARI2007,Nathan Hodel,2007,sec,30,29-32,ARI,Undrafted,Undrafted,16,0
RoderickHood30STL2011,Roderick Hood,2011,sec,30,29-32,STL,Undrafted,Undrafted,9,4
ChrisHope30TEN2010,Chris Hope,2010,sec,30,29-32,TEN,4,243,16,16
KevinHouser30NOR2007,Kevin Houser,2007,sec,30,29-32,NOR,8,139,16,0
ChrisHudson30ATL2001,Chris Hudson,2001,sec,30,29-32,ATL,4,218,15,2
MichaelHuff302TM2013,Michael Huff,2013,sec,30,29-32,2TM,1,216,10,1
JamesIhedigbo30BAL2013,James Ihedigbo,2013,sec,30,29-32,BAL,Undrafted,Undrafted,16,16
KenIrvin30NOR2002,Ken Irvin,2002,sec,30,29-32,NOR,5,12,16,9
CoreyIvy30BAL2007,Corey Ivy,2007,sec,30,29-32,BAL,Undrafted,Undrafted,16,13
DexterJackson30CIN2007,Dexter Jackson,2007,sec,30,29-32,CIN,5,17,14,14
KareemJackson30HOU2018,Kareem Jackson,2018,sec,30,29-32,HOU,1,109,8,8
ToryJames30CIN2003,Tory James,2003,sec,30,29-32,CIN,3,188,16,16
QuentinJammer30SDG2009,Quentin Jammer,2009,sec,30,29-32,SDG,1,194,16,16
J.J.Jansen30CAR2016,J.J. Jansen,2016,sec,30,29-32,CAR,Undrafted,Undrafted,16,0
JanorisJenkins30NYG2018,Janoris Jenkins,2018,sec,30,29-32,NYG,3,182,8,8
MalcolmJenkins30PHI2017,Malcolm Jenkins,2017,sec,30,29-32,PHI,1,45,16,16
MikeJenkins30TAM2015,Mike Jenkins,2015,sec,30,29-32,TAM,1,159,14,5
TimJennings30CHI2013,Tim Jennings,2013,sec,30,29-32,CHI,3,208,16,16
ChrisJohnson30OAK2009,Chris Johnson,2009,sec,30,29-32,OAK,8,154,15,15
DarriusJohnson30KAN2003,Darrius Johnson,2003,sec,30,29-32,KAN,5,27,2,0
RashadJohnson30TEN2016,Rashad Johnson,2016,sec,30,29-32,TEN,4,244,14,7
ToddJohnson30STL2008,Todd Johnson,2008,sec,30,29-32,STL,5,3,14,3
AdamJones30CIN2013,Adam Jones,2013,sec,30,29-32,CIN,1,205,16,13
ColinJones30CAR2017,Colin Jones,2017,sec,30,29-32,CAR,7,100,16,7
ReshadJones30MIA2018,Reshad Jones,2018,sec,30,29-32,MIA,6,70,6,6
TebuckyJones30NOR2004,Tebucky Jones,2004,sec,30,29-32,NOR,1,131,16,16
JohnathanJoseph30HOU2014,Johnathan Joseph,2014,sec,30,29-32,HOU,1,149,16,16
KevinKaesviharn30CIN2006,Kevin Kaesviharn,2006,sec,30,29-32,CIN,Undrafted,Undrafted,14,7
BrianKelly30TAM2006,Brian Kelly,2006,sec,30,29-32,TAM,3,189,2,2
KenoyKennedy30DET2007,Kenoy Kennedy,2007,sec,30,29-32,DET,3,189,16,15
SammyKnight30KAN2005,Sammy Knight,2005,sec,30,29-32,KAN,Undrafted,Undrafted,16,16
L.P.Ladouceur30DAL2011,L.P. Ladouceur,2011,sec,30,29-32,DAL,Undrafted,Undrafted,16,0
DawanLandry30JAX2012,Dawan Landry,2012,sec,30,29-32,JAX,6,52,16,16
LaRonLandry30IND2014,LaRon Landry,2014,sec,30,29-32,IND,1,205,11,6
TyLaw30NWE2004,Ty Law,2004,sec,30,29-32,NWE,1,141,7,7
JimLeonhard30DEN2012,Jim Leonhard,2012,sec,30,29-32,DEN,Undrafted,Undrafted,16,1
KendrickLewis30TEN2018,Kendrick Lewis,2018,sec,30,29-32,TEN,6,41,4,3
MichaelLewis302TM2010,Michael Lewis,2010,sec,30,29-32,2TM,3,203,5,3
EarlLittle30CLE2003,Earl Little,2003,sec,30,29-32,CLE,Undrafted,Undrafted,16,16
CullenLoeffler30MIN2011,Cullen Loeffler,2011,sec,30,29-32,MIN,Undrafted,Undrafted,11,0
MikeLogan30PIT2004,Mike Logan,2004,sec,30,29-32,PIT,3,195,3,0
OmareLowe30JAX2008,Omare Lowe,2008,sec,30,29-32,JAX,6,68,5,0
DwightLowery30SDG2016,Dwight Lowery,2016,sec,30,29-32,SDG,5,17,16,16
KenLucas30SEA2009,Ken Lucas,2009,sec,30,29-32,SEA,3,184,16,6
KeithLyle30SDG2002,Keith Lyle,2002,sec,30,29-32,SDG,4,218,15,6
JohnLynch30TAM2001,John Lynch,2001,sec,30,29-32,TAM,4,230,16,16
DavidMacklin30KAN2008,David Macklin,2008,sec,30,29-32,KAN,4,240,4,0
SamMadison30MIA2004,Sam Madison,2004,sec,30,29-32,MIA,3,188,16,16
PatrickMannelly30CHI2005,Patrick Mannelly,2005,sec,30,29-32,CHI,7,98,16,0
DaniealManning30HOU2012,Danieal Manning,2012,sec,30,29-32,HOU,3,186,16,16
MarquandManuel30DET2009,Marquand Manuel,2009,sec,30,29-32,DET,7,90,9,6
ChrisMaragos30PHI2017,Chris Maragos,2017,sec,30,29-32,PHI,Undrafted,Undrafted,6,1
BrockMarion30MIA2000,Brock Marion,2000,sec,30,29-32,MIA,8,106,16,16
RichardMarshall30SDG2014,Richard Marshall,2014,sec,30,29-32,SDG,3,203,8,1
SherrodMartin30JAX2014,Sherrod Martin,2014,sec,30,29-32,JAX,3,204,13,2
ChrisMassey30STL2009,Chris Massey,2009,sec,30,29-32,STL,8,152,7,0
KevinMathis30ATL2004,Kevin Mathis,2004,sec,30,29-32,ATL,Undrafted,Undrafted,15,12
RasheanMathis30JAX2010,Rashean Mathis,2010,sec,30,29-32,JAX,3,182,16,16
ChrisMcAlister30BAL2007,Chris McAlister,2007,sec,30,29-32,BAL,1,2,8,8
TrumaineMcBride30NYG2015,Trumaine McBride,2015,sec,30,29-32,NYG,8,133,15,0
GeraldMcBurrows30ATL2003,Gerald McBurrows,2003,sec,30,29-32,ATL,8,125,13,2
BriceMcCain30TEN2016,Brice McCain,2016,sec,30,29-32,TEN,7,97,16,10
DexterMcCleon30KAN2003,Dexter McCleon,2003,sec,30,29-32,KAN,3,184,16,16
DevinMcCourty30NWE2017,Devin McCourty,2017,sec,30,29-32,NWE,1,167,16,16
JasonMcCourty30CLE2017,Jason McCourty,2017,sec,30,29-32,CLE,7,113,14,14
MarlonMcCree30SDG2007,Marlon McCree,2007,sec,30,29-32,SDG,8,144,16,16
EmmanuelMcDaniel30CAR2002,Emmanuel McDaniel,2002,sec,30,29-32,CAR,5,15,16,5
BryantMcFadden30PIT2011,Bryant McFadden,2011,sec,30,29-32,PIT,3,208,13,1
ScottMcGarrahan30TEN2004,Scott McGarrahan,2004,sec,30,29-32,TEN,7,62,16,1
TerrenceMcGee30BUF2010,Terrence McGee,2010,sec,30,29-32,BUF,5,15,9,3
JonMcGraw30KAN2009,Jon McGraw,2009,sec,30,29-32,KAN,3,202,14,9
LeodisMcKelvin30BUF2015,Leodis McKelvin,2015,sec,30,29-32,BUF,1,13,9,5
MikeMcKenzie30NOR2006,Mike McKenzie,2006,sec,30,29-32,NOR,4,235,16,16
SherrickMcManis30CHI2017,Sherrick McManis,2017,sec,30,29-32,CHI,6,50,13,0
ToddMcMillon30CHI2003,Todd McMillon,2003,sec,30,29-32,CHI,Undrafted,Undrafted,13,0
RyanMcNeil30DAL2000,Ryan McNeil,2000,sec,30,29-32,DAL,3,176,16,16
JakeMcQuaide30LAR2017,Jake McQuaide,2017,sec,30,29-32,LAR,Undrafted,Undrafted,16,0
R.W.McQuarters30NYG2006,R.W. McQuarters,2006,sec,30,29-32,NYG,1,168,16,10
BrandonMeriweather30WAS2014,Brandon Meriweather,2014,sec,30,29-32,WAS,1,149,10,10
RayMickens30NYJ2003,Ray Mickens,2003,sec,30,29-32,NYJ,4,208,16,14
QuintinMikell30PHI2010,Quintin Mikell,2010,sec,30,29-32,PHI,Undrafted,Undrafted,15,15
LawyerMilloy30BUF2003,Lawyer Milloy,2003,sec,30,29-32,BUF,3,179,16,16
MikeMinter30CAR2004,Mike Minter,2004,sec,30,29-32,CAR,3,201,16,16
AnthonyMitchell30CIN2004,Anthony Mitchell,2004,sec,30,29-32,CIN,Undrafted,Undrafted,12,0
MikeMitchell30PIT2017,Mike Mitchell,2017,sec,30,29-32,PIT,3,191,13,12
AlexMolden30DET2003,Alex Molden,2003,sec,30,29-32,DET,1,13,2,0
WilliamMoore30ATL2015,William Moore,2015,sec,30,29-32,ATL,3,200,11,11
DonMuhlbach30DET2011,Don Muhlbach,2011,sec,30,29-32,DET,Undrafted,Undrafted,16,0
CaptainMunnerlyn30CAR2018,Captain Munnerlyn,2018,sec,30,29-32,CAR,8,127,7,1
KyleNelson30SFO2016,Kyle Nelson,2016,sec,30,29-32,SFO,Undrafted,Undrafted,16,0
ReggieNelson30CIN2013,Reggie Nelson,2013,sec,30,29-32,CIN,1,120,15,15
TerenceNewman30DAL2008,Terence Newman,2008,sec,30,29-32,DAL,1,194,10,10
DonnieNickey30TEN2010,Donnie Nickey,2010,sec,30,29-32,TEN,6,61,16,0
JoshNorman30WAS2017,Josh Norman,2017,sec,30,29-32,WAS,6,49,14,13
DelthaO'Neal30CIN2007,Deltha O'Neal,2007,sec,30,29-32,CIN,1,56,16,8
MattOverton30IND2015,Matt Overton,2015,sec,30,29-32,IND,Undrafted,Undrafted,16,0
RonParker30KAN2017,Ron Parker,2017,sec,30,29-32,KAN,Undrafted,Undrafted,16,16
TonyParrish30SFO2005,Tony Parrish,2005,sec,30,29-32,SFO,3,178,9,9
DimitriPatterson30MIA2013,Dimitri Patterson,2013,sec,30,29-32,MIA,Undrafted,Undrafted,6,4
LoniePaxton30NWE2008,Lonie Paxton,2008,sec,30,29-32,NWE,Undrafted,Undrafted,16,0
KalvinPearson30DET2008,Kalvin Pearson,2008,sec,30,29-32,DET,Undrafted,Undrafted,16,10
WillPeterson30DET2009,Will Peterson,2009,sec,30,29-32,DET,4,225,16,14
JermainePhillips30TAM2009,Jermaine Phillips,2009,sec,30,29-32,TAM,6,63,2,2
BryanPittman30HOU2007,Bryan Pittman,2007,sec,30,29-32,HOU,Undrafted,Undrafted,16,0
EddiePleasant30ARI2018,Eddie Pleasant,2018,sec,30,29-32,ARI,Undrafted,Undrafted,1,0
TroyPolamalu30PIT2011,Troy Polamalu,2011,sec,30,29-32,PIT,1,66,16,16
BernardPollard30TEN2014,Bernard Pollard,2014,sec,30,29-32,TEN,3,199,5,5
RyanPontbriand30CLE2009,Ryan Pontbriand,2009,sec,30,29-32,CLE,6,48,16,0
TyronePoole30DEN2002,Tyrone Poole,2002,sec,30,29-32,DEN,1,131,16,4
MarquezPope30OAK2000,Marquez Pope,2000,sec,30,29-32,OAK,3,176,15,14
TracyPorter30CHI2016,Tracy Porter,2016,sec,30,29-32,CHI,3,184,16,15
HankPoteat30NYJ2007,Hank Poteat,2007,sec,30,29-32,NYJ,4,224,16,9
PiersonPrioleau30WAS2007,Pierson Prioleau,2007,sec,30,29-32,WAS,5,14,15,4
ChrisProsinski30CHI2017,Chris Prosinski,2017,sec,30,29-32,CHI,5,26,3,3
TannerPurdum30NYJ2016,Tanner Purdum,2016,sec,30,29-32,NYJ,Undrafted,Undrafted,16,0
GloverQuin30DET2016,Glover Quin,2016,sec,30,29-32,DET,5,16,16,16
DerekRackley30SEA2007,Derek Rackley,2007,sec,30,29-32,SEA,Undrafted,Undrafted,5,0
EdReed30BAL2008,Ed Reed,2008,sec,30,29-32,BAL,1,149,16,16
IzellReese30BUF2004,Izell Reese,2004,sec,30,29-32,BUF,7,97,9,9
JacquesReeves30KAN2012,Jacques Reeves,2012,sec,30,29-32,KAN,8,135,2,1
DarrelleRevis30NYJ2015,Darrelle Revis,2015,sec,30,29-32,NYJ,1,45,14,14
KerryRhodes30ARI2012,Kerry Rhodes,2012,sec,30,29-32,ARI,5,28,15,15
DamienRobinson30SEA2003,Damien Robinson,2003,sec,30,29-32,SEA,5,23,15,4
DuntaRobinson30ATL2012,Dunta Robinson,2012,sec,30,29-32,ATL,1,2,16,16
PatrickRobinson30PHI2017,Patrick Robinson,2017,sec,30,29-32,PHI,1,174,16,8
DominiqueRodgers-Cromartie30NYG2016,Dominique Rodgers-Cromartie,2016,sec,30,29-32,NYG,1,66,15,9
CarlosRogers30SFO2011,Carlos Rogers,2011,sec,30,29-32,SFO,1,238,16,16
AntrelRolle30NYG2012,Antrel Rolle,2012,sec,30,29-32,NYG,1,227,16,16
SamariRolle30BAL2006,Samari Rolle,2006,sec,30,29-32,BAL,3,190,16,16
MarkRoman30SFO2007,Mark Roman,2007,sec,30,29-32,SFO,3,177,16,16
AaronRoss30JAX2012,Aaron Ross,2012,sec,30,29-32,JAX,1,109,14,9
AllenRossum30ATL2005,Allen Rossum,2005,sec,30,29-32,ATL,4,233,10,0
BrianRussell30SEA2008,Brian Russell,2008,sec,30,29-32,SEA,Undrafted,Undrafted,16,16
AsanteSamuel30PHI2011,Asante Samuel,2011,sec,30,29-32,PHI,5,25,14,14
GarrisonSanborn30BUF2015,Garrison Sanborn,2015,sec,30,29-32,BUF,Undrafted,Undrafted,16,0
BobSanders30SDG2011,Bob Sanders,2011,sec,30,29-32,SDG,3,188,2,2
LewisSanders30NWE2008,Lewis Sanders,2008,sec,30,29-32,NWE,5,244,10,4
JamarcaSanford30NOR2015,Jamarca Sanford,2015,sec,30,29-32,NOR,8,143,16,0
BennySapp302TM2011,Benny Sapp,2011,sec,30,29-32,2TM,Undrafted,Undrafted,8,4
PatrickScales30CHI2018,Patrick Scales,2018,sec,30,29-32,CHI,Undrafted,Undrafted,7,0
OrlandoScandrick30DAL2017,Orlando Scandrick,2017,sec,30,29-32,DAL,6,49,11,11
MikeSchneck30ATL2007,Mike Schneck,2007,sec,30,29-32,ATL,Undrafted,Undrafted,12,0
LanceSchulters30MIA2005,Lance Schulters,2005,sec,30,29-32,MIA,5,23,16,16
BryanScott30BUF2011,Bryan Scott,2011,sec,30,29-32,BUF,3,200,16,7
ChadScott30PIT2004,Chad Scott,2004,sec,30,29-32,PIT,1,149,7,7
Da'NorrisSearcy30CAR2018,Da'Norris Searcy,2018,sec,30,29-32,CAR,5,3,2,2
JasonSehorn30NYG2001,Jason Sehorn,2001,sec,30,29-32,NYG,3,204,13,13
AndrewSendejo30MIN2017,Andrew Sendejo,2017,sec,30,29-32,MIN,Undrafted,Undrafted,13,13
CotySensabaugh30PIT2018,Coty Sensabaugh,2018,sec,30,29-32,PIT,5,19,6,2
DarrenSharper30MIN2005,Darren Sharper,2005,sec,30,29-32,MIN,3,206,14,14
TerranceShaw30OAK2003,Terrance Shaw,2003,sec,30,29-32,OAK,3,177,16,8
LitoSheppard30OAK2011,Lito Sheppard,2011,sec,30,29-32,OAK,1,166,9,7
MarcusSherels30MIN2017,Marcus Sherels,2017,sec,30,29-32,MIN,Undrafted,Undrafted,16,0
RichardSherman30SFO2018,Richard Sherman,2018,sec,30,29-32,SFO,6,61,7,7
FakhirBrown31STL2008,Fakhir Brown,2008,sec,31,29-32,STL,Undrafted,Undrafted,13,11
MikeBrown31KAN2009,Mike Brown,2009,sec,31,29-32,KAN,3,182,16,16
RalphBrown31ARI2009,Ralph Brown,2009,sec,31,29-32,ARI,6,46,16,1
SheldonBrown31CLE2010,Sheldon Brown,2010,sec,31,29-32,CLE,3,204,16,16
BrandonBrowner31NOR2015,Brandon Browner,2015,sec,31,29-32,NOR,Undrafted,Undrafted,16,16
FernandoBryant31PIT2008,Fernando Bryant,2008,sec,31,29-32,PIT,1,166,2,0
RayBuchanan31ATL2002,Ray Buchanan,2002,sec,31,29-32,ATL,4,211,12,11
PhillipBuchanon31WAS2011,Phillip Buchanon,2011,sec,31,29-32,WAS,1,77,1,0
TerrellBuckley31NWE2002,Terrell Buckley,2002,sec,31,29-32,NWE,1,194,16,2
JeffBurris31CIN2003,Jeff Burris,2003,sec,31,29-32,CIN,1,167,13,8
RafaelBush31BUF2018,Rafael Bush,2018,sec,31,29-32,BUF,Undrafted,Undrafted,7,3
DariusButler31IND2017,Darius Butler,2017,sec,31,29-32,IND,3,185,15,4
JairusByrd31CAR2017,Jairus Byrd,2017,sec,31,29-32,CAR,3,186,12,0
JeremyCain31JAX2011,Jeremy Cain,2011,sec,31,29-32,JAX,Undrafted,Undrafted,16,0
BrandonCarr31BAL2017,Brandon Carr,2017,sec,31,29-32,BAL,6,46,16,16
MartyCarter31ATL2000,Marty Carter,2000,sec,31,29-32,ATL,9,117,16,16
TyroneCarter31PIT2007,Tyrone Carter,2007,sec,31,29-32,PIT,5,22,16,5
CoreyChavous31STL2007,Corey Chavous,2007,sec,31,29-32,STL,3,176,14,14
Je'RodCherry31NWE2004,Je'Rod Cherry,2004,sec,31,29-32,NWE,3,184,12,0
PatrickChung31NWE2018,Patrick Chung,2018,sec,31,29-32,NWE,3,177,7,7
RyanClark31PIT2010,Ryan Clark,2010,sec,31,29-32,PIT,Undrafted,Undrafted,16,15
NateClements31SFO2010,Nate Clements,2010,sec,31,29-32,SFO,1,120,16,16
GeorgeCoghill31DEN2001,George Coghill,2001,sec,31,29-32,DEN,Undrafted,Undrafted,16,0
MarcusColeman31HOU2005,Marcus Coleman,2005,sec,31,29-32,HOU,6,38,15,11
JonCondo31OAK2012,Jon Condo,2012,sec,31,29-32,OAK,Undrafted,Undrafted,16,0
SeanConsidine31BAL2012,Sean Considine,2012,sec,31,29-32,BAL,5,5,16,0
ChadCota31STL2002,Chad Cota,2002,sec,31,29-32,STL,8,119,14,1
TerryCousin31JAX2006,Terry Cousin,2006,sec,31,29-32,JAX,Undrafted,Undrafted,10,4
MorganCox31BAL2017,Morgan Cox,2017,sec,31,29-32,BAL,Undrafted,Undrafted,16,0
JasonCraft31NOR2007,Jason Craft,2007,sec,31,29-32,NOR,6,67,16,4
ChrisCrocker31CIN2011,Chris Crocker,2011,sec,31,29-32,CIN,4,232,16,16
AntonioCromartie31NYJ2015,Antonio Cromartie,2015,sec,31,29-32,NYJ,1,99,15,15
Jean-PhillipeDarche31SEA2006,Jean-Phillipe Darche,2006,sec,31,29-32,SEA,Undrafted,Undrafted,1,0
DonovinDarius31JAX2006,Donovin Darius,2006,sec,31,29-32,JAX,1,159,10,10
BrianDawkins*31PHI2004,Brian Dawkins*,2004,sec,31,29-32,PHI,3,207,15,15
QuintinDemps31HOU2016,Quintin Demps,2016,sec,31,29-32,HOU,5,21,13,13
JohnDenney31MIA2009,John Denney,2009,sec,31,29-32,MIA,Undrafted,Undrafted,16,0
ZakDeOssie31NYG2015,Zak DeOssie,2015,sec,31,29-32,NYG,5,20,12,0
AndrewDePaola31OAK2018,Andrew DePaola,2018,sec,31,29-32,OAK,Undrafted,Undrafted,1,0
JonDorenbos31PHI2011,Jon Dorenbos,2011,sec,31,29-32,PHI,Undrafted,Undrafted,16,0
ReedDoughty31WAS2013,Reed Doughty,2013,sec,31,29-32,WAS,7,81,15,8
MikeDumas31SDG2000,Mike Dumas,2000,sec,31,29-32,SDG,3,168,12,12
AndrewEconomos31TAM2013,Andrew Economos,2013,sec,31,29-32,TAM,Undrafted,Undrafted,16,0
AbramElam31KAN2012,Abram Elam,2012,sec,31,29-32,KAN,Undrafted,Undrafted,12,7
DougEvans31CAR2001,Doug Evans,2001,sec,31,29-32,CAR,7,47,16,16
NickFerguson31DEN2005,Nick Ferguson,2005,sec,31,29-32,DEN,Undrafted,Undrafted,16,16
CortlandFinnegan31CAR2015,Cortland Finnegan,2015,sec,31,29-32,CAR,8,126,5,0
DraytonFlorence31BUF2011,Drayton Florence,2011,sec,31,29-32,BUF,3,190,16,16
CoreyFuller31CLE2002,Corey Fuller,2002,sec,31,29-32,CLE,3,200,13,12
ThomasGafford31KAN2014,Thomas Gafford,2014,sec,31,29-32,KAN,Undrafted,Undrafted,16,0
WilliamGay31PIT2016,William Gay,2016,sec,31,29-32,PIT,6,78,16,9
MattGiordano31STL2013,Matt Giordano,2013,sec,31,29-32,STL,5,40,16,2
AaronGlenn31HOU2003,Aaron Glenn,2003,sec,31,29-32,HOU,1,24,11,11
DashonGoldson31WAS2015,Dashon Goldson,2015,sec,31,29-32,WAS,5,31,15,15
BrettGoode31GNB2015,Brett Goode,2015,sec,31,29-32,GNB,Undrafted,Undrafted,14,0
Andre'Goodman31DEN2009,Andre' Goodman,2009,sec,31,29-32,DEN,4,214,16,16
DarrienGordon31ATL2001,Darrien Gordon,2001,sec,31,29-32,ATL,1,131,16,2
CoreyGraham31BUF2016,Corey Graham,2016,sec,31,29-32,BUF,6,75,16,16
DeonGrant31NYG2010,Deon Grant,2010,sec,31,29-32,NYG,3,202,16,8
MichaelGreen31SEA2007,Michael Green,2007,sec,31,29-32,SEA,8,164,15,1
VictorGreen31NYJ2000,Victor Green,2000,sec,31,29-32,NYJ,Undrafted,Undrafted,16,16
JabariGreer31NOR2013,Jabari Greer,2013,sec,31,29-32,NOR,Undrafted,Undrafted,10,10
MichaelGriffin31CAR2016,Michael Griffin,2016,sec,31,29-32,CAR,1,99,13,6
RobertGriffith31MIN2001,Robert Griffith,2001,sec,31,29-32,MIN,Undrafted,Undrafted,10,9
BrentGrimes31MIA2014,Brent Grimes,2014,sec,31,29-32,MIA,Undrafted,Undrafted,16,16
DeAngeloHall31WAS2014,DeAngelo Hall,2014,sec,31,29-32,WAS,1,227,3,3
LeonHall31CIN2015,Leon Hall,2015,sec,31,29-32,CIN,1,88,14,4
JoselioHanson31OAK2012,Joselio Hanson,2012,sec,31,29-32,OAK,Undrafted,Undrafted,16,5
NickHarper31IND2005,Nick Harper,2005,sec,31,29-32,IND,Undrafted,Undrafted,15,15
RomanHarper31NOR2013,Roman Harper,2013,sec,31,29-32,NOR,3,187,9,5
AlHarris31GNB2005,Al Harris,2005,sec,31,29-32,GNB,7,76,16,16
ClarkHarris31CIN2015,Clark Harris,2015,sec,31,29-32,CIN,8,152,16,0
CoreyHarris31BAL2000,Corey Harris,2000,sec,31,29-32,BAL,4,224,16,0
JohnnieHarris31NYG2003,Johnnie Harris,2003,sec,31,29-32,NYG,Undrafted,Undrafted,14,5
WaltHarris31WAS2005,Walt Harris,2005,sec,31,29-32,WAS,1,35,13,12
RodneyHarrison31NWE2003,Rodney Harrison,2003,sec,31,29-32,NWE,6,51,16,16
ClintonHart31SDG2008,Clinton Hart,2008,sec,31,29-32,SDG,Undrafted,Undrafted,14,14
AnthonyHenry31DAL2007,Anthony Henry,2007,sec,31,29-32,DAL,5,246,13,10
KellyHerndon31TEN2007,Kelly Herndon,2007,sec,31,29-32,TEN,Undrafted,Undrafted,4,0
RenaldoHill31DEN2009,Renaldo Hill,2009,sec,31,29-32,DEN,8,112,15,15
JimmyHitchcock31CAR2001,Jimmy Hitchcock,2001,sec,31,29-32,CAR,4,236,16,7
NathanHodel31ARI2008,Nathan Hodel,2008,sec,31,29-32,ARI,Undrafted,Undrafted,16,0
ChrisHope31TEN2011,Chris Hope,2011,sec,31,29-32,TEN,4,243,10,2
KevinHouser31NOR2008,Kevin Houser,2008,sec,31,29-32,NOR,8,139,16,0
JamesIhedigbo31DET2014,James Ihedigbo,2014,sec,31,29-32,DET,Undrafted,Undrafted,13,13
KenIrvin31MIN2003,Ken Irvin,2003,sec,31,29-32,MIN,5,12,16,8
CoreyIvy31BAL2008,Corey Ivy,2008,sec,31,29-32,BAL,Undrafted,Undrafted,16,1
DexterJackson31CIN2008,Dexter Jackson,2008,sec,31,29-32,CIN,5,17,3,3
ToryJames31CIN2004,Tory James,2004,sec,31,29-32,CIN,3,188,16,16
QuentinJammer31SDG2010,Quentin Jammer,2010,sec,31,29-32,SDG,1,194,16,16
J.J.Jansen31CAR2017,J.J. Jansen,2017,sec,31,29-32,CAR,Undrafted,Undrafted,16,0
MalcolmJenkins31PHI2018,Malcolm Jenkins,2018,sec,31,29-32,PHI,1,45,8,8
TimJennings31CHI2014,Tim Jennings,2014,sec,31,29-32,CHI,3,208,16,16
ChrisJohnson31OAK2010,Chris Johnson,2010,sec,31,29-32,OAK,8,154,12,4
ToddJohnson31BUF2009,Todd Johnson,2009,sec,31,29-32,BUF,5,3,8,0
AdamJones31CIN2014,Adam Jones,2014,sec,31,29-32,CIN,1,205,16,3
ColinJones31CAR2018,Colin Jones,2018,sec,31,29-32,CAR,7,100,7,1
TebuckyJones31MIA2005,Tebucky Jones,2005,sec,31,29-32,MIA,1,131,6,6
JohnathanJoseph31HOU2015,Johnathan Joseph,2015,sec,31,29-32,HOU,1,149,16,16
KevinKaesviharn31NOR2007,Kevin Kaesviharn,2007,sec,31,29-32,NOR,Undrafted,Undrafted,16,3
BrianKelly31TAM2007,Brian Kelly,2007,sec,31,29-32,TAM,3,189,11,4
SammyKnight31KAN2006,Sammy Knight,2006,sec,31,29-32,KAN,Undrafted,Undrafted,16,16
L.P.Ladouceur31DAL2012,L.P. Ladouceur,2012,sec,31,29-32,DAL,Undrafted,Undrafted,16,0
DawanLandry31NYJ2013,Dawan Landry,2013,sec,31,29-32,NYJ,6,52,16,16
KwamieLassiter31ARI2000,Kwamie Lassiter,2000,sec,31,29-32,ARI,Undrafted,Undrafted,16,16
TyLaw31NYJ2005,Ty Law,2005,sec,31,29-32,NYJ,1,141,16,16
JimLeonhard31BUF2013,Jim Leonhard,2013,sec,31,29-32,BUF,Undrafted,Undrafted,16,7
JeremyLincoln31DET2000,Jeremy Lincoln,2000,sec,31,29-32,DET,4,228,3,0
EarlLittle31CLE2004,Earl Little,2004,sec,31,29-32,CLE,Undrafted,Undrafted,16,11
JodyLittleton31CLE2005,Jody Littleton,2005,sec,31,29-32,CLE,Undrafted,Undrafted,5,0
CullenLoeffler31MIN2012,Cullen Loeffler,2012,sec,31,29-32,MIN,Undrafted,Undrafted,16,0
MikeLogan31PIT2005,Mike Logan,2005,sec,31,29-32,PIT,3,195,12,1
ToddLyght31STL2000,Todd Lyght,2000,sec,31,29-32,STL,1,194,14,12
JohnLynch31TAM2002,John Lynch,2002,sec,31,29-32,TAM,4,230,15,15
SamMadison31MIA2005,Sam Madison,2005,sec,31,29-32,MIA,3,188,15,15
PatrickMannelly31CHI2006,Patrick Mannelly,2006,sec,31,29-32,CHI,7,98,16,0
DaniealManning31HOU2013,Danieal Manning,2013,sec,31,29-32,HOU,3,186,6,6
BrockMarion31MIA2001,Brock Marion,2001,sec,31,29-32,MIA,8,106,15,15
SherrodMartin31CHI2015,Sherrod Martin,2015,sec,31,29-32,CHI,3,204,11,0
ChrisMassey31STL2010,Chris Massey,2010,sec,31,29-32,STL,8,152,16,0
RasheanMathis31JAX2011,Rashean Mathis,2011,sec,31,29-32,JAX,3,182,9,9
ChrisMcAlister31BAL2008,Chris McAlister,2008,sec,31,29-32,BAL,1,2,6,5
BriceMcCain31TEN2017,Brice McCain,2017,sec,31,29-32,TEN,7,97,16,1
DexterMcCleon31KAN2004,Dexter McCleon,2004,sec,31,29-32,KAN,3,184,13,6
JasonMcCourty31NWE2018,Jason McCourty,2018,sec,31,29-32,NWE,7,113,8,6
MarlonMcCree31DEN2008,Marlon McCree,2008,sec,31,29-32,DEN,8,144,8,7
EmmanuelMcDaniel31ARI2003,Emmanuel McDaniel,2003,sec,31,29-32,ARI,5,15,15,0
ScottMcGarrahan31SDG2005,Scott McGarrahan,2005,sec,31,29-32,SDG,7,62,2,0
TerrenceMcGee31BUF2011,Terrence McGee,2011,sec,31,29-32,BUF,5,15,6,6
JonMcGraw31KAN2010,Jon McGraw,2010,sec,31,29-32,KAN,3,202,12,5
LeodisMcKelvin31PHI2016,Leodis McKelvin,2016,sec,31,29-32,PHI,1,13,13,12
MikeMcKenzie31NOR2007,Mike McKenzie,2007,sec,31,29-32,NOR,4,235,15,15
ToddMcMillon31CHI2004,Todd McMillon,2004,sec,31,29-32,CHI,Undrafted,Undrafted,14,1
RyanMcNeil31SDG2001,Ryan McNeil,2001,sec,31,29-32,SDG,3,176,16,16
JakeMcQuaide31LAR2018,Jake McQuaide,2018,sec,31,29-32,LAR,Undrafted,Undrafted,8,0
R.W.McQuarters31NYG2007,R.W. McQuarters,2007,sec,31,29-32,NYG,1,168,16,2
BrandonMeriweather31NYG2015,Brandon Meriweather,2015,sec,31,29-32,NYG,1,149,13,12
QuintinMikell31STL2011,Quintin Mikell,2011,sec,31,29-32,STL,Undrafted,Undrafted,16,16
LawyerMilloy31BUF2004,Lawyer Milloy,2004,sec,31,29-32,BUF,3,179,11,11
MikeMinter31CAR2005,Mike Minter,2005,sec,31,29-32,CAR,3,201,16,16
AnthonyMitchell31CIN2005,Anthony Mitchell,2005,sec,31,29-32,CIN,Undrafted,Undrafted,16,0
MikeMitchell31IND2018,Mike Mitchell,2018,sec,31,29-32,IND,3,191,3,3
MontyMontgomery31NOR2004,Monty Montgomery,2004,sec,31,29-32,NOR,5,21,5,0
DonMuhlbach31DET2012,Don Muhlbach,2012,sec,31,29-32,DET,Undrafted,Undrafted,16,0
KyleNelson31SFO2017,Kyle Nelson,2017,sec,31,29-32,SFO,Undrafted,Undrafted,16,0
ReggieNelson31CIN2014,Reggie Nelson,2014,sec,31,29-32,CIN,1,120,16,16
TerenceNewman31DAL2009,Terence Newman,2009,sec,31,29-32,DAL,1,194,16,16
JoshNorman31WAS2018,Josh Norman,2018,sec,31,29-32,WAS,6,49,7,7
DelthaO'Neal31NWE2008,Deltha O'Neal,2008,sec,31,29-32,NWE,1,56,16,10
MattOverton31IND2016,Matt Overton,2016,sec,31,29-32,IND,Undrafted,Undrafted,16,0
RonParker31KAN2018,Ron Parker,2018,sec,31,29-32,KAN,Undrafted,Undrafted,8,8
TonyParrish312TM2006,Tony Parrish,2006,sec,31,29-32,2TM,3,178,10,5
LoniePaxton31DEN2009,Lonie Paxton,2009,sec,31,29-32,DEN,Undrafted,Undrafted,16,0
KalvinPearson31DET2009,Kalvin Pearson,2009,sec,31,29-32,DET,Undrafted,Undrafted,12,0
WillPeterson31SFO2010,Will Peterson,2010,sec,31,29-32,SFO,4,225,5,0
BryanPittman31HOU2008,Bryan Pittman,2008,sec,31,29-32,HOU,Undrafted,Undrafted,12,0
TroyPolamalu31PIT2012,Troy Polamalu,2012,sec,31,29-32,PIT,1,66,7,7
RyanPontbriand31CLE2010,Ryan Pontbriand,2010,sec,31,29-32,CLE,6,48,16,0
TyronePoole31NWE2003,Tyrone Poole,2003,sec,31,29-32,NWE,1,131,16,16
MarquezPope31OAK2001,Marquez Pope,2001,sec,31,29-32,OAK,3,176,16,12
HankPoteat31NYJ2008,Hank Poteat,2008,sec,31,29-32,NYJ,4,224,13,1
PiersonPrioleau31JAX2008,Pierson Prioleau,2008,sec,31,29-32,JAX,5,14,16,1
GloverQuin31DET2017,Glover Quin,2017,sec,31,29-32,DET,5,16,16,16
EdReed31BAL2009,Ed Reed,2009,sec,31,29-32,BAL,1,149,12,12
DarrelleRevis31NYJ2016,Darrelle Revis,2016,sec,31,29-32,NYJ,1,45,15,15
MarcusRobertson31TEN2000,Marcus Robertson,2000,sec,31,29-32,TEN,5,5,15,15
DuntaRobinson31KAN2013,Dunta Robinson,2013,sec,31,29-32,KAN,1,2,8,2
PatrickRobinson31NOR2018,Patrick Robinson,2018,sec,31,29-32,NOR,1,174,3,1
DominiqueRodgers-Cromartie31NYG2017,Dominique Rodgers-Cromartie,2017,sec,31,29-32,NYG,1,66,15,6
CarlosRogers31SFO2012,Carlos Rogers,2012,sec,31,29-32,SFO,1,238,16,16
AntrelRolle31NYG2013,Antrel Rolle,2013,sec,31,29-32,NYG,1,227,16,16
SamariRolle31BAL2007,Samari Rolle,2007,sec,31,29-32,BAL,3,190,6,5
MarkRoman31SFO2008,Mark Roman,2008,sec,31,29-32,SFO,3,177,16,16
AaronRoss31NYG2013,Aaron Ross,2013,sec,31,29-32,NYG,1,109,4,2
AllenRossum31ATL2006,Allen Rossum,2006,sec,31,29-32,ATL,4,233,16,6
BrianRussell312TM2009,Brian Russell,2009,sec,31,29-32,2TM,Undrafted,Undrafted,12,1
AsanteSamuel31ATL2012,Asante Samuel,2012,sec,31,29-32,ATL,5,25,15,15
GarrisonSanborn31BUF2016,Garrison Sanborn,2016,sec,31,29-32,BUF,Undrafted,Undrafted,16,0
OrlandoScandrick31KAN2018,Orlando Scandrick,2018,sec,31,29-32,KAN,6,49,8,3
MikeSchneck31ATL2008,Mike Schneck,2008,sec,31,29-32,ATL,Undrafted,Undrafted,16,0
LanceSchulters31ATL2006,Lance Schulters,2006,sec,31,29-32,ATL,5,23,7,1
ChadScott31NWE2005,Chad Scott,2005,sec,31,29-32,NWE,1,149,3,0
JasonSehorn31NYG2002,Jason Sehorn,2002,sec,31,29-32,NYG,3,204,16,5
AndrewSendejo31MIN2018,Andrew Sendejo,2018,sec,31,29-32,MIN,Undrafted,Undrafted,5,5
DarrenSharper31MIN2006,Darren Sharper,2006,sec,31,29-32,MIN,3,206,16,16
TerranceShaw31MIN2004,Terrance Shaw,2004,sec,31,29-32,MIN,3,177,15,4
SamShields31LAR2018,Sam Shields,2018,sec,31,29-32,LAR,Undrafted,Undrafted,8,1
JasonSimmons31HOU2007,Jason Simmons,2007,sec,31,29-32,HOU,6,42,1,1
AaronSmith31PIT2007,Aaron Smith,2007,sec,31,29-32,PIT,5,12,11,11
NickSorensen31CLE2009,Nick Sorensen,2009,sec,31,29-32,CLE,Undrafted,Undrafted,16,0
PhillippiSparks31DAL2000,Phillippi Sparks,2000,sec,31,29-32,DAL,3,185,16,12
JimmySpencer31DEN2000,Jimmy Spencer,2000,sec,31,29-32,DEN,9,126,16,6
ShawnSprings31WAS2006,Shawn Springs,2006,sec,31,29-32,WAS,1,170,9,8
BradSt. Louis31CIN2007,Brad St. Louis,2007,sec,31,29-32,CIN,8,121,16,0
DuaneStarks31NWE2005,Duane Starks,2005,sec,31,29-32,NWE,1,2,7,6
OmarStoutmire31WAS2005,Omar Stoutmire,2005,sec,31,29-32,WAS,8,136,11,0
DonaldStrickland31NYJ2011,Donald Strickland,2011,sec,31,29-32,NYJ,4,239,15,1
NickSundberg31WAS2018,Nick Sundberg,2018,sec,31,29-32,WAS,Undrafted,Undrafted,7,0
PatrickSurtain31KAN2007,Patrick Surtain,2007,sec,31,29-32,KAN,3,188,16,16
AqibTalib31DEN2017,Aqib Talib,2017,sec,31,29-32,DEN,1,109,15,15
RobertTate31ARI2004,Robert Tate,2004,sec,31,29-32,ARI,7,92,14,0
BobbyTaylor31SEA2004,Bobby Taylor,2004,sec,31,29-32,SEA,3,195,10,0
IkeTaylor31PIT2011,Ike Taylor,2011,sec,31,29-32,PIT,5,30,16,16
FredThomas31NOR2004,Fred Thomas,2004,sec,31,29-32,NOR,3,191,15,7
CharlesTillman31CHI2012,Charles Tillman,2012,sec,31,29-32,CHI,3,178,16,16
GregToler31WAS2016,Greg Toler,2016,sec,31,29-32,WAS,5,37,16,2
ReggieTongue31NYJ2004,Reggie Tongue,2004,sec,31,29-32,NYJ,3,203,16,16
DesheaTownsend31PIT2006,Deshea Townsend,2006,sec,31,29-32,PIT,5,21,16,12
JamesTrapp31BAL2000,James Trapp,2000,sec,31,29-32,BAL,4,219,16,1
IsaiahTrufant31NYJ2013,Isaiah Trufant,2013,sec,31,29-32,NYJ,Undrafted,Undrafted,16,0
MarcusTrufant31SEA2011,Marcus Trufant,2011,sec,31,29-32,SEA,1,13,4,4
ScottTurner31DEN2003,Scott Turner,2003,sec,31,29-32,DEN,8,138,9,0
MorrisUnutoa31TAM2002,Morris Unutoa,2002,sec,31,29-32,TAM,Undrafted,Undrafted,2,0
TroyVincent31PHI2002,Troy Vincent,2002,sec,31,29-32,PHI,1,216,15,15
BracyWalker31KAN2001,Bracy Walker,2001,sec,31,29-32,KAN,5,32,15,0
BrianWalker31DET2003,Brian Walker,2003,sec,31,29-32,DET,Undrafted,Undrafted,16,16
DenardWalker31OAK2004,Denard Walker,2004,sec,31,29-32,OAK,4,222,16,5
T.J.Ward31TAM2017,T.J. Ward,2017,sec,31,29-32,TAM,3,181,12,5
GregWarren31PIT2012,Greg Warren,2012,sec,31,29-32,PIT,Undrafted,Undrafted,16,0
DewayneWashington31PIT2003,Dewayne Washington,2003,sec,31,29-32,PIT,1,88,16,12
LardariusWebb31BAL2016,Lardarius Webb,2016,sec,31,29-32,BAL,4,236,16,16
CoreyWebster31NYG2013,Corey Webster,2013,sec,31,29-32,NYG,3,187,4,2
JasonWebster31NWE2008,Jason Webster,2008,sec,31,29-32,NWE,3,192,3,0
EricWeddle31BAL2016,Eric Weddle,2016,sec,31,29-32,BAL,3,180,16,16
JonWeeks31HOU2017,Jon Weeks,2017,sec,31,29-32,HOU,Undrafted,Undrafted,16,0
DanteWesley31DET2010,Dante Wesley,2010,sec,31,29-32,DET,5,3,3,0
DonteWhitner31WAS2016,Donte Whitner,2016,sec,31,29-32,WAS,1,227,11,9
BrianWilliams31ATL2010,Brian Williams,2010,sec,31,29-32,ATL,5,8,16,1
CaryWilliams312TM2015,Cary Williams,2015,sec,31,29-32,2TM,8,140,10,10
DarrylWilliams31CIN2001,Darryl Williams,2001,sec,31,29-32,CIN,1,168,15,1
MadieuWilliams31WAS2012,Madieu Williams,2012,sec,31,29-32,WAS,3,201,16,16
TramonWilliams31GNB2014,Tramon Williams,2014,sec,31,29-32,GNB,Undrafted,Undrafted,16,16
TyroneWilliams31DAL2004,Tyrone Williams,2004,sec,31,29-32,DAL,4,242,3,2
WillieWilliams31SEA2001,Willie Williams,2001,sec,31,29-32,SEA,7,69,14,14
AdrianWilson31ARI2010,Adrian Wilson,2010,sec,31,29-32,ARI,4,210,16,16
GeorgeWilson31BUF2012,George Wilson,2012,sec,31,29-32,BUF,Undrafted,Undrafted,16,16
JerryWilson31SDG2004,Jerry Wilson,2004,sec,31,29-32,SDG,5,8,16,16
MikeWindt31LAC2017,Mike Windt,2017,sec,31,29-32,LAC,Undrafted,Undrafted,16,0
AntoineWinfield31MIN2008,Antoine Winfield,2008,sec,31,29-32,MIN,1,141,16,16
JeromeWoods31KAN2004,Jerome Woods,2004,sec,31,29-32,KAN,1,168,10,10
CharlesWoodson31GNB2007,Charles Woodson,2007,sec,31,29-32,GNB,1,183,14,14
DarrenWoodson31DAL2000,Darren Woodson,2000,sec,31,29-32,DAL,3,180,11,11
ShareeceWright31HOU2018,Shareece Wright,2018,sec,31,29-32,HOU,4,237,5,1
JoeZelenka31JAX2007,Joe Zelenka,2007,sec,31,29-32,JAX,Undrafted,Undrafted,16,0
MikeAdams32DEN2013,Mike Adams,2013,sec,32,29-32,DEN,Undrafted,Undrafted,16,7
EthanAlbright32WAS2003,Ethan Albright,2003,sec,32,29-32,WAS,Undrafted,Undrafted,16,0
BrentAlexander32PIT2003,Brent Alexander,2003,sec,32,29-32,PIT,Undrafted,Undrafted,16,16
WillAllen32PIT2014,Will Allen,2014,sec,32,29-32,PIT,5,15,16,4
AshleyAmbrose32ATL2002,Ashley Ambrose,2002,sec,32,29-32,ATL,3,169,16,16
ColtAnderson32BUF2017,Colt Anderson,2017,sec,32,29-32,BUF,Undrafted,Undrafted,5,0
NnamdiAsomugha32SFO2013,Nnamdi Asomugha,2013,sec,32,29-32,SFO,1,172,3,1
ChampBailey32DEN2010,Champ Bailey,2010,sec,32,29-32,DEN,1,216,15,15
RobertBailey32BAL2000,Robert Bailey,2000,sec,32,29-32,BAL,5,10,16,0
RondeBarber32TAM2007,Ronde Barber,2007,sec,32,29-32,TAM,4,212,16,16
YeremiahBell32MIA2010,Yeremiah Bell,2010,sec,32,29-32,MIA,7,124,16,16
JayBellamy32NOR2004,Jay Bellamy,2004,sec,32,29-32,NOR,Undrafted,Undrafted,16,16
JasonBelser32KAN2002,Jason Belser,2002,sec,32,29-32,KAN,9,107,16,8
AntoineBethea32SFO2016,Antoine Bethea,2016,sec,32,29-32,SFO,7,117,16,16
DavidBinn32SDG2004,David Binn,2004,sec,32,29-32,SDG,Undrafted,Undrafted,16,0
BlaineBishop32PHI2002,Blaine Bishop,2002,sec,32,29-32,PHI,9,125,12,12
WillBlackmon32WAS2016,Will Blackmon,2016,sec,32,29-32,WAS,5,19,15,6
Dre'Bly32SFO2009,Dre' Bly,2009,sec,32,29-32,SFO,3,185,16,6
JuranBolden32TAM2006,Juran Bolden,2006,sec,32,29-32,TAM,5,32,16,11
RonnieBradford32MIN2002,Ronnie Bradford,2002,sec,32,29-32,MIN,5,8,16,15
SheldonBrown32CLE2011,Sheldon Brown,2011,sec,32,29-32,CLE,3,204,16,16
RayBuchanan32ATL2003,Ray Buchanan,2003,sec,32,29-32,ATL,4,211,15,8
TerrellBuckley32MIA2003,Terrell Buckley,2003,sec,32,29-32,MIA,1,194,16,5
LeRoyButler32GNB2000,LeRoy Butler,2000,sec,32,29-32,GNB,3,192,16,16
JeremyCain32JAX2012,Jeremy Cain,2012,sec,32,29-32,JAX,Undrafted,Undrafted,16,0
BrandonCarr32BAL2018,Brandon Carr,2018,sec,32,29-32,BAL,6,46,8,8
MarkCarrier32WAS2000,Mark Carrier,2000,sec,32,29-32,WAS,1,205,15,15
DaleCarter32MIN2001,Dale Carter,2001,sec,32,29-32,MIN,1,109,9,8
MartyCarter322TM2001,Marty Carter,2001,sec,32,29-32,2TM,9,117,9,6
TyroneCarter32PIT2008,Tyrone Carter,2008,sec,32,29-32,PIT,5,22,16,2
CoreyChavous32STL2008,Corey Chavous,2008,sec,32,29-32,STL,3,176,16,13
RyanClark32PIT2011,Ryan Clark,2011,sec,32,29-32,PIT,Undrafted,Undrafted,16,16
NateClements32CIN2011,Nate Clements,2011,sec,32,29-32,CIN,1,120,15,15
MarcusColeman32DAL2006,Marcus Coleman,2006,sec,32,29-32,DAL,6,38,3,0
JonCondo32OAK2013,Jon Condo,2013,sec,32,29-32,OAK,Undrafted,Undrafted,16,0
TerryCousin32JAX2007,Terry Cousin,2007,sec,32,29-32,JAX,Undrafted,Undrafted,16,2
MorganCox32BAL2018,Morgan Cox,2018,sec,32,29-32,BAL,Undrafted,Undrafted,8,0
JasonCraft322TM2008,Jason Craft,2008,sec,32,29-32,2TM,6,67,15,2
ChrisCrocker32CIN2012,Chris Crocker,2012,sec,32,29-32,CIN,4,232,13,9
AntonioCromartie32IND2016,Antonio Cromartie,2016,sec,32,29-32,IND,1,99,4,4
Jean-PhillipeDarche32KAN2007,Jean-Phillipe Darche,2007,sec,32,29-32,KAN,Undrafted,Undrafted,16,0
DonovinDarius32MIA2007,Donovin Darius,2007,sec,32,29-32,MIA,1,159,3,2
DonDavis32NWE2004,Don Davis,2004,sec,32,29-32,NWE,Undrafted,Undrafted,16,2
EricDavis32CAR2000,Eric Davis,2000,sec,32,29-32,CAR,3,198,16,16
RobDavis32GNB2000,Rob Davis,2000,sec,32,29-32,GNB,Undrafted,Undrafted,16,0
BrianDawkins*32PHI2005,Brian Dawkins*,2005,sec,32,29-32,PHI,3,207,16,16
QuintinDemps32CHI2017,Quintin Demps,2017,sec,32,29-32,CHI,5,21,3,3
JohnDenney32MIA2010,John Denney,2010,sec,32,29-32,MIA,Undrafted,Undrafted,16,0
ZakDeOssie32NYG2016,Zak DeOssie,2016,sec,32,29-32,NYG,5,20,16,0
JonDorenbos32PHI2012,Jon Dorenbos,2012,sec,32,29-32,PHI,Undrafted,Undrafted,16,0
DougEvans32SEA2002,Doug Evans,2002,sec,32,29-32,SEA,7,47,16,0
NickFerguson32DEN2006,Nick Ferguson,2006,sec,32,29-32,DEN,Undrafted,Undrafted,10,10
DraytonFlorence32DET2012,Drayton Florence,2012,sec,32,29-32,DET,3,190,8,3
CoreyFuller32BAL2003,Corey Fuller,2003,sec,32,29-32,BAL,3,200,14,10
MikeFurrey32CLE2009,Mike Furrey,2009,sec,32,29-32,CLE,Undrafted,Undrafted,16,4
ThomasGafford322TM2015,Thomas Gafford,2015,sec,32,29-32,2TM,Undrafted,Undrafted,14,0
WilliamGay32PIT2017,William Gay,2017,sec,32,29-32,PIT,6,78,16,1
AaronGlenn32HOU2004,Aaron Glenn,2004,sec,32,29-32,HOU,1,24,16,16
DashonGoldson32ATL2016,Dashon Goldson,2016,sec,32,29-32,ATL,5,31,4,0
BrettGoode32GNB2016,Brett Goode,2016,sec,32,29-32,GNB,Undrafted,Undrafted,16,0
Andre'Goodman32DEN2010,Andre' Goodman,2010,sec,32,29-32,DEN,4,214,8,8
DarrienGordon32GNB2002,Darrien Gordon,2002,sec,32,29-32,GNB,1,131,13,0
CoreyGraham32PHI2017,Corey Graham,2017,sec,32,29-32,PHI,6,75,14,1
DeonGrant32NYG2011,Deon Grant,2011,sec,32,29-32,NYG,3,202,16,9
MichaelGreen32WAS2008,Michael Green,2008,sec,32,29-32,WAS,8,164,8,2
VictorGreen32NYJ2001,Victor Green,2001,sec,32,29-32,NYJ,Undrafted,Undrafted,16,16
RobertGriffith32CLE2002,Robert Griffith,2002,sec,32,29-32,CLE,Undrafted,Undrafted,12,12
BrentGrimes32MIA2015,Brent Grimes,2015,sec,32,29-32,MIA,Undrafted,Undrafted,15,15
DeAngeloHall32WAS2015,DeAngelo Hall,2015,sec,32,29-32,WAS,1,227,11,9
LeonHall32NYG2016,Leon Hall,2016,sec,32,29-32,NYG,1,88,12,2
NickHarper32IND2006,Nick Harper,2006,sec,32,29-32,IND,Undrafted,Undrafted,15,15
RomanHarper32CAR2014,Roman Harper,2014,sec,32,29-32,CAR,3,187,16,16
AlHarris32GNB2006,Al Harris,2006,sec,32,29-32,GNB,7,76,16,16
ClarkHarris32CIN2016,Clark Harris,2016,sec,32,29-32,CIN,8,152,13,0
CoreyHarris32BAL2001,Corey Harris,2001,sec,32,29-32,BAL,4,224,16,16
WaltHarris32SFO2006,Walt Harris,2006,sec,32,29-32,SFO,1,35,15,15
RodneyHarrison32NWE2004,Rodney Harrison,2004,sec,32,29-32,NWE,6,51,16,16
ClintonHart322TM2009,Clinton Hart,2009,sec,32,29-32,2TM,Undrafted,Undrafted,7,3
AnthonyHenry32DAL2008,Anthony Henry,2008,sec,32,29-32,DAL,5,246,16,15
RenaldoHill32DEN2010,Renaldo Hill,2010,sec,32,29-32,DEN,8,112,16,16
JimmyHitchcock32NWE2002,Jimmy Hitchcock,2002,sec,32,29-32,NWE,4,236,1,0
NathanHodel32DET2009,Nathan Hodel,2009,sec,32,29-32,DET,Undrafted,Undrafted,1,0
ChrisHope32ATL2012,Chris Hope,2012,sec,32,29-32,ATL,4,243,16,4
KevinHouser32SEA2009,Kevin Houser,2009,sec,32,29-32,SEA,8,139,14,0
JamesIhedigbo32DET2015,James Ihedigbo,2015,sec,32,29-32,DET,Undrafted,Undrafted,15,8
SteveIsrael32NOR2001,Steve Israel,2001,sec,32,29-32,NOR,3,171,9,1
CoreyIvy322TM2009,Corey Ivy,2009,sec,32,29-32,2TM,Undrafted,Undrafted,3,0
ToryJames32CIN2005,Tory James,2005,sec,32,29-32,CIN,3,188,16,16
QuentinJammer32SDG2011,Quentin Jammer,2011,sec,32,29-32,SDG,1,194,15,15
J.J.Jansen32CAR2018,J.J. Jansen,2018,sec,32,29-32,CAR,Undrafted,Undrafted,7,0
TimJennings32TAM2015,Tim Jennings,2015,sec,32,29-32,TAM,3,208,6,3
ChrisJohnson32OAK2011,Chris Johnson,2011,sec,32,29-32,OAK,8,154,4,3
AdamJones32CIN2015,Adam Jones,2015,sec,32,29-32,CIN,1,205,14,14
JohnathanJoseph32HOU2016,Johnathan Joseph,2016,sec,32,29-32,HOU,1,149,13,11
KevinKaesviharn32NOR2008,Kevin Kaesviharn,2008,sec,32,29-32,NOR,Undrafted,Undrafted,11,11
BrianKelly32DET2008,Brian Kelly,2008,sec,32,29-32,DET,3,189,11,10
SammyKnight32JAX2007,Sammy Knight,2007,sec,32,29-32,JAX,Undrafted,Undrafted,16,15
RyanKuehl32NYG2004,Ryan Kuehl,2004,sec,32,29-32,NYG,Undrafted,Undrafted,16,0
L.P.Ladouceur32DAL2013,L.P. Ladouceur,2013,sec,32,29-32,DAL,Undrafted,Undrafted,16,0
DawanLandry32NYJ2014,Dawan Landry,2014,sec,32,29-32,NYJ,6,52,16,14
KwamieLassiter32ARI2001,Kwamie Lassiter,2001,sec,32,29-32,ARI,Undrafted,Undrafted,16,16
TyLaw32KAN2006,Ty Law,2006,sec,32,29-32,KAN,1,141,16,16
JimLeonhard32CLE2014,Jim Leonhard,2014,sec,32,29-32,CLE,Undrafted,Undrafted,16,5
DarryllLewis32SDG2000,Darryll Lewis,2000,sec,32,29-32,SDG,3,181,15,7
EarlLittle32GNB2005,Earl Little,2005,sec,32,29-32,GNB,Undrafted,Undrafted,4,0
CullenLoeffler32MIN2013,Cullen Loeffler,2013,sec,32,29-32,MIN,Undrafted,Undrafted,16,0
MikeLogan32PIT2006,Mike Logan,2006,sec,32,29-32,PIT,3,195,12,0
ToddLyght32DET2001,Todd Lyght,2001,sec,32,29-32,DET,1,194,16,16
JohnLynch32TAM2003,John Lynch,2003,sec,32,29-32,TAM,4,230,14,14
SamMadison32NYG2006,Sam Madison,2006,sec,32,29-32,NYG,3,188,12,12
PatrickMannelly32CHI2007,Patrick Mannelly,2007,sec,32,29-32,CHI,7,98,16,0
DaniealManning32HOU2014,Danieal Manning,2014,sec,32,29-32,HOU,3,186,16,5
BrockMarion32MIA2002,Brock Marion,2002,sec,32,29-32,MIA,8,106,16,16
ChrisMassey32CHI2011,Chris Massey,2011,sec,32,29-32,CHI,8,152,6,0
KevinMathis32ATL2006,Kevin Mathis,2006,sec,32,29-32,ATL,Undrafted,Undrafted,8,0
RasheanMathis32JAX2012,Rashean Mathis,2012,sec,32,29-32,JAX,3,182,12,4
ChrisMcAlister32NOR2009,Chris McAlister,2009,sec,32,29-32,NOR,1,2,2,0
DexterMcCleon32KAN2005,Dexter McCleon,2005,sec,32,29-32,KAN,3,184,12,5
TerrenceMcGee32BUF2012,Terrence McGee,2012,sec,32,29-32,BUF,5,15,7,0
JonMcGraw32KAN2011,Jon McGraw,2011,sec,32,29-32,KAN,3,202,10,9
MikeMcKenzie32NOR2008,Mike McKenzie,2008,sec,32,29-32,NOR,4,235,7,6
RyanMcNeil32SDG2002,Ryan McNeil,2002,sec,32,29-32,SDG,3,176,15,15
R.W.McQuarters32NYG2008,R.W. McQuarters,2008,sec,32,29-32,NYG,1,168,10,0
RayMickens32CLE2005,Ray Mickens,2005,sec,32,29-32,CLE,4,208,16,0
QuintinMikell32STL2012,Quintin Mikell,2012,sec,32,29-32,STL,Undrafted,Undrafted,16,16
LawyerMilloy32BUF2005,Lawyer Milloy,2005,sec,32,29-32,BUF,3,179,16,16
MikeMinter32CAR2006,Mike Minter,2006,sec,32,29-32,CAR,3,201,16,16
DonMuhlbach32DET2013,Don Muhlbach,2013,sec,32,29-32,DET,Undrafted,Undrafted,16,0
KyleNelson32SFO2018,Kyle Nelson,2018,sec,32,29-32,SFO,Undrafted,Undrafted,9,0
ReggieNelson32CIN2015,Reggie Nelson,2015,sec,32,29-32,CIN,1,120,16,16
TerenceNewman32DAL2010,Terence Newman,2010,sec,32,29-32,DAL,1,194,16,16
ChrisOldham32NOR2000,Chris Oldham,2000,sec,32,29-32,NOR,5,8,13,1
MattOverton32JAX2017,Matt Overton,2017,sec,32,29-32,JAX,Undrafted,Undrafted,9,0
LoniePaxton32DEN2010,Lonie Paxton,2010,sec,32,29-32,DEN,Undrafted,Undrafted,16,0
DarrenPerry32NOR2000,Darren Perry,2000,sec,32,29-32,NOR,9,113,16,16
BryanPittman322TM2009,Bryan Pittman,2009,sec,32,29-32,2TM,Undrafted,Undrafted,7,0
TroyPolamalu32PIT2013,Troy Polamalu,2013,sec,32,29-32,PIT,1,66,16,16
TyronePoole32NWE2004,Tyrone Poole,2004,sec,32,29-32,NWE,1,131,5,4
HankPoteat32CLE2009,Hank Poteat,2009,sec,32,29-32,CLE,4,224,16,2
PiersonPrioleau32NOR2009,Pierson Prioleau,2009,sec,32,29-32,NOR,5,14,16,1
GloverQuin32DET2018,Glover Quin,2018,sec,32,29-32,DET,5,16,7,7
EdReed32BAL2010,Ed Reed,2010,sec,32,29-32,BAL,1,149,10,10
DarrelleRevis32KAN2017,Darrelle Revis,2017,sec,32,29-32,KAN,1,45,5,2
MarcusRobertson32SEA2001,Marcus Robertson,2001,sec,32,29-32,SEA,5,5,12,12
DominiqueRodgers-Cromartie32OAK2018,Dominique Rodgers-Cromartie,2018,sec,32,29-32,OAK,1,66,7,1
CarlosRogers32SFO2013,Carlos Rogers,2013,sec,32,29-32,SFO,1,238,16,16
AntrelRolle32NYG2014,Antrel Rolle,2014,sec,32,29-32,NYG,1,227,16,16
SamariRolle32BAL2008,Samari Rolle,2008,sec,32,29-32,BAL,3,190,10,10
MarkRoman32SFO2009,Mark Roman,2009,sec,32,29-32,SFO,3,177,16,1
AllenRossum32PIT2007,Allen Rossum,2007,sec,32,29-32,PIT,4,233,15,0
AsanteSamuel32ATL2013,Asante Samuel,2013,sec,32,29-32,ATL,5,25,11,10
GarrisonSanborn32TAM2017,Garrison Sanborn,2017,sec,32,29-32,TAM,Undrafted,Undrafted,16,0
MikeSchneck32ATL2009,Mike Schneck,2009,sec,32,29-32,ATL,Undrafted,Undrafted,7,0
LanceSchulters32MIA2007,Lance Schulters,2007,sec,32,29-32,MIA,5,23,7,4
KurtSchulz32DET2000,Kurt Schulz,2000,sec,32,29-32,DET,8,105,11,11
ChadScott32NWE2006,Chad Scott,2006,sec,32,29-32,NWE,1,149,14,9
JasonSehorn32STL2003,Jason Sehorn,2003,sec,32,29-32,STL,3,204,10,3
DarrenSharper32MIN2007,Darren Sharper,2007,sec,32,29-32,MIN,3,206,16,16
FrankieSmith32CHI2000,Frankie Smith,2000,sec,32,29-32,CHI,5,7,14,0
NickSorensen32CLE2010,Nick Sorensen,2010,sec,32,29-32,CLE,Undrafted,Undrafted,15,0
JimmySpencer32DEN2001,Jimmy Spencer,2001,sec,32,29-32,DEN,9,126,16,1
ShawnSprings32WAS2007,Shawn Springs,2007,sec,32,29-32,WAS,1,170,16,14
BradSt. Louis32CIN2008,Brad St. Louis,2008,sec,32,29-32,CIN,8,121,16,0
DuaneStarks32OAK2006,Duane Starks,2006,sec,32,29-32,OAK,1,2,3,0
OmarStoutmire32NOR2006,Omar Stoutmire,2006,sec,32,29-32,NOR,8,136,13,9
PatrickSurtain32KAN2008,Patrick Surtain,2008,sec,32,29-32,KAN,3,188,8,2
AqibTalib32LAR2018,Aqib Talib,2018,sec,32,29-32,LAR,1,109,3,3
RobertTate32ARI2005,Robert Tate,2005,sec,32,29-32,ARI,7,92,13,5
IkeTaylor32PIT2012,Ike Taylor,2012,sec,32,29-32,PIT,5,30,12,12
DaveThomas32NYG2000,Dave Thomas,2000,sec,32,29-32,NYG,9,113,16,16
FredThomas32NOR2005,Fred Thomas,2005,sec,32,29-32,NOR,3,191,16,11
CharlesTillman32CHI2013,Charles Tillman,2013,sec,32,29-32,CHI,3,178,8,8
ReggieTongue32OAK2005,Reggie Tongue,2005,sec,32,29-32,OAK,3,203,4,1
DesheaTownsend32PIT2007,Deshea Townsend,2007,sec,32,29-32,PIT,5,21,16,16
JamesTrapp32BAL2001,James Trapp,2001,sec,32,29-32,BAL,4,219,10,4
MarcusTrufant32SEA2012,Marcus Trufant,2012,sec,32,29-32,SEA,1,13,12,2
TroyVincent32PHI2003,Troy Vincent,2003,sec,32,29-32,PHI,1,216,13,13
BracyWalker32DET2002,Bracy Walker,2002,sec,32,29-32,DET,5,32,14,1
DenardWalker32OAK2005,Denard Walker,2005,sec,32,29-32,OAK,4,222,9,0
GregWarren32PIT2013,Greg Warren,2013,sec,32,29-32,PIT,Undrafted,Undrafted,16,0
DewayneWashington32JAX2004,Dewayne Washington,2004,sec,32,29-32,JAX,1,88,16,16
EricWeddle32BAL2017,Eric Weddle,2017,sec,32,29-32,BAL,3,180,16,16
JonWeeks32HOU2018,Jon Weeks,2018,sec,32,29-32,HOU,Undrafted,Undrafted,8,0
AeneasWilliams*32ARI2000,Aeneas Williams*,2000,sec,32,29-32,ARI,4,204,16,16
BrianWilliams32NYG2011,Brian Williams,2011,sec,32,29-32,NYG,5,8,4,0
TramonWilliams32CLE2015,Tramon Williams,2015,sec,32,29-32,CLE,Undrafted,Undrafted,15,15
WillieWilliams32SEA2002,Willie Williams,2002,sec,32,29-32,SEA,7,69,15,1
AdrianWilson32ARI2011,Adrian Wilson,2011,sec,32,29-32,ARI,4,210,16,16
GeorgeWilson32TEN2013,George Wilson,2013,sec,32,29-32,TEN,Undrafted,Undrafted,16,3
JerryWilson32SDG2005,Jerry Wilson,2005,sec,32,29-32,SDG,5,8,9,1
MikeWindt32LAC2018,Mike Windt,2018,sec,32,29-32,LAC,Undrafted,Undrafted,7,0
AntoineWinfield32MIN2009,Antoine Winfield,2009,sec,32,29-32,MIN,1,141,10,9
JeromeWoods32KAN2005,Jerome Woods,2005,sec,32,29-32,KAN,1,168,7,0
CharlesWoodson32GNB2008,Charles Woodson,2008,sec,32,29-32,GNB,1,183,16,16
DarrenWoodson32DAL2001,Darren Woodson,2001,sec,32,29-32,DAL,3,180,16,16
JoeZelenka32JAX2008,Joe Zelenka,2008,sec,32,29-32,JAX,Undrafted,Undrafted,16,0
MikeAdams33IND2014,Mike Adams,2014,sec,33,32+,IND,Undrafted,Undrafted,16,16
EthanAlbright33WAS2004,Ethan Albright,2004,sec,33,32+,WAS,Undrafted,Undrafted,16,0
BrentAlexander33NYG2004,Brent Alexander,2004,sec,33,32+,NYG,Undrafted,Undrafted,16,16
WillAllen33MIA2011,Will Allen,2011,sec,33,32+,MIA,1,131,15,6
WillAllen33PIT2015,Will Allen,2015,sec,33,32+,PIT,5,15,13,13
AshleyAmbrose33NOR2003,Ashley Ambrose,2003,sec,33,32+,NOR,3,169,16,12
ChampBailey33DEN2011,Champ Bailey,2011,sec,33,32+,DEN,1,216,13,13
RobertBailey33DET2001,Robert Bailey,2001,sec,33,32+,DET,5,10,9,0
RondeBarber33TAM2008,Ronde Barber,2008,sec,33,32+,TAM,4,212,16,16
YeremiahBell33MIA2011,Yeremiah Bell,2011,sec,33,32+,MIA,7,124,16,16
JayBellamy33NOR2005,Jay Bellamy,2005,sec,33,32+,NOR,Undrafted,Undrafted,3,3
AntoineBethea33ARI2017,Antoine Bethea,2017,sec,33,32+,ARI,7,117,15,6
DavidBinn33SDG2005,David Binn,2005,sec,33,32+,SDG,Undrafted,Undrafted,16,0
J.B.Brown33DET2000,J.B. Brown,2000,sec,33,32+,DET,2,173,3,0
SheldonBrown33CLE2012,Sheldon Brown,2012,sec,33,32+,CLE,3,204,15,14
RayBuchanan33OAK2004,Ray Buchanan,2004,sec,33,32+,OAK,4,211,16,16
TerrellBuckley33NYJ2004,Terrell Buckley,2004,sec,33,32+,NYJ,1,194,16,0
LeRoyButler33GNB2001,LeRoy Butler,2001,sec,33,32+,GNB,3,192,9,9
JeremyCain33CHI2013,Jeremy Cain,2013,sec,33,32+,CHI,Undrafted,Undrafted,2,0
DaleCarter33NOR2002,Dale Carter,2002,sec,33,32+,NOR,1,109,7,7
TyroneCarter33PIT2009,Tyrone Carter,2009,sec,33,32+,PIT,5,22,16,12
RyanClark33PIT2012,Ryan Clark,2012,sec,33,32+,PIT,Undrafted,Undrafted,15,15
NateClements33CIN2012,Nate Clements,2012,sec,33,32+,CIN,1,120,15,9
JonCondo33OAK2014,Jon Condo,2014,sec,33,32+,OAK,Undrafted,Undrafted,16,0
TerryCousin33CLE2008,Terry Cousin,2008,sec,33,32+,CLE,Undrafted,Undrafted,16,0
ChrisCrocker33CIN2013,Chris Crocker,2013,sec,33,32+,CIN,4,232,12,3
RayCrockett33DEN2000,Ray Crockett,2000,sec,33,32+,DEN,5,234,13,11
Jean-PhillipeDarche33KAN2008,Jean-Phillipe Darche,2008,sec,33,32+,KAN,Undrafted,Undrafted,7,0
EricDavis33DEN2001,Eric Davis,2001,sec,33,32+,DEN,3,198,16,0
RobDavis33GNB2001,Rob Davis,2001,sec,33,32+,GNB,Undrafted,Undrafted,16,0
BrianDawkins*33PHI2006,Brian Dawkins*,2006,sec,33,32+,PHI,3,207,16,16
JamesDearth33NYJ2009,James Dearth,2009,sec,33,32+,NYJ,7,101,16,0
JohnDenney33MIA2011,John Denney,2011,sec,33,32+,MIA,Undrafted,Undrafted,16,0
ZakDeOssie33NYG2017,Zak DeOssie,2017,sec,33,32+,NYG,5,20,16,0
JonDorenbos33PHI2013,Jon Dorenbos,2013,sec,33,32+,PHI,Undrafted,Undrafted,16,0
DougEvans332TM2003,Doug Evans,2003,sec,33,32+,2TM,7,47,11,3
NickFerguson33DEN2007,Nick Ferguson,2007,sec,33,32+,DEN,Undrafted,Undrafted,12,7
DraytonFlorence33CAR2013,Drayton Florence,2013,sec,33,32+,CAR,3,190,14,5
CoreyFuller33BAL2004,Corey Fuller,2004,sec,33,32+,BAL,3,200,14,2
ThomasGafford33DEN2016,Thomas Gafford,2016,sec,33,32+,DEN,Undrafted,Undrafted,6,0
AaronGlenn33DAL2005,Aaron Glenn,2005,sec,33,32+,DAL,1,24,16,7
BrettGoode33GNB2017,Brett Goode,2017,sec,33,32+,GNB,Undrafted,Undrafted,10,0
Andre'Goodman33DEN2011,Andre' Goodman,2011,sec,33,32+,DEN,4,214,16,16
CoreyGraham33PHI2018,Corey Graham,2018,sec,33,32+,PHI,6,75,5,2
VictorGreen33NWE2002,Victor Green,2002,sec,33,32+,NWE,Undrafted,Undrafted,16,5
RobertGriffith33CLE2003,Robert Griffith,2003,sec,33,32+,CLE,Undrafted,Undrafted,16,16
BrentGrimes33TAM2016,Brent Grimes,2016,sec,33,32+,TAM,Undrafted,Undrafted,16,16
DeAngeloHall33WAS2016,DeAngelo Hall,2016,sec,33,32+,WAS,1,227,3,3
LeonHall33SFO2017,Leon Hall,2017,sec,33,32+,SFO,1,88,9,1
NickHarper33TEN2007,Nick Harper,2007,sec,33,32+,TEN,Undrafted,Undrafted,14,14
RomanHarper33CAR2015,Roman Harper,2015,sec,33,32+,CAR,3,187,16,16
AlHarris33GNB2007,Al Harris,2007,sec,33,32+,GNB,7,76,16,16
ClarkHarris33CIN2017,Clark Harris,2017,sec,33,32+,CIN,8,152,16,0
CoreyHarris33DET2002,Corey Harris,2002,sec,33,32+,DET,4,224,16,16
WaltHarris33SFO2007,Walt Harris,2007,sec,33,32+,SFO,1,35,15,15
RodneyHarrison33NWE2005,Rodney Harrison,2005,sec,33,32+,NWE,6,51,3,3
AnthonyHenry33DET2009,Anthony Henry,2009,sec,33,32+,DET,5,246,14,6
KevinHouser33BAL2010,Kevin Houser,2010,sec,33,32+,BAL,8,139,1,0
JamesIhedigbo33BUF2016,James Ihedigbo,2016,sec,33,32+,BUF,Undrafted,Undrafted,4,3
KenIrvin33MIN2005,Ken Irvin,2005,sec,33,32+,MIN,5,12,7,1
ToryJames33CIN2006,Tory James,2006,sec,33,32+,CIN,3,188,16,16
QuentinJammer33SDG2012,Quentin Jammer,2012,sec,33,32+,SDG,1,194,16,16
BrianJennings33SFO2009,Brian Jennings,2009,sec,33,32+,SFO,8,142,16,0
ChrisJohnson33BAL2012,Chris Johnson,2012,sec,33,32+,BAL,8,154,5,1
AdamJones33CIN2016,Adam Jones,2016,sec,33,32+,CIN,1,205,16,16
HenryJones33BUF2000,Henry Jones,2000,sec,33,32+,BUF,1,166,16,16
JohnathanJoseph33HOU2017,Johnathan Joseph,2017,sec,33,32+,HOU,1,149,16,16
KevinKaesviharn33TEN2009,Kevin Kaesviharn,2009,sec,33,32+,TEN,Undrafted,Undrafted,13,0
SammyKnight33NYG2008,Sammy Knight,2008,sec,33,32+,NYG,Undrafted,Undrafted,9,0
RyanKuehl33NYG2005,Ryan Kuehl,2005,sec,33,32+,NYG,Undrafted,Undrafted,16,0
L.P.Ladouceur33DAL2014,L.P. Ladouceur,2014,sec,33,32+,DAL,Undrafted,Undrafted,16,0
KwamieLassiter33ARI2002,Kwamie Lassiter,2002,sec,33,32+,ARI,Undrafted,Undrafted,16,16
TyLaw33KAN2007,Ty Law,2007,sec,33,32+,KAN,1,141,16,16
MikeLeach33ARI2009,Mike Leach,2009,sec,33,32+,ARI,Undrafted,Undrafted,16,0
CullenLoeffler33MIN2014,Cullen Loeffler,2014,sec,33,32+,MIN,Undrafted,Undrafted,16,0
ToddLyght33DET2002,Todd Lyght,2002,sec,33,32+,DET,1,194,16,14
JohnLynch33DEN2004,John Lynch,2004,sec,33,32+,DEN,4,230,15,15
SamMadison33NYG2007,Sam Madison,2007,sec,33,32+,NYG,3,188,16,15
PatrickMannelly33CHI2008,Patrick Mannelly,2008,sec,33,32+,CHI,7,98,16,0
BrockMarion33MIA2003,Brock Marion,2003,sec,33,32+,MIA,8,106,16,16
RasheanMathis33DET2013,Rashean Mathis,2013,sec,33,32+,DET,3,182,15,13
DexterMcCleon33HOU2006,Dexter McCleon,2006,sec,33,32+,HOU,3,184,16,5
MikeMcKenzie33NOR2009,Mike McKenzie,2009,sec,33,32+,NOR,4,235,5,2
RyanMcNeil33DEN2003,Ryan McNeil,2003,sec,33,32+,DEN,3,176,4,0
RayMickens33NWE2006,Ray Mickens,2006,sec,33,32+,NWE,4,208,4,0
QuintinMikell33CAR2013,Quintin Mikell,2013,sec,33,32+,CAR,Undrafted,Undrafted,14,12
LawyerMilloy33ATL2006,Lawyer Milloy,2006,sec,33,32+,ATL,3,179,16,16
DonMuhlbach33DET2014,Don Muhlbach,2014,sec,33,32+,DET,Undrafted,Undrafted,16,0
ReggieNelson33OAK2016,Reggie Nelson,2016,sec,33,32+,OAK,1,120,16,16
TerenceNewman33DAL2011,Terence Newman,2011,sec,33,32+,DAL,1,194,14,14
ChrisOldham33NOR2001,Chris Oldham,2001,sec,33,32+,NOR,5,8,16,1
MattOverton33JAX2018,Matt Overton,2018,sec,33,32+,JAX,Undrafted,Undrafted,3,0
LoniePaxton33DEN2011,Lonie Paxton,2011,sec,33,32+,DEN,Undrafted,Undrafted,16,0
TroyPolamalu33PIT2014,Troy Polamalu,2014,sec,33,32+,PIT,1,66,12,12
TyronePoole33NWE2005,Tyrone Poole,2005,sec,33,32+,NWE,1,131,1,1
PiersonPrioleau33NOR2010,Pierson Prioleau,2010,sec,33,32+,NOR,5,14,15,1
EdReed33BAL2011,Ed Reed,2011,sec,33,32+,BAL,1,149,16,16
MarcusRobertson33SEA2002,Marcus Robertson,2002,sec,33,32+,SEA,5,5,15,15
CarlosRogers33OAK2014,Carlos Rogers,2014,sec,33,32+,OAK,1,238,7,7
AntrelRolle33CHI2015,Antrel Rolle,2015,sec,33,32+,CHI,1,227,7,7
AllenRossum33SFO2008,Allen Rossum,2008,sec,33,32+,SFO,4,233,13,1
GarrisonSanborn33TAM2018,Garrison Sanborn,2018,sec,33,32+,TAM,Undrafted,Undrafted,7,0
DeionSanders*33WAS2000,Deion Sanders*,2000,sec,33,32+,WAS,1,194,16,15
KurtSchulz33DET2001,Kurt Schulz,2001,sec,33,32+,DET,8,105,11,10
DarrenSharper33MIN2008,Darren Sharper,2008,sec,33,32+,MIN,3,206,16,16
JimmySpencer33DEN2002,Jimmy Spencer,2002,sec,33,32+,DEN,9,126,5,0
ShawnSprings33WAS2008,Shawn Springs,2008,sec,33,32+,WAS,1,170,9,7
BradSt. Louis33CIN2009,Brad St. Louis,2009,sec,33,32+,CIN,8,121,5,0
OmarStoutmire33WAS2007,Omar Stoutmire,2007,sec,33,32+,WAS,8,136,3,0
RobertTate33ARI2006,Robert Tate,2006,sec,33,32+,ARI,7,92,9,0
IkeTaylor33PIT2013,Ike Taylor,2013,sec,33,32+,PIT,5,30,16,16
DaveThomas33NYG2001,Dave Thomas,2001,sec,33,32+,NYG,9,113,16,2
FredThomas33NOR2006,Fred Thomas,2006,sec,33,32+,NOR,3,191,13,13
CharlesTillman33CHI2014,Charles Tillman,2014,sec,33,32+,CHI,3,178,2,2
DesheaTownsend33PIT2008,Deshea Townsend,2008,sec,33,32+,PIT,5,21,12,4
JamesTrapp33BAL2002,James Trapp,2002,sec,33,32+,BAL,4,219,14,1
TroyVincent33BUF2004,Troy Vincent,2004,sec,33,32+,BUF,1,216,7,7
BracyWalker33DET2003,Bracy Walker,2003,sec,33,32+,DET,5,32,16,1
GregWarren33PIT2014,Greg Warren,2014,sec,33,32+,PIT,Undrafted,Undrafted,16,0
DewayneWashington33KAN2005,Dewayne Washington,2005,sec,33,32+,KAN,1,88,16,1
SteveWeatherford33NYJ2015,Steve Weatherford,2015,sec,33,32+,NYJ,Undrafted,Undrafted,1,0
EricWeddle33BAL2018,Eric Weddle,2018,sec,33,32+,BAL,3,180,8,8
AeneasWilliams*33STL2001,Aeneas Williams*,2001,sec,33,32+,STL,4,204,16,16
TramonWilliams33CLE2016,Tramon Williams,2016,sec,33,32+,CLE,Undrafted,Undrafted,12,7
WillieWilliams33SEA2003,Willie Williams,2003,sec,33,32+,SEA,7,69,15,0
AdrianWilson33ARI2012,Adrian Wilson,2012,sec,33,32+,ARI,4,210,15,14
GeorgeWilson33TEN2014,George Wilson,2014,sec,33,32+,TEN,Undrafted,Undrafted,16,10
AntoineWinfield33MIN2010,Antoine Winfield,2010,sec,33,32+,MIN,1,141,16,16
CharlesWoodson33GNB2009,Charles Woodson,2009,sec,33,32+,GNB,1,183,16,16
DarrenWoodson33DAL2002,Darren Woodson,2002,sec,33,32+,DAL,3,180,10,10
JoeZelenka33ATL2009,Joe Zelenka,2009,sec,33,32+,ATL,Undrafted,Undrafted,5,0
MikeAdams34IND2015,Mike Adams,2015,sec,34,32+,IND,Undrafted,Undrafted,13,13
EthanAlbright34WAS2005,Ethan Albright,2005,sec,34,32+,WAS,Undrafted,Undrafted,16,0
BrentAlexander34NYG2005,Brent Alexander,2005,sec,34,32+,NYG,Undrafted,Undrafted,16,16
AshleyAmbrose34NOR2004,Ashley Ambrose,2004,sec,34,32+,NOR,3,169,9,6
ChampBailey34DEN2012,Champ Bailey,2012,sec,34,32+,DEN,1,216,16,15
RondeBarber34TAM2009,Ronde Barber,2009,sec,34,32+,TAM,4,212,16,16
YeremiahBell34NYJ2012,Yeremiah Bell,2012,sec,34,32+,NYJ,7,124,16,16
JayBellamy34NOR2006,Jay Bellamy,2006,sec,34,32+,NOR,Undrafted,Undrafted,11,3
AntoineBethea34ARI2018,Antoine Bethea,2018,sec,34,32+,ARI,7,117,8,8
DavidBinn34SDG2006,David Binn,2006,sec,34,32+,SDG,Undrafted,Undrafted,16,0
TerrellBuckley34NYG2005,Terrell Buckley,2005,sec,34,32+,NYG,1,194,4,0
JeremyCain34CHI2014,Jeremy Cain,2014,sec,34,32+,CHI,Undrafted,Undrafted,16,0
DaleCarter34NOR2003,Dale Carter,2003,sec,34,32+,NOR,1,109,8,8
TyroneCarter34SDG2010,Tyrone Carter,2010,sec,34,32+,SDG,5,22,7,0
RyanClark34PIT2013,Ryan Clark,2013,sec,34,32+,PIT,Undrafted,Undrafted,16,16
JonCondo34OAK2015,Jon Condo,2015,sec,34,32+,OAK,Undrafted,Undrafted,13,0
RayCrockett34KAN2001,Ray Crockett,2001,sec,34,32+,KAN,5,234,14,12
EricDavis34DET2002,Eric Davis,2002,sec,34,32+,DET,3,198,13,7
RobDavis34GNB2002,Rob Davis,2002,sec,34,32+,GNB,Undrafted,Undrafted,16,0
BrianDawkins*34PHI2007,Brian Dawkins*,2007,sec,34,32+,PHI,3,207,10,10
JohnDenney34MIA2012,John Denney,2012,sec,34,32+,MIA,Undrafted,Undrafted,16,0
ZakDeOssie34NYG2018,Zak DeOssie,2018,sec,34,32+,NYG,5,20,8,0
JonDorenbos34PHI2014,Jon Dorenbos,2014,sec,34,32+,PHI,Undrafted,Undrafted,16,0
NickFerguson34HOU2008,Nick Ferguson,2008,sec,34,32+,HOU,Undrafted,Undrafted,14,9
AaronGlenn34DAL2006,Aaron Glenn,2006,sec,34,32+,DAL,1,24,16,1
VictorGreen34NOR2003,Victor Green,2003,sec,34,32+,NOR,Undrafted,Undrafted,13,1
RobertGriffith34CLE2004,Robert Griffith,2004,sec,34,32+,CLE,Undrafted,Undrafted,16,16
BrentGrimes34TAM2017,Brent Grimes,2017,sec,34,32+,TAM,Undrafted,Undrafted,13,13
DeAngeloHall34WAS2017,DeAngelo Hall,2017,sec,34,32+,WAS,1,227,5,21001
NickHarper34TEN2008,Nick Harper,2008,sec,34,32+,TEN,Undrafted,Undrafted,13,13
RomanHarper34NOR2016,Roman Harper,2016,sec,34,32+,NOR,3,187,16,4
AlHarris34GNB2008,Al Harris,2008,sec,34,32+,GNB,7,76,12,12
ClarkHarris34CIN2018,Clark Harris,2018,sec,34,32+,CIN,8,152,8,0
CoreyHarris34DET2003,Corey Harris,2003,sec,34,32+,DET,4,224,13,13
WaltHarris34SFO2008,Walt Harris,2008,sec,34,32+,SFO,1,35,16,16
RodneyHarrison34NWE2006,Rodney Harrison,2006,sec,34,32+,NWE,6,51,10,10
TimHauck34PHI2000,Tim Hauck,2000,sec,34,32+,PHI,Undrafted,Undrafted,16,3
GregJackson34SDG2000,Greg Jackson,2000,sec,34,32+,SDG,4,225,2,1
QuentinJammer34DEN2013,Quentin Jammer,2013,sec,34,32+,DEN,1,194,11,1
AdamJones34CIN2017,Adam Jones,2017,sec,34,32+,CIN,1,205,9,9
HenryJones34MIN2001,Henry Jones,2001,sec,34,32+,MIN,1,166,5,5
JohnathanJoseph34HOU2018,Johnathan Joseph,2018,sec,34,32+,HOU,1,149,8,8
RyanKuehl34NYG2006,Ryan Kuehl,2006,sec,34,32+,NYG,Undrafted,Undrafted,16,0
L.P.Ladouceur34DAL2015,L.P. Ladouceur,2015,sec,34,32+,DAL,Undrafted,Undrafted,16,0
CarnellLake34BAL2001,Carnell Lake,2001,sec,34,32+,BAL,3,177,15,1
KwamieLassiter34SDG2003,Kwamie Lassiter,2003,sec,34,32+,SDG,Undrafted,Undrafted,10,10
TyLaw34NYJ2008,Ty Law,2008,sec,34,32+,NYJ,1,141,7,6
MikeLeach34ARI2010,Mike Leach,2010,sec,34,32+,ARI,Undrafted,Undrafted,16,0
JohnLynch34DEN2005,John Lynch,2005,sec,34,32+,DEN,4,230,16,16
SamMadison34NYG2008,Sam Madison,2008,sec,34,32+,NYG,3,188,7,0
PatrickMannelly34CHI2009,Patrick Mannelly,2009,sec,34,32+,CHI,7,98,16,0
BrockMarion34DET2004,Brock Marion,2004,sec,34,32+,DET,8,106,16,16
RasheanMathis34DET2014,Rashean Mathis,2014,sec,34,32+,DET,3,182,16,16
RobertMathis34IND2015,Robert Mathis,2015,sec,34,32+,IND,6,43,15,10
LawyerMilloy34ATL2007,Lawyer Milloy,2007,sec,34,32+,ATL,3,179,16,16
DonMuhlbach34DET2015,Don Muhlbach,2015,sec,34,32+,DET,Undrafted,Undrafted,16,0
ReggieNelson34OAK2017,Reggie Nelson,2017,sec,34,32+,OAK,1,120,16,16
TerenceNewman34CIN2012,Terence Newman,2012,sec,34,32+,CIN,1,194,15,15
TyronePoole34OAK2006,Tyrone Poole,2006,sec,34,32+,OAK,1,131,12,2
EdReed34BAL2012,Ed Reed,2012,sec,34,32+,BAL,1,149,16,16
AllenRossum342TM2009,Allen Rossum,2009,sec,34,32+,2TM,4,233,4,0
DarrenSharper34NOR2009,Darren Sharper,2009,sec,34,32+,NOR,3,206,14,14
JimmySpencer34DEN2003,Jimmy Spencer,2003,sec,34,32+,DEN,9,126,16,2
ShawnSprings34NWE2009,Shawn Springs,2009,sec,34,32+,NWE,1,170,12,8
IkeTaylor34PIT2014,Ike Taylor,2014,sec,34,32+,PIT,5,30,5,5
FredThomas34NOR2007,Fred Thomas,2007,sec,34,32+,NOR,3,191,7,0
CharlesTillman34CAR2015,Charles Tillman,2015,sec,34,32+,CAR,3,178,12,12
DesheaTownsend34PIT2009,Deshea Townsend,2009,sec,34,32+,PIT,5,21,16,2
JamesTrapp34JAX2003,James Trapp,2003,sec,34,32+,JAX,4,219,5,0
TroyVincent34BUF2005,Troy Vincent,2005,sec,34,32+,BUF,1,216,16,16
BracyWalker34DET2004,Bracy Walker,2004,sec,34,32+,DET,5,32,16,16
GregWarren34PIT2015,Greg Warren,2015,sec,34,32+,PIT,Undrafted,Undrafted,15,0
AeneasWilliams*34STL2002,Aeneas Williams*,2002,sec,34,32+,STL,4,204,6,6
TramonWilliams34ARI2017,Tramon Williams,2017,sec,34,32+,ARI,Undrafted,Undrafted,13,9
WillieWilliams34PIT2004,Willie Williams,2004,sec,34,32+,PIT,7,69,16,10
AntoineWinfield34MIN2011,Antoine Winfield,2011,sec,34,32+,MIN,1,141,5,5
CharlesWoodson34GNB2010,Charles Woodson,2010,sec,34,32+,GNB,1,183,16,16
DarrenWoodson34DAL2003,Darren Woodson,2003,sec,34,32+,DAL,3,180,16,16
JoeZelenka34ATL2010,Joe Zelenka,2010,sec,34,32+,ATL,Undrafted,Undrafted,16,0
MikeAdams35IND2016,Mike Adams,2016,sec,35,32+,IND,Undrafted,Undrafted,15,15
EthanAlbright35WAS2006,Ethan Albright,2006,sec,35,32+,WAS,Undrafted,Undrafted,16,0
EricAllen35OAK2000,Eric Allen,2000,sec,35,32+,OAK,3,171,16,15
ChampBailey35DEN2013,Champ Bailey,2013,sec,35,32+,DEN,1,216,5,3
RondeBarber35TAM2010,Ronde Barber,2010,sec,35,32+,TAM,4,212,16,16
YeremiahBell35ARI2013,Yeremiah Bell,2013,sec,35,32+,ARI,7,124,16,16
JayBellamy35NOR2007,Jay Bellamy,2007,sec,35,32+,NOR,Undrafted,Undrafted,3,0
DavidBinn35SDG2007,David Binn,2007,sec,35,32+,SDG,Undrafted,Undrafted,16,0
RyanClark35WAS2014,Ryan Clark,2014,sec,35,32+,WAS,Undrafted,Undrafted,16,15
JonCondo35OAK2016,Jon Condo,2016,sec,35,32+,OAK,Undrafted,Undrafted,16,0
RayCrockett35KAN2002,Ray Crockett,2002,sec,35,32+,KAN,5,234,15,5
RobDavis35GNB2003,Rob Davis,2003,sec,35,32+,GNB,Undrafted,Undrafted,16,0
BrianDawkins*35PHI2008,Brian Dawkins*,2008,sec,35,32+,PHI,3,207,16,16
JohnDenney35MIA2013,John Denney,2013,sec,35,32+,MIA,Undrafted,Undrafted,16,0
CrisDishman35MIN2000,Cris Dishman,2000,sec,35,32+,MIN,6,30,11,9
JonDorenbos35PHI2015,Jon Dorenbos,2015,sec,35,32+,PHI,Undrafted,Undrafted,16,0
NickFerguson35HOU2009,Nick Ferguson,2009,sec,35,32+,HOU,Undrafted,Undrafted,10,1
AaronGlenn35JAX2007,Aaron Glenn,2007,sec,35,32+,JAX,1,24,5,4
RobertGriffith35ARI2005,Robert Griffith,2005,sec,35,32+,ARI,Undrafted,Undrafted,16,16
BrentGrimes35TAM2018,Brent Grimes,2018,sec,35,32+,TAM,Undrafted,Undrafted,5,5
NickHarper35TEN2009,Nick Harper,2009,sec,35,32+,TEN,Undrafted,Undrafted,11,11
AlHarris35GNB2009,Al Harris,2009,sec,35,32+,GNB,7,76,10,10
RodneyHarrison35NWE2007,Rodney Harrison,2007,sec,35,32+,NWE,6,51,12,11
JamesHasty35KAN2000,James Hasty,2000,sec,35,32+,KAN,4,221,16,16
TimHauck35PHI2001,Tim Hauck,2001,sec,35,32+,PHI,Undrafted,Undrafted,16,0
AdamJones35DEN2018,Adam Jones,2018,sec,35,32+,DEN,1,205,5,2
HenryJones35ATL2002,Henry Jones,2002,sec,35,32+,ATL,1,166,9,0
L.P.Ladouceur35DAL2016,L.P. Ladouceur,2016,sec,35,32+,DAL,Undrafted,Undrafted,16,0
KwamieLassiter35STL2004,Kwamie Lassiter,2004,sec,35,32+,STL,Undrafted,Undrafted,4,0
TyLaw35DEN2009,Ty Law,2009,sec,35,32+,DEN,1,141,7,2
MikeLeach35ARI2011,Mike Leach,2011,sec,35,32+,ARI,Undrafted,Undrafted,16,0
JohnLynch35DEN2006,John Lynch,2006,sec,35,32+,DEN,4,230,16,16
PatrickMannelly35CHI2010,Patrick Mannelly,2010,sec,35,32+,CHI,7,98,16,0
RasheanMathis35DET2015,Rashean Mathis,2015,sec,35,32+,DET,3,182,7,7
LawyerMilloy35ATL2008,Lawyer Milloy,2008,sec,35,32+,ATL,3,179,15,15
DonMuhlbach35DET2016,Don Muhlbach,2016,sec,35,32+,DET,Undrafted,Undrafted,16,0
ReggieNelson35OAK2018,Reggie Nelson,2018,sec,35,32+,OAK,1,120,7,7
TerenceNewman35CIN2013,Terence Newman,2013,sec,35,32+,CIN,1,194,13,13
EdReed352TM2013,Ed Reed,2013,sec,35,32+,2TM,1,149,14,10
DarrenSharper35NOR2010,Darren Sharper,2010,sec,35,32+,NOR,3,206,8,1
OtisSmith35NWE2000,Otis Smith,2000,sec,35,32+,NWE,Undrafted,Undrafted,16,14
DesheaTownsend35IND2010,Deshea Townsend,2010,sec,35,32+,IND,5,21,8,0
TroyVincent352TM2006,Troy Vincent,2006,sec,35,32+,2TM,1,216,9,4
BracyWalker35DET2005,Bracy Walker,2005,sec,35,32+,DET,5,32,16,4
GregWarren35PIT2016,Greg Warren,2016,sec,35,32+,PIT,Undrafted,Undrafted,16,0
AeneasWilliams*35STL2003,Aeneas Williams*,2003,sec,35,32+,STL,4,204,16,16
TramonWilliams35GNB2018,Tramon Williams,2018,sec,35,32+,GNB,Undrafted,Undrafted,7,7
WillieWilliams35PIT2005,Willie Williams,2005,sec,35,32+,PIT,7,69,4,1
AntoineWinfield35MIN2012,Antoine Winfield,2012,sec,35,32+,MIN,1,141,16,15
CharlesWoodson35GNB2011,Charles Woodson,2011,sec,35,32+,GNB,1,183,15,15
RodWoodson*35BAL2000,Rod Woodson*,2000,sec,35,32+,BAL,1,2,16,16
JoeZelenka35ATL2011,Joe Zelenka,2011,sec,35,32+,ATL,Undrafted,Undrafted,16,0
MikeAdams36CAR2017,Mike Adams,2017,sec,36,32+,CAR,Undrafted,Undrafted,16,16
EthanAlbright36WAS2007,Ethan Albright,2007,sec,36,32+,WAS,Undrafted,Undrafted,16,0
EricAllen36OAK2001,Eric Allen,2001,sec,36,32+,OAK,3,171,16,15
RondeBarber36TAM2011,Ronde Barber,2011,sec,36,32+,TAM,4,212,16,16
DavidBinn36SDG2008,David Binn,2008,sec,36,32+,SDG,Undrafted,Undrafted,16,0
DaleCarter36BAL2005,Dale Carter,2005,sec,36,32+,BAL,1,109,15,2
JonCondo36OAK2017,Jon Condo,2017,sec,36,32+,OAK,Undrafted,Undrafted,16,0
RobDavis36GNB2004,Rob Davis,2004,sec,36,32+,GNB,Undrafted,Undrafted,16,0
BrianDawkins*36DEN2009,Brian Dawkins*,2009,sec,36,32+,DEN,3,207,16,16
JohnDenney36MIA2014,John Denney,2014,sec,36,32+,MIA,Undrafted,Undrafted,16,0
JonDorenbos36PHI2016,Jon Dorenbos,2016,sec,36,32+,PHI,Undrafted,Undrafted,13,0
AaronGlenn36NOR2008,Aaron Glenn,2008,sec,36,32+,NOR,1,24,4,1
RobertGriffith36ARI2006,Robert Griffith,2006,sec,36,32+,ARI,Undrafted,Undrafted,16,16
AlHarris36MIA2010,Al Harris,2010,sec,36,32+,MIA,7,76,3,0
RodneyHarrison36NWE2008,Rodney Harrison,2008,sec,36,32+,NWE,6,51,6,6
JamesHasty36OAK2001,James Hasty,2001,sec,36,32+,OAK,4,221,1,0
TimHauck36SFO2002,Tim Hauck,2002,sec,36,32+,SFO,Undrafted,Undrafted,3,0
L.P.Ladouceur36DAL2017,L.P. Ladouceur,2017,sec,36,32+,DAL,Undrafted,Undrafted,16,0
MikeLeach36ARI2012,Mike Leach,2012,sec,36,32+,ARI,Undrafted,Undrafted,16,0
JohnLynch36DEN2007,John Lynch,2007,sec,36,32+,DEN,4,230,13,12
PatrickMannelly36CHI2011,Patrick Mannelly,2011,sec,36,32+,CHI,7,98,10,0
LawyerMilloy36SEA2009,Lawyer Milloy,2009,sec,36,32+,SEA,3,179,16,1
DonMuhlbach36DET2017,Don Muhlbach,2017,sec,36,32+,DET,Undrafted,Undrafted,16,0
TerenceNewman36CIN2014,Terence Newman,2014,sec,36,32+,CIN,1,194,13,13
TyronePoole36TEN2008,Tyrone Poole,2008,sec,36,32+,TEN,1,131,2,0
OtisSmith36NWE2001,Otis Smith,2001,sec,36,32+,NWE,Undrafted,Undrafted,15,15
AeneasWilliams*36STL2004,Aeneas Williams*,2004,sec,36,32+,STL,4,204,13,10
CharlesWoodson36GNB2012,Charles Woodson,2012,sec,36,32+,GNB,1,183,7,7
RodWoodson*36BAL2001,Rod Woodson*,2001,sec,36,32+,BAL,1,2,16,16
MikeAdams37CAR2018,Mike Adams,2018,sec,37,32+,CAR,Undrafted,Undrafted,7,7
EthanAlbright37WAS2008,Ethan Albright,2008,sec,37,32+,WAS,Undrafted,Undrafted,16,0
RondeBarber37TAM2012,Ronde Barber,2012,sec,37,32+,TAM,4,212,16,16
DavidBinn37SDG2009,David Binn,2009,sec,37,32+,SDG,Undrafted,Undrafted,16,0
RobDavis37GNB2005,Rob Davis,2005,sec,37,32+,GNB,Undrafted,Undrafted,16,0
BrianDawkins*37DEN2010,Brian Dawkins*,2010,sec,37,32+,DEN,3,207,11,11
JohnDenney37MIA2015,John Denney,2015,sec,37,32+,MIA,Undrafted,Undrafted,16,0
AlHarris37STL2011,Al Harris,2011,sec,37,32+,STL,7,76,9,5
JasonKyle37NOR2009,Jason Kyle,2009,sec,37,32+,NOR,5,31,16,0
L.P.Ladouceur37DAL2018,L.P. Ladouceur,2018,sec,37,32+,DAL,Undrafted,Undrafted,7,0
MikeLeach37ARI2013,Mike Leach,2013,sec,37,32+,ARI,Undrafted,Undrafted,16,0
PatrickMannelly37CHI2012,Patrick Mannelly,2012,sec,37,32+,CHI,7,98,16,0
LawyerMilloy37SEA2010,Lawyer Milloy,2010,sec,37,32+,SEA,3,179,16,16
DonMuhlbach37DET2018,Don Muhlbach,2018,sec,37,32+,DET,Undrafted,Undrafted,7,0
TerenceNewman37MIN2015,Terence Newman,2015,sec,37,32+,MIN,1,194,16,16
EugeneRobinson37CAR2000,Eugene Robinson,2000,sec,37,32+,CAR,Undrafted,Undrafted,16,16
JeffRobinson37SEA2007,Jeff Robinson,2007,sec,37,32+,SEA,5,247,3,0
DeionSanders*37BAL2004,Deion Sanders*,2004,sec,37,32+,BAL,1,194,9,2
OtisSmith37NWE2002,Otis Smith,2002,sec,37,32+,NWE,Undrafted,Undrafted,14,13
CharlesWoodson37OAK2013,Charles Woodson,2013,sec,37,32+,OAK,1,183,16,16
RodWoodson*37OAK2002,Rod Woodson*,2002,sec,37,32+,OAK,1,2,16,16
EthanAlbright38WAS2009,Ethan Albright,2009,sec,38,32+,WAS,Undrafted,Undrafted,16,0
DavidBinn38SDG2010,David Binn,2010,sec,38,32+,SDG,Undrafted,Undrafted,1,0
RobDavis38GNB2006,Rob Davis,2006,sec,38,32+,GNB,Undrafted,Undrafted,16,0
BrianDawkins*38DEN2011,Brian Dawkins*,2011,sec,38,32+,DEN,3,207,14,12
JohnDenney38MIA2016,John Denney,2016,sec,38,32+,MIA,Undrafted,Undrafted,16,0
BrianKinchen38NWE2003,Brian Kinchen,2003,sec,38,32+,NWE,2,175,2,0
JasonKyle38NOR2010,Jason Kyle,2010,sec,38,32+,NOR,5,31,9,0
MikeLeach38ARI2014,Mike Leach,2014,sec,38,32+,ARI,Undrafted,Undrafted,16,0
PatrickMannelly38CHI2013,Patrick Mannelly,2013,sec,38,32+,CHI,7,98,14,0
TerenceNewman38MIN2016,Terence Newman,2016,sec,38,32+,MIN,1,194,15,10
JeffRobinson38SEA2008,Jeff Robinson,2008,sec,38,32+,SEA,5,247,16,0
DeionSanders*38BAL2005,Deion Sanders*,2005,sec,38,32+,BAL,1,194,16,4
OtisSmith38DET2003,Otis Smith,2003,sec,38,32+,DET,Undrafted,Undrafted,16,13
CharlesWoodson38OAK2014,Charles Woodson,2014,sec,38,32+,OAK,1,183,16,16
RodWoodson*38OAK2003,Rod Woodson*,2003,sec,38,32+,OAK,1,2,10,10
EthanAlbright39SDG2010,Ethan Albright,2010,sec,39,32+,SDG,Undrafted,Undrafted,2,0
RobDavis39GNB2007,Rob Davis,2007,sec,39,32+,GNB,Undrafted,Undrafted,16,0
JohnDenney39MIA2017,John Denney,2017,sec,39,32+,MIA,Undrafted,Undrafted,16,0
DaleHellestrae39BAL2001,Dale Hellestrae,2001,sec,39,32+,BAL,5,16,1,0
TreyJunkin39ARI2000,Trey Junkin,2000,sec,39,32+,ARI,5,242,16,0
MikeLeach39ARI2015,Mike Leach,2015,sec,39,32+,ARI,Undrafted,Undrafted,16,0
TerenceNewman39MIN2017,Terence Newman,2017,sec,39,32+,MIN,1,194,16,7
JeffRobinson39SEA2009,Jeff Robinson,2009,sec,39,32+,SEA,5,247,2,0
CharlesWoodson39OAK2015,Charles Woodson,2015,sec,39,32+,OAK,1,183,16,16
JohnDenney40MIA2018,John Denney,2018,sec,40,32+,MIA,Undrafted,Undrafted,8,0
DarrellGreen*40WAS2000,Darrell Green*,2000,sec,40,32+,WAS,1,168,13,2
TreyJunkin40ARI2001,Trey Junkin,2001,sec,40,32+,ARI,5,242,16,0
DarrellGreen*41WAS2001,Darrell Green*,2001,sec,41,32+,WAS,1,168,16,4
RayBrown42WAS2004,Ray Brown,2004,sec,42,32+,WAS,9,111,16,14
DarrellGreen*42WAS2002,Darrell Green*,2002,sec,42,32+,WAS,1,168,16,4
LarryJohnson27KAN2006,Larry Johnson,2006,rb,27,25-28,KAN,1,106,16,16
EddieGeorge27TEN2000,Eddie George,2000,rb,27,25-28,TEN,1,38,16,16
DeMarcoMurray26DAL2014,DeMarco Murray,2014,rb,26,25-28,DAL,3,146,16,16
RickyWilliams26MIA2003,Ricky Williams,2003,rb,26,25-28,MIA,1,127,16,16
EdgerrinJames22IND2000,Edgerrin James,2000,rb,22,< 24,IND,1,118,16,16
JamalLewis24BAL2003,Jamal Lewis,2003,rb,24,< 24,BAL,1,127,16,16
RickyWilliams25MIA2002,Ricky Williams,2002,rb,25,25-28,MIA,1,127,16,16
MichaelTurner26ATL2008,Michael Turner,2008,rb,26,25-28,ATL,5,49,16,16
LaDainianTomlinson*23SDG2002,LaDainian Tomlinson*,2002,rb,23,< 24,SDG,1,127,16,16
CurtisMartin*31NYJ2004,Curtis Martin*,2004,rb,31,29-32,NYJ,3,148,16,16
ShaunAlexander28SEA2005,Shaun Alexander,2005,rb,28,25-28,SEA,1,71,16,16
AdrianPeterson23MIN2008,Adrian Peterson,2008,rb,23,< 24,MIN,1,145,16,15
RudiJohnson25CIN2004,Rudi Johnson,2004,rb,25,25-28,CIN,4,3,16,16
EdgerrinJames27IND2005,Edgerrin James,2005,rb,27,25-28,IND,1,118,15,15
ChrisJohnson24TEN2009,Chris Johnson,2009,rb,24,< 24,TEN,1,96,16,16
TikiBarber30NYG2005,Tiki Barber,2005,rb,30,29-32,NYG,2,114,16,16
StephenDavis27WAS2001,Stephen Davis,2001,rb,27,25-28,WAS,4,5,16,16
JeromeBettis*28PIT2000,Jerome Bettis*,2000,rb,28,25-28,PIT,1,2,16,16
AhmanGreen26GNB2003,Ahman Green,2003,rb,26,25-28,GNB,3,150,16,16
ShaunAlexander27SEA2004,Shaun Alexander,2004,rb,27,25-28,SEA,1,71,16,16
ClintonPortis24WAS2005,Clinton Portis,2005,rb,24,< 24,WAS,2,128,16,16
ArianFoster26HOU2012,Arian Foster,2012,rb,26,25-28,HOU,Undrafted,Undrafted,16,16
DeuceMcAllister25NOR2003,Deuce McAllister,2003,rb,25,25-28,NOR,1,90,16,16
AdrianPeterson27MIN2012,Adrian Peterson,2012,rb,27,25-28,MIN,1,145,16,16
LaDainianTomlinson*27SDG2006,LaDainian Tomlinson*,2006,rb,27,25-28,SDG,1,127,16,16
StevenJackson23STL2006,Steven Jackson,2006,rb,23,< 24,STL,1,96,16,16
CoreyDillon30NWE2004,Corey Dillon,2004,rb,30,29-32,NWE,2,121,15,14
FredTaylor27JAX2003,Fred Taylor,2003,rb,27,25-28,JAX,1,162,16,16
EddieGeorge29TEN2002,Eddie George,2002,rb,29,29-32,TEN,1,38,16,16
MauriceJones-Drew26JAX2011,Maurice Jones-Drew,2011,rb,26,25-28,JAX,2,137,16,16
ClintonPortis23WAS2004,Clinton Portis,2004,rb,23,< 24,WAS,2,128,15,15
ClintonPortis27WAS2008,Clinton Portis,2008,rb,27,25-28,WAS,2,128,16,16
RudiJohnson27CIN2006,Rudi Johnson,2006,rb,27,25-28,CIN,4,3,16,15
CoreyDillon27CIN2001,Corey Dillon,2001,rb,27,25-28,CIN,2,121,16,16
JamesStewart29DET2000,James Stewart,2000,rb,29,29-32,DET,1,71,16,16
LaDainianTomlinson*25SDG2004,LaDainian Tomlinson*,2004,rb,25,25-28,SDG,1,127,15,15
LaDainianTomlinson*26SDG2005,LaDainian Tomlinson*,2005,rb,26,25-28,SDG,1,127,16,16
LaDainianTomlinson*22SDG2001,LaDainian Tomlinson*,2001,rb,22,< 24,SDG,1,127,16,16
EdgerrinJames28ARI2006,Edgerrin James,2006,rb,28,25-28,ARI,1,118,16,16
RudiJohnson26CIN2005,Rudi Johnson,2005,rb,26,25-28,CIN,4,3,16,14
WillieParker26PIT2006,Willie Parker,2006,rb,26,25-28,PIT,Undrafted,Undrafted,16,16
LarryJohnson26KAN2005,Larry Johnson,2005,rb,26,25-28,KAN,1,106,16,9
AlfredMorris24WAS2012,Alfred Morris,2012,rb,24,< 24,WAS,6,59,16,16
EdgerrinJames26IND2004,Edgerrin James,2004,rb,26,25-28,IND,1,118,16,16
MichaelTurner28ATL2010,Michael Turner,2010,rb,28,25-28,ATL,5,49,16,15
CurtisMartin*28NYJ2001,Curtis Martin*,2001,rb,28,25-28,NYJ,3,148,16,16
StephenDavis26WAS2000,Stephen Davis,2000,rb,26,25-28,WAS,4,5,15,15
TravisHenry25BUF2003,Travis Henry,2003,rb,25,25-28,BUF,2,135,15,15
ThomasJones31NYJ2009,Thomas Jones,2009,rb,31,29-32,NYJ,1,145,16,16
StevenJackson27STL2010,Steven Jackson,2010,rb,27,25-28,STL,1,96,16,16
TikiBarber31NYG2006,Tiki Barber,2006,rb,31,29-32,NYG,2,114,16,16
ArianFoster24HOU2010,Arian Foster,2010,rb,24,< 24,HOU,Undrafted,Undrafted,16,13
PriestHolmes28KAN2001,Priest Holmes,2001,rb,28,25-28,KAN,Undrafted,Undrafted,16,16
AdrianPeterson30MIN2015,Adrian Peterson,2015,rb,30,29-32,MIN,1,145,16,16
ShaunAlexander26SEA2003,Shaun Alexander,2003,rb,26,25-28,SEA,1,71,16,15
TravisHenry24BUF2002,Travis Henry,2002,rb,24,< 24,BUF,2,135,16,16
DeuceMcAllister24NOR2002,Deuce McAllister,2002,rb,24,< 24,NOR,1,90,15,15
WillisMcGahee24BUF2005,Willis McGahee,2005,rb,24,< 24,BUF,1,90,16,15
ClintonPortis26WAS2007,Clinton Portis,2007,rb,26,25-28,WAS,2,128,16,16
StevenJackson26STL2009,Steven Jackson,2009,rb,26,25-28,STL,1,96,15,15
EdgerrinJames29ARI2007,Edgerrin James,2007,rb,29,29-32,ARI,1,118,16,16
RashardMendenhall23PIT2010,Rashard Mendenhall,2010,rb,23,< 24,PIT,1,90,16,16
CurtisMartin*30NYJ2003,Curtis Martin*,2003,rb,30,29-32,NYJ,3,148,16,16
TikiBarber29NYG2004,Tiki Barber,2004,rb,29,29-32,NYG,2,114,16,14
EzekielElliott21DAL2016,Ezekiel Elliott,2016,rb,21,< 24,DAL,1,118,15,15
Le'VeonBell25PIT2017,Le'Veon Bell,2017,rb,25,25-28,PIT,2,125,15,15
CedricBenson28CIN2010,Cedric Benson,2010,rb,28,25-28,CIN,1,118,16,16
WillieParker27PIT2007,Willie Parker,2007,rb,27,25-28,PIT,Undrafted,Undrafted,15,15
PriestHolmes30KAN2003,Priest Holmes,2003,rb,30,29-32,KAN,Undrafted,Undrafted,16,16
DougMartin23TAM2012,Doug Martin,2012,rb,23,< 24,TAM,1,110,16,16
StephenDavis29CAR2003,Stephen Davis,2003,rb,29,29-32,CAR,4,5,14,14
MattForte23CHI2008,Matt Forte,2008,rb,23,< 24,CHI,2,122,16,16
ChrisJohnson25TEN2010,Chris Johnson,2010,rb,25,25-28,TEN,1,96,16,16
CurtisMartin*27NYJ2000,Curtis Martin*,2000,rb,27,25-28,NYJ,3,148,16,16
CoreyDillon26CIN2000,Corey Dillon,2000,rb,26,25-28,CIN,2,121,16,16
EddieGeorge28TEN2001,Eddie George,2001,rb,28,25-28,TEN,1,38,16,16
MarshawnLynch26SEA2012,Marshawn Lynch,2012,rb,26,25-28,SEA,1,22,16,15
LaDainianTomlinson*28SDG2007,LaDainian Tomlinson*,2007,rb,28,25-28,SDG,1,127,16,16
CoreyDillon28CIN2002,Corey Dillon,2002,rb,28,25-28,CIN,2,121,16,16
ThomasJones27CHI2005,Thomas Jones,2005,rb,27,25-28,CHI,1,145,15,15
JamalLewis27BAL2006,Jamal Lewis,2006,rb,27,25-28,BAL,1,127,16,16
LeSeanMcCoy25PHI2013,LeSean McCoy,2013,rb,25,25-28,PHI,2,130,16,16
AdrianPeterson24MIN2009,Adrian Peterson,2009,rb,24,< 24,MIN,1,145,16,15
PriestHolmes29KAN2002,Priest Holmes,2002,rb,29,29-32,KAN,Undrafted,Undrafted,14,14
LamarSmith31MIA2001,Lamar Smith,2001,rb,31,29-32,MIA,3,147,16,16
LaDainianTomlinson*24SDG2003,LaDainian Tomlinson*,2003,rb,24,< 24,SDG,1,127,16,16
RickyWilliams24NOR2001,Ricky Williams,2001,rb,24,< 24,NOR,1,127,16,16
EddieGeorge30TEN2003,Eddie George,2003,rb,30,29-32,TEN,1,38,16,16
FrankGore23SFO2006,Frank Gore,2006,rb,23,< 24,SFO,3,142,16,16
RyanGrant26GNB2008,Ryan Grant,2008,rb,26,25-28,GNB,Undrafted,Undrafted,16,14
MauriceJones-Drew24JAX2009,Maurice Jones-Drew,2009,rb,24,< 24,JAX,2,137,16,16
LeSeanMcCoy26PHI2014,LeSean McCoy,2014,rb,26,25-28,PHI,2,130,16,16
EdgerrinJames25IND2003,Edgerrin James,2003,rb,25,25-28,IND,1,118,13,13
ThomasJones29NYJ2007,Thomas Jones,2007,rb,29,29-32,NYJ,1,145,16,14
ShaunAlexander24SEA2001,Shaun Alexander,2001,rb,24,< 24,SEA,1,71,16,12
ReubenDroughns27CLE2005,Reuben Droughns,2005,rb,27,25-28,CLE,3,155,16,16
JamalLewis21BAL2000,Jamal Lewis,2000,rb,21,< 24,BAL,1,127,16,13
LamarSmith30MIA2000,Lamar Smith,2000,rb,30,29-32,MIA,3,147,15,15
JamalLewis23BAL2002,Jamal Lewis,2002,rb,23,< 24,BAL,1,127,16,15
RayRice23BAL2010,Ray Rice,2010,rb,23,< 24,BAL,2,132,16,14
TikiBarber27NYG2002,Tiki Barber,2002,rb,27,25-28,NYG,2,114,16,15
AhmanGreen24GNB2001,Ahman Green,2001,rb,24,< 24,GNB,3,150,16,16
ChesterTaylor27MIN2006,Chester Taylor,2006,rb,27,25-28,MIN,6,82,15,15
LenDaleWhite23TEN2007,LenDale White,2007,rb,23,< 24,TEN,2,123,16,16
DomanickWilliams24HOU2004,Domanick Williams,2004,rb,24,< 24,HOU,4,4,15,15
CedricBenson27CIN2009,Cedric Benson,2009,rb,27,25-28,CIN,1,118,13,13
MarshawnLynch27SEA2013,Marshawn Lynch,2013,rb,27,25-28,SEA,1,22,16,16
MichaelTurner29ATL2011,Michael Turner,2011,rb,29,29-32,ATL,5,49,16,15
LeGarretteBlount30NWE2016,LeGarrette Blount,2016,rb,30,29-32,NWE,Undrafted,Undrafted,16,8
MauriceJones-Drew25JAX2010,Maurice Jones-Drew,2010,rb,25,25-28,JAX,2,137,14,14
JamalLewis28CLE2007,Jamal Lewis,2007,rb,28,25-28,CLE,1,127,15,15
MikeAnderson27DEN2000,Mike Anderson,2000,rb,27,25-28,DEN,6,70,16,12
ThomasJones28CHI2006,Thomas Jones,2006,rb,28,25-28,CHI,1,145,16,16
ShaunAlexander25SEA2002,Shaun Alexander,2002,rb,25,25-28,SEA,1,71,16,16
RobertSmith28MIN2000,Robert Smith,2000,rb,28,25-28,MIN,1,84,16,16
WillisMcGahee26BAL2007,Willis McGahee,2007,rb,26,25-28,BAL,1,90,15,15
EmmittSmith*31DAL2000,Emmitt Smith*,2000,rb,31,29-32,DAL,1,56,16,16
DavidJohnson25ARI2016,David Johnson,2016,rb,25,25-28,ARI,3,159,16,16
DeMarcoMurray28TEN2016,DeMarco Murray,2016,rb,28,25-28,TEN,3,146,16,16
FredTaylor24JAX2000,Fred Taylor,2000,rb,24,< 24,JAX,1,162,13,13
LaDainianTomlinson*29SDG2008,LaDainian Tomlinson*,2008,rb,29,29-32,SDG,1,127,16,16
RayRice24BAL2011,Ray Rice,2011,rb,24,< 24,BAL,2,132,16,16
JamesAllen25CHI2000,James Allen,2000,rb,25,25-28,CHI,Undrafted,Undrafted,16,15
Le'VeonBell22PIT2014,Le'Veon Bell,2014,rb,22,< 24,PIT,2,125,16,16
ThomasJones30NYJ2008,Thomas Jones,2008,rb,30,29-32,NYJ,1,145,16,14
ClintonPortis22DEN2003,Clinton Portis,2003,rb,22,< 24,DEN,2,128,13,13
StevanRidley23NWE2012,Stevan Ridley,2012,rb,23,< 24,NWE,3,147,16,12
CadillacWilliams23TAM2005,Cadillac Williams,2005,rb,23,< 24,TAM,1,127,14,14
MattForte28CHI2013,Matt Forte,2013,rb,28,25-28,CHI,2,122,16,16
DougMartin26TAM2015,Doug Martin,2015,rb,26,25-28,TAM,1,110,16,16
LeSeanMcCoy29BUF2017,LeSean McCoy,2017,rb,29,29-32,BUF,2,130,16,16
AntowainSmith29NWE2001,Antowain Smith,2001,rb,29,29-32,NWE,1,90,16,15
FredTaylor26JAX2002,Fred Taylor,2002,rb,26,25-28,JAX,1,162,16,16
WarrickDunn31ATL2006,Warrick Dunn,2006,rb,31,29-32,ATL,1,22,16,16
AhmanGreen25GNB2002,Ahman Green,2002,rb,25,25-28,GNB,3,150,14,14
JamaalCharles26KAN2012,Jamaal Charles,2012,rb,26,25-28,KAN,3,147,16,15
MarshawnLynch25SEA2011,Marshawn Lynch,2011,rb,25,25-28,SEA,1,22,15,15
RyanMathews26SDG2013,Ryan Mathews,2013,rb,26,25-28,SDG,1,22,16,14
MelvinGordon24LAC2017,Melvin Gordon,2017,rb,24,< 24,LAC,1,45,16,16
EddieLacy23GNB2013,Eddie Lacy,2013,rb,23,< 24,GNB,2,138,15,15
WillisMcGahee23BUF2004,Willis McGahee,2004,rb,23,< 24,BUF,1,90,16,11
AdrianPeterson25MIN2010,Adrian Peterson,2010,rb,25,25-28,MIN,1,145,15,15
JamalAnderson28ATL2000,Jamal Anderson,2000,rb,28,25-28,ATL,7,80,16,16
FrankGore28SFO2011,Frank Gore,2011,rb,28,25-28,SFO,3,142,16,15
RyanGrant27GNB2009,Ryan Grant,2009,rb,27,25-28,GNB,Undrafted,Undrafted,16,16
WarrickDunn30ATL2005,Warrick Dunn,2005,rb,30,29-32,ATL,1,22,16,16
MarshawnLynch28SEA2014,Marshawn Lynch,2014,rb,28,25-28,SEA,1,22,16,14
MarshawnLynch21BUF2007,Marshawn Lynch,2007,rb,21,< 24,BUF,1,22,13,13
ToddGurley23LAR2017,Todd Gurley,2017,rb,23,< 24,LAR,1,2,15,15
ChrisJohnson28TEN2013,Chris Johnson,2013,rb,28,25-28,TEN,1,96,16,16
JamalLewis29CLE2008,Jamal Lewis,2008,rb,29,29-32,CLE,1,127,16,16
AdrianPeterson28MIN2013,Adrian Peterson,2013,rb,28,25-28,MIN,1,145,14,14
TikiBarber28NYG2003,Tiki Barber,2003,rb,28,25-28,NYG,2,114,16,16
ArianFoster25HOU2011,Arian Foster,2011,rb,25,25-28,HOU,Undrafted,Undrafted,13,13
BenJarvusGreen-Ellis27CIN2012,BenJarvus Green-Ellis,2012,rb,27,25-28,CIN,Undrafted,Undrafted,15,15
ToddGurley22LAR2016,Todd Gurley,2016,rb,22,< 24,LAR,1,2,16,16
AnthonyThomas24CHI2001,Anthony Thomas,2001,rb,24,< 24,CHI,2,116,14,10
RickyWatters31SEA2000,Ricky Watters,2000,rb,31,29-32,SEA,2,123,16,16
BrianWestbrook28PHI2007,Brian Westbrook,2007,rb,28,25-28,PHI,3,163,15,15
EdgerrinJames24IND2002,Edgerrin James,2002,rb,24,< 24,IND,1,118,14,14
AhmadBradshaw24NYG2010,Ahmad Bradshaw,2010,rb,24,< 24,NYG,7,102,16,11
FrankGore30SFO2013,Frank Gore,2013,rb,30,29-32,SFO,3,142,16,16
ShonnGreene27NYJ2012,Shonn Greene,2012,rb,27,25-28,NYJ,3,142,16,14
JordanHoward23CHI2017,Jordan Howard,2017,rb,23,< 24,CHI,5,46,16,16
ChrisJohnson27TEN2012,Chris Johnson,2012,rb,27,25-28,TEN,1,96,16,15
AlfredMorris25WAS2013,Alfred Morris,2013,rb,25,25-28,WAS,6,59,16,16
ReubenDroughns26DEN2004,Reuben Droughns,2004,rb,26,25-28,DEN,3,155,16,15
TroyHambrick27DAL2003,Troy Hambrick,2003,rb,27,25-28,DAL,Undrafted,Undrafted,16,16
CedricBenson29CIN2011,Cedric Benson,2011,rb,29,29-32,CIN,1,118,15,15
LeSeanMcCoy23PHI2011,LeSean McCoy,2011,rb,23,< 24,PHI,2,130,15,15
ClintonPortis21DEN2002,Clinton Portis,2002,rb,21,< 24,DEN,2,128,16,12
DeAngeloWilliams25CAR2008,DeAngelo Williams,2008,rb,25,25-28,CAR,1,106,16,16
KareemHunt22KAN2017,Kareem Hunt,2017,rb,22,< 24,KAN,3,159,16,16
LaMontJordan27OAK2005,LaMont Jordan,2005,rb,27,25-28,OAK,2,126,14,14
TravisHenry28TEN2006,Travis Henry,2006,rb,28,25-28,TEN,2,135,14,13
PeytonHillis24CLE2010,Peyton Hillis,2010,rb,24,< 24,CLE,7,87,16,14
JamalLewis26BAL2005,Jamal Lewis,2005,rb,26,25-28,BAL,1,127,15,15
DeuceMcAllister26NOR2004,Deuce McAllister,2004,rb,26,25-28,NOR,1,90,14,14
DuceStaley27PHI2002,Duce Staley,2002,rb,27,25-28,PHI,3,146,16,16
LeonardFournette22JAX2017,Leonard Fournette,2017,rb,22,< 24,JAX,1,118,13,13
LamarMiller25HOU2016,Lamar Miller,2016,rb,25,25-28,HOU,4,168,14,14
SteveSlaton22HOU2008,Steve Slaton,2008,rb,22,< 24,HOU,3,161,16,15
JuliusJones25DAL2006,Julius Jones,2006,rb,25,25-28,DAL,2,121,16,16
TrentRichardson22CLE2012,Trent Richardson,2012,rb,22,< 24,CLE,1,108,15,15
EmmittSmith*35ARI2004,Emmitt Smith*,2004,rb,35,32+,ARI,1,56,15,15
MattForte29CHI2014,Matt Forte,2014,rb,29,29-32,CHI,2,122,16,16
AhmanGreen29GNB2006,Ahman Green,2006,rb,29,29-32,GNB,3,150,14,14
LataviusMurray25OAK2015,Latavius Murray,2015,rb,25,25-28,OAK,6,65,16,16
WarrickDunn29ATL2004,Warrick Dunn,2004,rb,29,29-32,ATL,1,22,16,16
DevontaFreeman23ATL2015,Devonta Freeman,2015,rb,23,< 24,ATL,4,6,15,13
AlfredMorris26WAS2014,Alfred Morris,2014,rb,26,25-28,WAS,6,59,16,16
FrankGore33IND2016,Frank Gore,2016,rb,33,32+,IND,3,142,16,16
AhmanGreen23GNB2000,Ahman Green,2000,rb,23,< 24,GNB,3,150,16,11
ChrisJohnson26TEN2011,Chris Johnson,2011,rb,26,25-28,TEN,1,96,16,16
JosephAddai24IND2007,Joseph Addai,2007,rb,24,< 24,IND,1,109,15,15
Le'VeonBell24PIT2016,Le'Veon Bell,2016,rb,24,< 24,PIT,2,125,12,12
FrankGore34IND2017,Frank Gore,2017,rb,34,32+,IND,3,142,16,16
CurtisMartin*29NYJ2002,Curtis Martin*,2002,rb,29,29-32,NYJ,3,148,16,16
EmmittSmith*32DAL2001,Emmitt Smith*,2001,rb,32,29-32,DAL,1,56,14,14
JayAjayi23MIA2016,Jay Ajayi,2016,rb,23,< 24,MIA,5,44,15,12
MarshallFaulk*28STL2001,Marshall Faulk*,2001,rb,28,25-28,STL,1,79,14,14
ArianFoster28HOU2014,Arian Foster,2014,rb,28,25-28,HOU,Undrafted,Undrafted,13,13
FrankGore24SFO2007,Frank Gore,2007,rb,24,< 24,SFO,3,142,15,15
FrankGore32IND2015,Frank Gore,2015,rb,32,29-32,IND,3,142,16,16
StevenJackson28STL2011,Steven Jackson,2011,rb,28,25-28,STL,1,96,15,15
FredTaylor28JAX2004,Fred Taylor,2004,rb,28,25-28,JAX,1,162,14,14
JamaalCharles27KAN2013,Jamaal Charles,2013,rb,27,25-28,KAN,3,147,15,15
AhmanGreen27GNB2004,Ahman Green,2004,rb,27,25-28,GNB,3,150,15,15
WillisMcGahee25BUF2006,Willis McGahee,2006,rb,25,25-28,BUF,1,90,14,14
MattForte24CHI2009,Matt Forte,2009,rb,24,< 24,CHI,2,122,16,16
CharlieGarner28SFO2000,Charlie Garner,2000,rb,28,25-28,SFO,2,120,16,15
FrankGore29SFO2012,Frank Gore,2012,rb,29,29-32,SFO,3,142,16,16
StevenJackson29STL2012,Steven Jackson,2012,rb,29,29-32,STL,1,96,16,16
JuliusJones24DAL2005,Julius Jones,2005,rb,24,< 24,DAL,2,121,13,12
RayRice25BAL2012,Ray Rice,2012,rb,25,25-28,BAL,2,132,16,16
MichaelBush27OAK2011,Michael Bush,2011,rb,27,25-28,OAK,4,3,16,9
MichaelBennett24MIN2002,Michael Bennett,2002,rb,24,< 24,MIN,1,106,16,16
FrankGore31SFO2014,Frank Gore,2014,rb,31,29-32,SFO,3,142,16,16
WillieParker25PIT2005,Willie Parker,2005,rb,25,25-28,PIT,Undrafted,Undrafted,15,15
MelvinGordon23SDG2016,Melvin Gordon,2016,rb,23,< 24,SDG,1,45,13,11
StevenJackson22STL2005,Steven Jackson,2005,rb,22,< 24,STL,1,96,15,15
RayRice22BAL2009,Ray Rice,2009,rb,22,< 24,BAL,2,132,16,15
EmmittSmith*33DAL2002,Emmitt Smith*,2002,rb,33,32+,DAL,1,56,16,16
MarshallFaulk*27STL2000,Marshall Faulk*,2000,rb,27,25-28,STL,1,79,14,14
ShonnGreene26NYJ2011,Shonn Greene,2011,rb,26,25-28,NYJ,3,142,16,15
StevenJackson25STL2008,Steven Jackson,2008,rb,25,25-28,STL,1,96,12,11
ShaunAlexander29SEA2006,Shaun Alexander,2006,rb,29,29-32,SEA,1,71,10,10
GarrisonHearst30SFO2001,Garrison Hearst,2001,rb,30,29-32,SFO,1,108,16,16
JordanHoward22CHI2016,Jordan Howard,2016,rb,22,< 24,CHI,5,46,15,13
AntowainSmith30NWE2002,Antowain Smith,2002,rb,30,29-32,NWE,1,90,16,15
ChrisJohnson23TEN2008,Chris Johnson,2008,rb,23,< 24,TEN,1,96,15,14
JeromeBettis*32PIT2004,Jerome Bettis*,2004,rb,32,29-32,PIT,1,2,15,6
MarshawnLynch22BUF2008,Marshawn Lynch,2008,rb,22,< 24,BUF,1,22,15,15
ZacStacy22STL2013,Zac Stacy,2013,rb,22,< 24,STL,5,53,14,12
WillisMcGahee30DEN2011,Willis McGahee,2011,rb,30,29-32,DEN,1,90,15,14
WarrickDunn25TAM2000,Warrick Dunn,2000,rb,25,25-28,TAM,1,22,16,14
MattForte27CHI2012,Matt Forte,2012,rb,27,25-28,CHI,2,122,15,15
RickyWilliams23NOR2000,Ricky Williams,2000,rb,23,< 24,NOR,1,127,10,10
DeShaunFoster27CAR2007,DeShaun Foster,2007,rb,27,25-28,CAR,2,112,16,16
ChrisIvory27NYJ2015,Chris Ivory,2015,rb,27,25-28,NYJ,Undrafted,Undrafted,15,14
KnowshonMoreno22DEN2009,Knowshon Moreno,2009,rb,22,< 24,DEN,1,22,16,9
JeromeBettis*31PIT2003,Jerome Bettis*,2003,rb,31,29-32,PIT,1,2,16,10
EddieLacy24GNB2014,Eddie Lacy,2014,rb,24,< 24,GNB,2,138,16,16
C.J.Anderson26DEN2017,C.J. Anderson,2017,rb,26,25-28,DEN,Undrafted,Undrafted,16,16
LadellBetts27WAS2006,Ladell Betts,2006,rb,27,25-28,WAS,2,133,16,9
ThomasJones32KAN2010,Thomas Jones,2010,rb,32,29-32,KAN,1,145,16,10
BeanieWells23ARI2011,Beanie Wells,2011,rb,23,< 24,ARI,1,110,14,14
KevanBarlow25SFO2004,Kevan Barlow,2004,rb,25,25-28,SFO,3,154,15,14
Le'VeonBell21PIT2013,Le'Veon Bell,2013,rb,21,< 24,PIT,2,125,13,13
DeuceMcAllister28NOR2006,Deuce McAllister,2006,rb,28,25-28,NOR,1,90,15,13
AnthonyThomas26CHI2003,Anthony Thomas,2003,rb,26,25-28,CHI,2,116,13,13
WilliamGreen23CLE2002,William Green,2002,rb,23,< 24,CLE,1,52,16,10
EzekielElliott22DAL2017,Ezekiel Elliott,2017,rb,22,< 24,DAL,1,118,10,10
RashardMendenhall22PIT2009,Rashard Mendenhall,2009,rb,22,< 24,PIT,1,90,16,12
JonathanStewart28CAR2015,Jonathan Stewart,2015,rb,28,25-28,CAR,1,29,13,13
RonnieBrown25MIA2006,Ronnie Brown,2006,rb,25,25-28,MIA,1,79,13,12
KevinJones22DET2004,Kevin Jones,2004,rb,22,< 24,DET,1,109,15,14
KnowshonMoreno26DEN2013,Knowshon Moreno,2013,rb,26,25-28,DEN,1,22,16,15
MichaelPittman26ARI2001,Michael Pittman,2001,rb,26,25-28,ARI,4,166,15,14
RickyWilliams32MIA2009,Ricky Williams,2009,rb,32,29-32,MIA,1,127,16,7
FrankGore25SFO2008,Frank Gore,2008,rb,25,25-28,SFO,3,142,14,14
CarlosHyde27SFO2017,Carlos Hyde,2017,rb,27,25-28,SFO,2,134,16,16
ThomasJones26CHI2004,Thomas Jones,2004,rb,26,25-28,CHI,1,145,14,14
BrianWestbrook27PHI2006,Brian Westbrook,2006,rb,27,25-28,PHI,3,163,15,14
MikeAnderson32DEN2005,Mike Anderson,2005,rb,32,29-32,DEN,6,70,15,15
DarrenMcFadden28DAL2015,Darren McFadden,2015,rb,28,25-28,DAL,1,118,16,10
MarionBarber25DAL2008,Marion Barber,2008,rb,25,25-28,DAL,4,12,15,13
LamarMiller26HOU2017,Lamar Miller,2017,rb,26,25-28,HOU,4,168,16,13
AdrianPeterson22MIN2007,Adrian Peterson,2007,rb,22,< 24,MIN,1,145,14,9
KevinSmith22DET2008,Kevin Smith,2008,rb,22,< 24,DET,3,141,16,12
DomanickWilliams23HOU2003,Domanick Williams,2003,rb,23,< 24,HOU,4,4,14,10
MattForte25CHI2010,Matt Forte,2010,rb,25,25-28,CHI,2,122,16,16
FredJackson28BUF2009,Fred Jackson,2009,rb,28,25-28,BUF,Undrafted,Undrafted,16,11
StevenJackson24STL2007,Steven Jackson,2007,rb,24,< 24,STL,1,96,12,12
MauriceSmith25ATL2001,Maurice Smith,2001,rb,25,25-28,ATL,Undrafted,Undrafted,16,12
JustinForsett29BAL2014,Justin Forsett,2014,rb,29,29-32,BAL,7,92,16,14
JamalLewis25BAL2004,Jamal Lewis,2004,rb,25,25-28,BAL,1,127,12,12
MauriceJones-Drew28JAX2013,Maurice Jones-Drew,2013,rb,28,25-28,JAX,2,137,15,15
LeSeanMcCoy28BUF2016,LeSean McCoy,2016,rb,28,25-28,BUF,2,130,15,15
TatumBell25DEN2006,Tatum Bell,2006,rb,25,25-28,DEN,2,119,13,13
DominicRhodes22IND2001,Dominic Rhodes,2001,rb,22,< 24,IND,Undrafted,Undrafted,15,10
BrianWestbrook29PHI2008,Brian Westbrook,2008,rb,29,29-32,PHI,3,163,14,14
Le'RonMcClain24BAL2008,Le'Ron McClain,2008,rb,24,< 24,BAL,4,35,16,16
TyroneWheatley28OAK2000,Tyrone Wheatley,2000,rb,28,25-28,OAK,1,56,14,13
JamesStewart31DET2002,James Stewart,2002,rb,31,29-32,DET,1,71,14,9
FredTaylor30JAX2006,Fred Taylor,2006,rb,30,29-32,JAX,1,162,15,15
JamaalCharles24KAN2010,Jamaal Charles,2010,rb,24,< 24,KAN,3,147,16,6
WarrickDunn27ATL2002,Warrick Dunn,2002,rb,27,25-28,ATL,1,22,15,14
MarkIngram28NOR2017,Mark Ingram,2017,rb,28,25-28,NOR,1,107,16,13
DomanickWilliams25HOU2005,Domanick Williams,2005,rb,25,25-28,HOU,4,4,11,11
FrankGore26SFO2009,Frank Gore,2009,rb,26,25-28,SFO,3,142,14,14
BenJarvusGreen-Ellis25NWE2010,BenJarvus Green-Ellis,2010,rb,25,25-28,NWE,Undrafted,Undrafted,16,11
ToddGurley21STL2015,Todd Gurley,2015,rb,21,< 24,STL,1,2,13,12
RonDayne22NYG2000,Ron Dayne,2000,rb,22,< 24,NYG,1,13,16,4
RashardMendenhall24PIT2011,Rashard Mendenhall,2011,rb,24,< 24,PIT,1,90,15,15
MarcelShipp25ARI2003,Marcel Shipp,2003,rb,25,25-28,ARI,Undrafted,Undrafted,16,11
ReggieBush27MIA2012,Reggie Bush,2012,rb,27,25-28,MIA,1,79,16,16
WarrickDunn32ATL2007,Warrick Dunn,2007,rb,32,29-32,ATL,1,22,16,15
DeShaunFoster26CAR2006,DeShaun Foster,2006,rb,26,25-28,CAR,2,112,14,14
DevontaFreeman24ATL2016,Devonta Freeman,2016,rb,24,< 24,ATL,4,6,16,16
JosephAddai23IND2006,Joseph Addai,2006,rb,23,< 24,IND,1,109,16,0
MarkIngram25NOR2014,Mark Ingram,2014,rb,25,25-28,NOR,1,107,13,9
JeromeBettis*29PIT2001,Jerome Bettis*,2001,rb,29,29-32,PIT,1,2,11,11
CadillacWilliams24TAM2006,Cadillac Williams,2006,rb,24,< 24,TAM,1,127,14,14
ChrisBrown24TEN2005,Chris Brown,2005,rb,24,< 24,TEN,3,164,15,14
BrandonJacobs27NYG2009,Brandon Jacobs,2009,rb,27,25-28,NYG,4,14,15,15
JoiqueBell28DET2014,Joique Bell,2014,rb,28,25-28,DET,Undrafted,Undrafted,15,6
ReggieBush28DET2013,Reggie Bush,2013,rb,28,25-28,DET,1,79,14,14
JeremyHill23CIN2015,Jeremy Hill,2015,rb,23,< 24,CIN,2,132,16,15
DarrenMcFadden23OAK2010,Darren McFadden,2010,rb,23,< 24,OAK,1,118,13,13
FredTaylor31JAX2007,Fred Taylor,2007,rb,31,29-32,JAX,1,162,15,15
LaDainianTomlinson*30SDG2009,LaDainian Tomlinson*,2009,rb,30,29-32,SDG,1,127,14,14
JustinFargas27OAK2007,Justin Fargas,2007,rb,27,25-28,OAK,3,167,14,7
EarnestGraham27TAM2007,Earnest Graham,2007,rb,27,25-28,TAM,Undrafted,Undrafted,15,10
JeremyHill22CIN2014,Jeremy Hill,2014,rb,22,< 24,CIN,2,132,16,8
JeremyHill24CIN2016,Jeremy Hill,2016,rb,24,< 24,CIN,2,132,15,13
FredJackson29BUF2010,Fred Jackson,2010,rb,29,29-32,BUF,Undrafted,Undrafted,16,13
RyanMathews24SDG2011,Ryan Mathews,2011,rb,24,< 24,SDG,1,22,14,14
MichaelTurner30ATL2012,Michael Turner,2012,rb,30,29-32,ATL,5,49,16,16
AhmadBradshaw26NYG2012,Ahmad Bradshaw,2012,rb,26,25-28,NYG,7,102,14,12
JonathanStewart22CAR2009,Jonathan Stewart,2009,rb,22,< 24,CAR,1,29,16,3
ChrisBrown23TEN2004,Chris Brown,2004,rb,23,< 24,TEN,3,164,11,11
ReubenDroughns28CLE2006,Reuben Droughns,2006,rb,28,25-28,CLE,3,155,14,12
BenJarvusGreen-Ellis28CIN2013,BenJarvus Green-Ellis,2013,rb,28,25-28,CIN,Undrafted,Undrafted,16,16
CurtisMartin*32NYJ2005,Curtis Martin*,2005,rb,32,29-32,NYJ,3,148,12,12
JosephAddai26IND2009,Joseph Addai,2009,rb,26,25-28,IND,1,109,15,15
BrandonJacobs26NYG2008,Brandon Jacobs,2008,rb,26,25-28,NYG,4,14,13,13
MichaelPittman29TAM2004,Michael Pittman,2004,rb,29,29-32,TAM,4,166,13,13
LaDainianTomlinson*31NYJ2010,LaDainian Tomlinson*,2010,rb,31,29-32,NYJ,1,127,15,13
JustinFargas28OAK2008,Justin Fargas,2008,rb,28,25-28,OAK,3,167,14,14
MattForte31NYJ2016,Matt Forte,2016,rb,31,29-32,NYJ,2,122,14,13
MattForte30CHI2015,Matt Forte,2015,rb,30,29-32,CHI,2,122,13,13
JonathanStewart29CAR2016,Jonathan Stewart,2016,rb,29,29-32,CAR,1,29,13,13
NickGoings26CAR2004,Nick Goings,2004,rb,26,25-28,CAR,Undrafted,Undrafted,16,8
CarlosHyde26SFO2016,Carlos Hyde,2016,rb,26,25-28,SFO,2,134,13,13
RashardMendenhall26ARI2013,Rashard Mendenhall,2013,rb,26,25-28,ARI,1,90,15,15
DeMarcoMurray25DAL2013,DeMarco Murray,2013,rb,25,25-28,DAL,3,146,14,14
KevinSmith23DET2009,Kevin Smith,2009,rb,23,< 24,DET,3,141,13,13
AndreWilliams22NYG2014,Andre Williams,2014,rb,22,< 24,NYG,4,16,16,7
ReggieBush26MIA2011,Reggie Bush,2011,rb,26,25-28,MIA,1,79,15,15
DarrenMcFadden25OAK2012,Darren McFadden,2012,rb,25,25-28,OAK,1,118,12,12
LamarMiller23MIA2014,Lamar Miller,2014,rb,23,< 24,MIA,4,168,16,16
LataviusMurray27MIN2017,Latavius Murray,2017,rb,27,25-28,MIN,6,65,16,11
DeAngeloWilliams26CAR2009,DeAngelo Williams,2009,rb,26,25-28,CAR,1,106,13,13
GarrisonHearst31SFO2002,Garrison Hearst,2002,rb,31,29-32,SFO,1,108,16,16
RudiJohnson24CIN2003,Rudi Johnson,2003,rb,24,< 24,CIN,4,3,13,5
MikelLeshoure22DET2012,Mikel Leshoure,2012,rb,22,< 24,DET,2,134,14,14
MarionBarber26DAL2009,Marion Barber,2009,rb,26,25-28,DAL,4,12,15,15
CedricBenson26CIN2008,Cedric Benson,2008,rb,26,25-28,CIN,1,118,12,10
RonnieBrown27MIA2008,Ronnie Brown,2008,rb,27,25-28,MIA,1,79,16,13
RayRice26BAL2013,Ray Rice,2013,rb,26,25-28,BAL,2,132,15,15
AnthonyThomas25CHI2002,Anthony Thomas,2002,rb,25,25-28,CHI,2,116,12,12
SpencerWare25KAN2016,Spencer Ware,2016,rb,25,25-28,KAN,6,76,14,14
TikiBarber25NYG2000,Tiki Barber,2000,rb,25,25-28,NYG,2,114,16,12
TravisHenry23BUF2001,Travis Henry,2001,rb,23,< 24,BUF,2,135,13,12
StaceyMack26JAX2001,Stacey Mack,2001,rb,26,25-28,JAX,Undrafted,Undrafted,16,11
AlexCollins23BAL2017,Alex Collins,2017,rb,23,< 24,BAL,5,58,15,12
MarshallFaulk*29STL2002,Marshall Faulk*,2002,rb,29,29-32,STL,1,79,14,10
VickBallard22IND2012,Vick Ballard,2012,rb,22,< 24,IND,5,57,16,12
CharlieGarner29OAK2001,Charlie Garner,2001,rb,29,29-32,OAK,2,120,16,16
CadillacWilliams27TAM2009,Cadillac Williams,2009,rb,27,25-28,TAM,1,127,16,15
WillieParker28PIT2008,Willie Parker,2008,rb,28,25-28,PIT,Undrafted,Undrafted,11,11
CoreyDillon31NWE2005,Corey Dillon,2005,rb,31,29-32,NWE,2,121,12,10
MarshallFaulk*30STL2003,Marshall Faulk*,2003,rb,30,29-32,STL,1,79,11,11
LamarSmith32CAR2002,Lamar Smith,2002,rb,32,29-32,CAR,3,147,11,11
JayAjayi242TM2017,Jay Ajayi,2017,rb,24,< 24,2TM,5,44,14,8
AdrianPeterson26MIN2011,Adrian Peterson,2011,rb,26,25-28,MIN,1,145,12,12
ShaunAlexander30SEA2007,Shaun Alexander,2007,rb,30,29-32,SEA,1,71,13,10
RonnieBrown24MIA2005,Ronnie Brown,2005,rb,24,< 24,MIA,1,79,15,14
StephenDavis28WAS2002,Stephen Davis,2002,rb,28,25-28,WAS,4,5,12,12
RonnieHillman24DEN2015,Ronnie Hillman,2015,rb,24,< 24,DEN,3,143,16,11
MarshawnLynch31OAK2017,Marshawn Lynch,2017,rb,31,29-32,OAK,1,22,15,15
LeSeanMcCoy22PHI2010,LeSean McCoy,2010,rb,22,< 24,PHI,2,130,15,13
C.J.Spiller25BUF2012,C.J. Spiller,2012,rb,25,25-28,BUF,1,162,16,9
JamaalCharles28KAN2014,Jamaal Charles,2014,rb,28,25-28,KAN,3,147,15,15
IsaiahCrowell24CLE2017,Isaiah Crowell,2017,rb,24,< 24,CLE,Undrafted,Undrafted,16,16
FredJackson32BUF2013,Fred Jackson,2013,rb,32,29-32,BUF,Undrafted,Undrafted,16,6
DeShaunFoster25CAR2005,DeShaun Foster,2005,rb,25,25-28,CAR,2,112,15,5
MarkIngram27NOR2016,Mark Ingram,2016,rb,27,25-28,NOR,1,107,16,14
MarionBarber24DAL2007,Marion Barber,2007,rb,24,< 24,DAL,4,12,16,0
MichaelPittman27TAM2002,Michael Pittman,2002,rb,27,25-28,TAM,4,166,16,15
MattForte26CHI2011,Matt Forte,2011,rb,26,25-28,CHI,2,122,12,12
FrankGore27SFO2010,Frank Gore,2010,rb,27,25-28,SFO,3,142,11,11
LeSeanMcCoy27BUF2015,LeSean McCoy,2015,rb,27,25-28,BUF,2,130,12,12
BrandonJacobs25NYG2007,Brandon Jacobs,2007,rb,25,25-28,NYG,4,14,11,9
MarshawnLynch242TM2010,Marshawn Lynch,2010,rb,24,< 24,2TM,1,22,16,14
AlfredMorris27WAS2015,Alfred Morris,2015,rb,27,25-28,WAS,6,59,16,16
C.J.Spiller26BUF2013,C.J. Spiller,2013,rb,26,25-28,BUF,1,162,15,10
KevanBarlow24SFO2003,Kevan Barlow,2003,rb,24,< 24,SFO,3,154,16,4
LeGarretteBlount24TAM2010,LeGarrette Blount,2010,rb,24,< 24,TAM,Undrafted,Undrafted,13,7
AndreEllington25ARI2014,Andre Ellington,2014,rb,25,25-28,ARI,6,68,12,12
DeAngeloWilliams30CAR2013,DeAngelo Williams,2013,rb,30,29-32,CAR,1,106,15,15
RonnieBrown29MIA2010,Ronnie Brown,2010,rb,29,29-32,MIA,1,79,16,16
LeSeanMcCoy24PHI2012,LeSean McCoy,2012,rb,24,< 24,PHI,2,130,12,12
LenDaleWhite24TEN2008,LenDale White,2008,rb,24,< 24,TEN,2,123,16,2
DeAngeloWilliams32PIT2015,DeAngelo Williams,2015,rb,32,29-32,PIT,1,106,16,10
CoreyDillon32NWE2006,Corey Dillon,2006,rb,32,29-32,NWE,2,121,16,13
LeeSuggs24CLE2004,Lee Suggs,2004,rb,24,< 24,CLE,4,18,10,3
IsaiahCrowell23CLE2016,Isaiah Crowell,2016,rb,23,< 24,CLE,Undrafted,Undrafted,16,16
ChrisIvory26NYJ2014,Chris Ivory,2014,rb,26,25-28,NYJ,Undrafted,Undrafted,16,10
JonathanStewart30CAR2017,Jonathan Stewart,2017,rb,30,29-32,CAR,1,29,15,10
T.J.Duckett22ATL2003,T.J. Duckett,2003,rb,22,< 24,ATL,1,63,16,10
JuliusJones23DAL2004,Julius Jones,2004,rb,23,< 24,DAL,2,121,8,7
MauriceJones-Drew23JAX2008,Maurice Jones-Drew,2008,rb,23,< 24,JAX,2,137,16,3
JonathanWells23HOU2002,Jonathan Wells,2002,rb,23,< 24,HOU,4,169,16,11
CedricBenson25CHI2007,Cedric Benson,2007,rb,25,25-28,CHI,1,118,11,11
DevontaFreeman25ATL2017,Devonta Freeman,2017,rb,25,25-28,ATL,4,6,14,14
PriestHolmes31KAN2004,Priest Holmes,2004,rb,31,29-32,KAN,Undrafted,Undrafted,8,8
ChrisJohnson30ARI2015,Chris Johnson,2015,rb,30,29-32,ARI,1,96,11,9
MarshallFaulk*31STL2004,Marshall Faulk*,2004,rb,31,29-32,STL,1,79,14,14
JamesJackson25CLE2001,James Jackson,2001,rb,25,25-28,CLE,3,142,11,10
RashadJennings30NYG2015,Rashad Jennings,2015,rb,30,29-32,NYG,7,102,16,16
LataviusMurray26OAK2016,Latavius Murray,2016,rb,26,25-28,OAK,6,65,14,12
RonDayne29HOU2007,Ron Dayne,2007,rb,29,29-32,HOU,1,13,13,8
JeromeHarrison26CLE2009,Jerome Harrison,2009,rb,26,25-28,CLE,5,42,14,7
LaurenceMaroney24NWE2009,Laurence Maroney,2009,rb,24,< 24,NWE,1,84,15,5
LamarMiller24MIA2015,Lamar Miller,2015,rb,24,< 24,MIA,4,168,16,16
FredTaylor29JAX2005,Fred Taylor,2005,rb,29,29-32,JAX,1,162,11,11
LarryJohnson29KAN2008,Larry Johnson,2008,rb,29,29-32,KAN,1,106,12,12
DeMarcoMurray27PHI2015,DeMarco Murray,2015,rb,27,25-28,PHI,3,146,15,8
TerranceWest25BAL2016,Terrance West,2016,rb,25,25-28,BAL,3,165,16,13
AmosZereoue26PIT2002,Amos Zereoue,2002,rb,26,25-28,PIT,3,166,16,5
DuceStaley29PIT2004,Duce Staley,2004,rb,29,29-32,PIT,3,146,10,10
JamaalCharles23KAN2009,Jamaal Charles,2009,rb,23,< 24,KAN,3,147,15,10
BrandonJackson25GNB2010,Brandon Jackson,2010,rb,25,25-28,GNB,2,140,16,13
StevenJackson31ATL2014,Steven Jackson,2014,rb,31,29-32,ATL,1,96,15,15
RyanGrant25GNB2007,Ryan Grant,2007,rb,25,25-28,GNB,Undrafted,Undrafted,15,7
TrentRichardson232TM2013,Trent Richardson,2013,rb,23,< 24,2TM,1,108,16,10
MarcelShipp24ARI2002,Marcel Shipp,2002,rb,24,< 24,ARI,Undrafted,Undrafted,15,6
JeromeBettis*30PIT2002,Jerome Bettis*,2002,rb,30,29-32,PIT,1,2,13,11
EddieLacy25GNB2015,Eddie Lacy,2015,rb,25,25-28,GNB,2,138,15,12
MichaelPittman28TAM2003,Michael Pittman,2003,rb,28,25-28,TAM,4,166,16,13
DominicRhodes27IND2006,Dominic Rhodes,2006,rb,27,25-28,IND,Undrafted,Undrafted,16,16
WarrickDunn33TAM2008,Warrick Dunn,2008,rb,33,32+,TAM,1,22,15,6
KevinJones23DET2005,Kevin Jones,2005,rb,23,< 24,DET,1,109,13,13
IsaiahCrowell22CLE2015,Isaiah Crowell,2015,rb,22,< 24,CLE,Undrafted,Undrafted,16,9
ShonnGreene25NYJ2010,Shonn Greene,2010,rb,25,25-28,NYJ,3,142,15,2
FelixJones23DAL2010,Felix Jones,2010,rb,23,< 24,DAL,1,86,16,7
LaurenceMaroney22NWE2007,Laurence Maroney,2007,rb,22,< 24,NWE,1,84,13,6
LeGarretteBlount25TAM2011,LeGarrette Blount,2011,rb,25,25-28,TAM,Undrafted,Undrafted,14,14
MelvinGordon22SDG2015,Melvin Gordon,2015,rb,22,< 24,SDG,1,45,14,13
RyanMathews25SDG2012,Ryan Mathews,2012,rb,25,25-28,SDG,1,22,12,9
DeMarcoMurray29TEN2017,DeMarco Murray,2017,rb,29,29-32,TEN,3,146,15,15
MichaelPittman25ARI2000,Michael Pittman,2000,rb,25,25-28,ARI,4,166,16,12
JonathanStewart21CAR2008,Jonathan Stewart,2008,rb,21,< 24,CAR,1,29,16,0
AlfredBlue24HOU2015,Alfred Blue,2015,rb,24,< 24,HOU,6,65,15,9
CharlieGarner30OAK2002,Charlie Garner,2002,rb,30,29-32,OAK,2,120,16,15
ChrisIvory25NYJ2013,Chris Ivory,2013,rb,25,25-28,NYJ,Undrafted,Undrafted,15,6
KnowshonMoreno23DEN2010,Knowshon Moreno,2010,rb,23,< 24,DEN,1,22,13,13
AntowainSmith31NWE2003,Antowain Smith,2003,rb,31,29-32,NWE,1,90,13,6
MikeTolbert25SDG2010,Mike Tolbert,2010,rb,25,25-28,SDG,Undrafted,Undrafted,15,4
DerrickWard28NYG2008,Derrick Ward,2008,rb,28,25-28,NYG,7,93,16,3
T.J.Yeldon22JAX2015,T.J. Yeldon,2015,rb,22,< 24,JAX,2,114,12,12
BenJarvusGreen-Ellis26NWE2011,BenJarvus Green-Ellis,2011,rb,26,25-28,NWE,Undrafted,Undrafted,16,6
RashadJennings31NYG2016,Rashad Jennings,2016,rb,31,29-32,NYG,7,102,13,12
KevinJones24DET2006,Kevin Jones,2006,rb,24,< 24,DET,1,109,12,12
BenTate25HOU2013,Ben Tate,2013,rb,25,25-28,HOU,2,135,14,7
StephenDavis31CAR2005,Stephen Davis,2005,rb,31,29-32,CAR,4,5,13,11
RonDayne23NYG2001,Ron Dayne,2001,rb,23,< 24,NYG,1,13,16,7
DionLewis27NWE2017,Dion Lewis,2017,rb,27,25-28,NWE,5,44,16,8
C.J.Anderson23DEN2014,C.J. Anderson,2014,rb,23,< 24,DEN,Undrafted,Undrafted,15,7
TreMason21STL2014,Tre Mason,2014,rb,21,< 24,STL,3,149,12,9
JustinFargas26OAK2006,Justin Fargas,2006,rb,26,25-28,OAK,3,167,16,6
KevinFaulk27NWE2003,Kevin Faulk,2003,rb,27,25-28,NWE,2,124,15,8
GarrisonHearst32SFO2003,Garrison Hearst,2003,rb,32,29-32,SFO,1,108,12,12
LarryJohnson302TM2009,Larry Johnson,2009,rb,30,29-32,2TM,1,106,14,7
JoeMixon21CIN2017,Joe Mixon,2017,rb,21,< 24,CIN,2,125,14,7
BilalPowell29NYJ2017,Bilal Powell,2017,rb,29,29-32,NYJ,4,26,15,10
StevanRidley24NWE2013,Stevan Ridley,2013,rb,24,< 24,NWE,3,147,14,6
JonathanStewart23CAR2010,Jonathan Stewart,2010,rb,23,< 24,CAR,1,29,14,7
MichaelTurner27ATL2009,Michael Turner,2009,rb,27,25-28,ATL,5,49,11,11
KennyWatson29CIN2007,Kenny Watson,2007,rb,29,29-32,CIN,Undrafted,Undrafted,16,5
JuliusJones28SEA2009,Julius Jones,2009,rb,28,25-28,SEA,2,121,14,14
LamarMiller22MIA2013,Lamar Miller,2013,rb,22,< 24,MIA,4,168,16,15
BrianWestbrook25PHI2004,Brian Westbrook,2004,rb,25,25-28,PHI,3,163,13,12
KevanBarlow26SFO2005,Kevan Barlow,2005,rb,26,25-28,SFO,3,154,12,12
DerrickHenry23TEN2017,Derrick Henry,2017,rb,23,< 24,TEN,2,123,16,2
BilalPowell25NYJ2013,Bilal Powell,2013,rb,25,25-28,NYJ,4,26,16,11
BeanieWells21ARI2009,Beanie Wells,2009,rb,21,< 24,ARI,1,110,16,0
MikeAnderson28DEN2001,Mike Anderson,2001,rb,28,25-28,DEN,6,70,16,7
LaurenceMaroney21NWE2006,Laurence Maroney,2006,rb,21,< 24,NWE,1,84,14,0
SamajePerine22WAS2017,Samaje Perine,2017,rb,22,< 24,WAS,4,17,16,8
JonathanStewart27CAR2014,Jonathan Stewart,2014,rb,27,25-28,CAR,1,29,13,8
BenTate23HOU2011,Ben Tate,2011,rb,23,< 24,HOU,2,135,15,2
DevontaeBooker24DEN2016,Devontae Booker,2016,rb,24,< 24,DEN,4,34,16,6
MoeWilliams29MIN2003,Moe Williams,2003,rb,29,29-32,MIN,3,149,16,7
TatumBell24DEN2005,Tatum Bell,2005,rb,24,< 24,DEN,2,119,15,1
TimBiakabutuka26CAR2000,Tim Biakabutuka,2000,rb,26,25-28,CAR,1,153,12,11
LeGarretteBlount31PHI2017,LeGarrette Blount,2017,rb,31,29-32,PHI,Undrafted,Undrafted,16,11
TravisPrentice24CLE2000,Travis Prentice,2000,rb,24,< 24,CLE,3,140,16,11
DeAngeloWilliams29CAR2012,DeAngelo Williams,2012,rb,29,29-32,CAR,1,106,16,10
MikeBell26NOR2009,Mike Bell,2009,rb,26,25-28,NOR,Undrafted,Undrafted,13,3
MichaelBennett23MIN2001,Michael Bennett,2001,rb,23,< 24,MIN,1,106,13,13
JahvidBest21DET2010,Jahvid Best,2010,rb,21,< 24,DET,1,109,16,9
AhmadBradshaw25NYG2011,Ahmad Bradshaw,2011,rb,25,25-28,NYG,7,102,12,9
OrleansDarkwa25NYG2017,Orleans Darkwa,2017,rb,25,25-28,NYG,Undrafted,Undrafted,15,11
TerranceWest23CLE2014,Terrance West,2014,rb,23,< 24,CLE,3,165,14,6
GiovaniBernard22CIN2013,Giovani Bernard,2013,rb,22,< 24,CIN,2,115,16,0
FredJackson30BUF2011,Fred Jackson,2011,rb,30,29-32,BUF,Undrafted,Undrafted,10,10
RudiJohnson28CIN2007,Rudi Johnson,2007,rb,28,25-28,CIN,4,3,11,9
WillisMcGahee27BAL2008,Willis McGahee,2008,rb,27,25-28,BAL,1,90,13,8
AlfredBlue23HOU2014,Alfred Blue,2014,rb,23,< 24,HOU,6,65,16,3
ToddGurley24LAR2018,Todd Gurley,2018,rb,24,< 24,LAR,1,2,8,8
TerryAllen33BAL2001,Terry Allen,2001,rb,33,32+,BAL,8,98,11,8
GiovaniBernard23CIN2014,Giovani Bernard,2014,rb,23,< 24,CIN,2,115,13,9
RobertKelley24WAS2016,Robert Kelley,2016,rb,24,< 24,WAS,Undrafted,Undrafted,15,9
RickyWilliams28MIA2005,Ricky Williams,2005,rb,28,25-28,MIA,1,127,12,3
TerrellDavis*29DEN2001,Terrell Davis*,2001,rb,29,29-32,DEN,6,77,8,8
TravisHenry29DEN2007,Travis Henry,2007,rb,29,29-32,DEN,2,135,12,7
RashadJennings29NYG2014,Rashad Jennings,2014,rb,29,29-32,NYG,7,102,11,9
MauriceJones-Drew22JAX2007,Maurice Jones-Drew,2007,rb,22,< 24,JAX,2,137,15,0
WillisMcGahee31DEN2012,Willis McGahee,2012,rb,31,29-32,DEN,1,90,10,9
TikiBarber26NYG2001,Tiki Barber,2001,rb,26,25-28,NYG,2,114,14,9
JoiqueBell27DET2013,Joique Bell,2013,rb,27,25-28,DET,Undrafted,Undrafted,16,4
MarkIngram26NOR2015,Mark Ingram,2015,rb,26,25-28,NOR,1,107,12,10
MauriceJones-Drew21JAX2006,Maurice Jones-Drew,2006,rb,21,< 24,JAX,2,137,16,1
AntowainSmith33NOR2005,Antowain Smith,2005,rb,33,32+,NOR,1,90,16,7
DuceStaley26PHI2001,Duce Staley,2001,rb,26,25-28,PHI,3,146,13,10
AmeerAbdullah24DET2017,Ameer Abdullah,2017,rb,24,< 24,DET,2,131,14,11
MikeAlstott28TAM2001,Mike Alstott,2001,rb,28,25-28,TAM,2,113,16,16
LeGarretteBlount29NWE2015,LeGarrette Blount,2015,rb,29,29-32,NWE,Undrafted,Undrafted,12,6
RichardHuntley29CAR2001,Richard Huntley,2001,rb,29,29-32,CAR,4,19,14,9
DanielThomas24MIA2011,Daniel Thomas,2011,rb,24,< 24,MIA,2,139,13,2
MattAsiata27MIN2014,Matt Asiata,2014,rb,27,25-28,MIN,Undrafted,Undrafted,15,9
KevinFaulk24NWE2000,Kevin Faulk,2000,rb,24,< 24,NWE,2,124,16,9
JuliusJones26DAL2007,Julius Jones,2007,rb,26,25-28,DAL,2,121,16,16
DeMarcoMurray23DAL2011,DeMarco Murray,2011,rb,23,< 24,DAL,3,146,13,7
RyanTorain24WAS2010,Ryan Torain,2010,rb,24,< 24,WAS,5,37,10,8
AhmadBradshaw23NYG2009,Ahmad Bradshaw,2009,rb,23,< 24,NYG,7,102,15,1
WilliamGreen25CLE2004,William Green,2004,rb,25,25-28,CLE,1,52,15,13
RashadJennings28OAK2013,Rashad Jennings,2013,rb,28,25-28,OAK,7,102,15,8
ShawnBryson24BUF2000,Shawn Bryson,2000,rb,24,< 24,BUF,3,159,16,7
PeytonHillis25CLE2011,Peyton Hillis,2011,rb,25,25-28,CLE,7,87,10,9
MauriceMorris27SEA2006,Maurice Morris,2006,rb,27,25-28,SEA,2,131,16,8
DeMarcoMurray24DAL2012,DeMarco Murray,2012,rb,24,< 24,DAL,3,146,10,10
BrandenOliver23SDG2014,Branden Oliver,2014,rb,23,< 24,SDG,Undrafted,Undrafted,14,7
ChesterTaylor25BAL2004,Chester Taylor,2004,rb,25,25-28,BAL,6,82,16,4
CharcandrickWest24KAN2015,Charcandrick West,2015,rb,24,< 24,KAN,Undrafted,Undrafted,15,9
RickyWilliams31MIA2008,Ricky Williams,2008,rb,31,29-32,MIA,1,127,16,3
JerickMcKinnon24MIN2016,Jerick McKinnon,2016,rb,24,< 24,MIN,3,167,15,7
TrentRichardson24IND2014,Trent Richardson,2014,rb,24,< 24,IND,1,108,15,12
TyroneWheatley31OAK2003,Tyrone Wheatley,2003,rb,31,29-32,OAK,1,56,15,5
RickyWilliams33MIA2010,Ricky Williams,2010,rb,33,32+,MIA,1,127,16,0
ShawnBryson27DET2003,Shawn Bryson,2003,rb,27,25-28,DET,3,159,16,13
MichaelBush26OAK2010,Michael Bush,2010,rb,26,25-28,OAK,4,3,14,3
WarrickDunn26TAM2001,Warrick Dunn,2001,rb,26,25-28,TAM,1,22,13,12
LarryJohnson28KAN2007,Larry Johnson,2007,rb,28,25-28,KAN,1,106,8,8
JuliusJones27SEA2008,Julius Jones,2008,rb,27,25-28,SEA,2,121,15,10
RyanMathews23SDG2010,Ryan Mathews,2010,rb,23,< 24,SDG,1,22,12,9
MikeBell23DEN2006,Mike Bell,2006,rb,23,< 24,DEN,Undrafted,Undrafted,15,3
CedricBenson24CHI2006,Cedric Benson,2006,rb,24,< 24,CHI,1,118,15,0
ReggieBush22NOR2007,Reggie Bush,2007,rb,22,< 24,NOR,1,79,12,10
StevenJackson30ATL2013,Steven Jackson,2013,rb,30,29-32,ATL,1,96,12,12
MarcelShipp27ARI2005,Marcel Shipp,2005,rb,27,25-28,ARI,Undrafted,Undrafted,15,11
ChesterTaylor28MIN2007,Chester Taylor,2007,rb,28,25-28,MIN,6,82,14,8
TevinColeman24ATL2017,Tevin Coleman,2017,rb,24,< 24,ATL,3,147,15,3
JonathanDwyer23PIT2012,Jonathan Dwyer,2012,rb,23,< 24,PIT,6,69,13,6
MarkIngram23NOR2012,Mark Ingram,2012,rb,23,< 24,NOR,1,107,16,5
SammyMorris31NWE2008,Sammy Morris,2008,rb,31,29-32,NWE,5,51,13,7
AdrianPeterson322TM2017,Adrian Peterson,2017,rb,32,29-32,2TM,1,145,10,7
BrianWestbrook26PHI2005,Brian Westbrook,2005,rb,26,25-28,PHI,3,163,12,12
JosephAddai25IND2008,Joseph Addai,2008,rb,25,25-28,IND,1,109,12,12
JamesAllen27HOU2002,James Allen,2002,rb,27,25-28,HOU,Undrafted,Undrafted,16,5
ReggieBush21NOR2006,Reggie Bush,2006,rb,21,< 24,NOR,1,79,16,8
ChrisJohnson29NYJ2014,Chris Johnson,2014,rb,29,29-32,NYJ,1,96,16,6
RyanMathews29PHI2016,Ryan Mathews,2016,rb,29,29-32,PHI,1,22,13,8
LeSeanMcCoy21PHI2009,LeSean McCoy,2009,rb,21,< 24,PHI,2,130,16,4
DarrenMcFadden27OAK2014,Darren McFadden,2014,rb,27,25-28,OAK,1,118,16,12
MeweldeMoore23MIN2005,Mewelde Moore,2005,rb,23,< 24,MIN,4,21,16,8
DeAngeloWilliams28CAR2011,DeAngelo Williams,2011,rb,28,25-28,CAR,1,106,16,14
GiovaniBernard24CIN2015,Giovani Bernard,2015,rb,24,< 24,CIN,2,115,16,1
JavoriusAllen26BAL2017,Javorius Allen,2017,rb,26,25-28,BAL,4,25,16,0
LeGarretteBlount27NWE2013,LeGarrette Blount,2013,rb,27,25-28,NWE,Undrafted,Undrafted,16,7
TimHightower24ARI2010,Tim Hightower,2010,rb,24,< 24,ARI,5,44,16,13
KevinJones25DET2007,Kevin Jones,2007,rb,25,25-28,DET,1,109,13,10
ThomasJones33KAN2011,Thomas Jones,2011,rb,33,32+,KAN,1,145,16,8
JamaalWilliams22GNB2017,Jamaal Williams,2017,rb,22,< 24,GNB,4,32,16,7
C.J.Anderson24DEN2015,C.J. Anderson,2015,rb,24,< 24,DEN,Undrafted,Undrafted,15,6
BrandonJacobs29NYG2011,Brandon Jacobs,2011,rb,29,29-32,NYG,4,14,14,6
BernardPierce22BAL2013,Bernard Pierce,2013,rb,22,< 24,BAL,3,157,16,1
DominicRhodes29IND2008,Dominic Rhodes,2008,rb,29,29-32,IND,Undrafted,Undrafted,15,4
BishopSankey22TEN2014,Bishop Sankey,2014,rb,22,< 24,TEN,2,131,16,9
JasonBrookins25BAL2001,Jason Brookins,2001,rb,25,25-28,BAL,Undrafted,Undrafted,12,3
RonDayne28HOU2006,Ron Dayne,2006,rb,28,25-28,HOU,1,13,11,6
JustinForsett30BAL2015,Justin Forsett,2015,rb,30,29-32,BAL,7,92,10,10
RoyHelu23WAS2011,Roy Helu,2011,rb,23,< 24,WAS,4,8,15,5
EdgerrinJames23IND2001,Edgerrin James,2001,rb,23,< 24,IND,1,118,6,6
GregJones24JAX2005,Greg Jones,2005,rb,24,< 24,JAX,2,132,14,13
AdrianPeterson28CHI2007,Adrian Peterson,2007,rb,28,25-28,CHI,6,78,16,5
LeonWashington24NYJ2006,Leon Washington,2006,rb,24,< 24,NYJ,4,19,16,8
JerickMcKinnon25MIN2017,Jerick McKinnon,2017,rb,25,25-28,MIN,3,167,16,1
BobbyRainey262TM2013,Bobby Rainey,2013,rb,26,25-28,2TM,Undrafted,Undrafted,15,6
JackieBattle28KAN2011,Jackie Battle,2011,rb,28,25-28,KAN,Undrafted,Undrafted,15,4
IsaiahCrowell21CLE2014,Isaiah Crowell,2014,rb,21,< 24,CLE,Undrafted,Undrafted,16,4
JeremyLangford24CHI2015,Jeremy Langford,2015,rb,24,< 24,CHI,4,9,16,2
ChristineMichael262TM2016,Christine Michael,2016,rb,26,25-28,2TM,2,139,15,7
JamesStarks29GNB2015,James Starks,2015,rb,29,29-32,GNB,6,75,16,4
RonnieBrown28MIA2009,Ronnie Brown,2009,rb,28,25-28,MIA,1,79,9,9
BrandonJacobs28NYG2010,Brandon Jacobs,2010,rb,28,25-28,NYG,4,14,16,5
ThomasRawls22SEA2015,Thomas Rawls,2015,rb,22,< 24,SEA,Undrafted,Undrafted,13,7
TonyRichardson29KAN2000,Tony Richardson,2000,rb,29,29-32,KAN,Undrafted,Undrafted,16,16
PierreThomas25NOR2009,Pierre Thomas,2009,rb,25,25-28,NOR,Undrafted,Undrafted,14,6
PierreThomas29NOR2013,Pierre Thomas,2013,rb,29,29-32,NOR,Undrafted,Undrafted,16,9
MikeAlstott29TAM2002,Mike Alstott,2002,rb,29,29-32,TAM,2,113,16,9
KevanBarlow23SFO2002,Kevan Barlow,2002,rb,23,< 24,SFO,3,154,14,0
MattJones22WAS2015,Matt Jones,2015,rb,22,< 24,WAS,3,166,13,0
LaMontJordan29OAK2007,LaMont Jordan,2007,rb,29,29-32,OAK,2,126,12,7
DougMartin27TAM2016,Doug Martin,2016,rb,27,25-28,TAM,1,110,8,8
DeAngeloWilliams24CAR2007,DeAngelo Williams,2007,rb,24,< 24,CAR,1,106,16,0
AmeerAbdullah22DET2015,Ameer Abdullah,2015,rb,22,< 24,DET,2,131,16,9
AntonioAndrews23TEN2015,Antonio Andrews,2015,rb,23,< 24,TEN,Undrafted,Undrafted,14,10
SamkonGado23GNB2005,Samkon Gado,2005,rb,23,< 24,GNB,Undrafted,Undrafted,8,5
TimHightower22ARI2008,Tim Hightower,2008,rb,22,< 24,ARI,5,44,16,7
TimHightower23ARI2009,Tim Hightower,2009,rb,23,< 24,ARI,5,44,16,16
JamalLewis30CLE2009,Jamal Lewis,2009,rb,30,29-32,CLE,1,127,9,8
JamesStewart30DET2001,James Stewart,2001,rb,30,29-32,DET,1,71,11,10
FredTaylor32JAX2008,Fred Taylor,2008,rb,32,29-32,JAX,1,162,13,13
TrungCanidate26WAS2003,Trung Canidate,2003,rb,26,25-28,WAS,1,110,11,10
WilliamGreen24CLE2003,William Green,2003,rb,24,< 24,CLE,1,52,7,7
JasonSnelling26ATL2009,Jason Snelling,2009,rb,26,25-28,ATL,7,99,14,2
JonathanStewart24CAR2011,Jonathan Stewart,2011,rb,24,< 24,CAR,1,29,16,3
FredJackson33BUF2014,Fred Jackson,2014,rb,33,32+,BUF,Undrafted,Undrafted,14,9
MeweldeMoore26PIT2008,Mewelde Moore,2008,rb,26,25-28,PIT,4,21,16,4
MauriceMorris28SEA2007,Maurice Morris,2007,rb,28,25-28,SEA,2,131,14,6
SelvinYoung24DEN2007,Selvin Young,2007,rb,24,< 24,DEN,Undrafted,Undrafted,15,8
AndreBrown27NYG2013,Andre Brown,2013,rb,27,25-28,NYG,4,28,8,8
MarionBarber22DAL2005,Marion Barber,2005,rb,22,< 24,DAL,4,12,13,2
CoreyDillon29CIN2003,Corey Dillon,2003,rb,29,29-32,CIN,2,121,13,11
ThomasJones24ARI2002,Thomas Jones,2002,rb,24,< 24,ARI,1,145,9,9
DougMartin28TAM2017,Doug Martin,2017,rb,28,25-28,TAM,1,110,11,8
WillisMcGahee32CLE2013,Willis McGahee,2013,rb,32,29-32,CLE,1,90,12,6
KnowshonMoreno25DEN2012,Knowshon Moreno,2012,rb,25,25-28,DEN,1,22,8,6
JavoriusAllen24BAL2015,Javorius Allen,2015,rb,24,< 24,BAL,4,25,16,6
PriestHolmes27BAL2000,Priest Holmes,2000,rb,27,25-28,BAL,Undrafted,Undrafted,16,2
ChrisIvory22NOR2010,Chris Ivory,2010,rb,22,< 24,NOR,Undrafted,Undrafted,12,4
ThomasJones25TAM2003,Thomas Jones,2003,rb,25,25-28,TAM,1,145,16,3
AntowainSmith32TEN2004,Antowain Smith,2004,rb,32,29-32,TEN,1,90,13,4
JamesAllen26CHI2001,James Allen,2001,rb,26,25-28,CHI,Undrafted,Undrafted,16,7
MarionBarber23DAL2006,Marion Barber,2006,rb,23,< 24,DAL,4,12,16,1
AlexGreen24GNB2012,Alex Green,2012,rb,24,< 24,GNB,3,167,12,4
DenardRobinson24JAX2014,Denard Robinson,2014,rb,24,< 24,JAX,5,33,13,9
DonaldBrown24IND2011,Donald Brown,2011,rb,24,< 24,IND,1,106,16,2
KnileDavis23KAN2014,Knile Davis,2014,rb,23,< 24,KAN,3,167,16,1
RyanGrant29GNB2011,Ryan Grant,2011,rb,29,29-32,GNB,Undrafted,Undrafted,15,14
KareemHunt23KAN2018,Kareem Hunt,2018,rb,23,< 24,KAN,3,159,8,8
StevenJackson21STL2004,Steven Jackson,2004,rb,21,< 24,STL,1,96,14,3
DougMartin25TAM2014,Doug Martin,2014,rb,25,25-28,TAM,1,110,11,11
KenyanDrake23MIA2017,Kenyan Drake,2017,rb,23,< 24,MIA,3,147,16,6
TimHightower30NOR2016,Tim Hightower,2016,rb,30,29-32,NOR,5,44,16,1
EdgerrinJames30ARI2008,Edgerrin James,2008,rb,30,29-32,ARI,1,118,13,7
JamesStarks25GNB2011,James Starks,2011,rb,25,25-28,GNB,6,75,13,2
EzekielElliott23DAL2018,Ezekiel Elliott,2018,rb,23,< 24,DAL,1,118,7,7
EddieGeorge31DAL2004,Eddie George,2004,rb,31,29-32,DAL,1,38,13,8
EarnestGraham28TAM2008,Earnest Graham,2008,rb,28,25-28,TAM,Undrafted,Undrafted,10,10
MauriceMorris29SEA2008,Maurice Morris,2008,rb,29,29-32,SEA,2,131,13,6
SammyMorris27MIA2004,Sammy Morris,2004,rb,27,25-28,MIA,5,51,13,8
AmosZereoue27PIT2003,Amos Zereoue,2003,rb,27,25-28,PIT,3,166,16,6
MikeAlstott27TAM2000,Mike Alstott,2000,rb,27,25-28,TAM,2,113,13,13
KevanBarlow27NYJ2006,Kevan Barlow,2006,rb,27,25-28,NYJ,3,154,12,3
BilalPowell28NYJ2016,Bilal Powell,2016,rb,28,25-28,NYJ,4,26,16,4
SteveSlaton23HOU2009,Steve Slaton,2009,rb,23,< 24,HOU,3,161,11,10
T.J.Duckett21ATL2002,T.J. Duckett,2002,rb,21,< 24,ATL,1,63,12,3
FredJackson27BUF2008,Fred Jackson,2008,rb,27,25-28,BUF,Undrafted,Undrafted,16,3
T.J.Yeldon23JAX2016,T.J. Yeldon,2016,rb,23,< 24,JAX,2,114,15,13
DonaldBrown23IND2010,Donald Brown,2010,rb,23,< 24,IND,1,106,13,8
CorrellBuckhalter23PHI2001,Correll Buckhalter,2001,rb,23,< 24,PHI,4,23,15,6
JustinFargas29OAK2009,Justin Fargas,2009,rb,29,29-32,OAK,3,167,12,4
JacquizzRodgers26TAM2016,Jacquizz Rodgers,2016,rb,26,25-28,TAM,5,42,10,5
PierreThomas24NOR2008,Pierre Thomas,2008,rb,24,< 24,NOR,Undrafted,Undrafted,15,5
JesseChatman28MIA2007,Jesse Chatman,2007,rb,28,25-28,MIA,Undrafted,Undrafted,14,6
JamesConner23PIT2018,James Conner,2018,rb,23,< 24,PIT,3,8,7,6
FrankGore22SFO2005,Frank Gore,2005,rb,22,< 24,SFO,3,142,14,1
FelixJones24DAL2011,Felix Jones,2011,rb,24,< 24,DAL,1,86,12,8
DougMartin24TAM2013,Doug Martin,2013,rb,24,< 24,TAM,1,110,6,6
AdrianPeterson33WAS2018,Adrian Peterson,2018,rb,33,32+,WAS,1,145,7,7
ClintonPortis25WAS2006,Clinton Portis,2006,rb,25,25-28,WAS,2,128,8,7
MichaelBennett27MIN2005,Michael Bennett,2005,rb,27,25-28,MIN,1,106,16,6
CorrellBuckhalter25PHI2003,Correll Buckhalter,2003,rb,25,25-28,PHI,4,23,15,5
JamelWhite24CLE2001,Jamel White,2001,rb,24,< 24,CLE,Undrafted,Undrafted,16,7
KevanBarlow22SFO2001,Kevan Barlow,2001,rb,22,< 24,SFO,3,154,15,0
LeGarretteBlount282TM2014,LeGarrette Blount,2014,rb,28,25-28,2TM,Undrafted,Undrafted,16,1
RonDayne24NYG2002,Ron Dayne,2002,rb,24,< 24,NYG,1,13,16,1
WarrickDunn28ATL2003,Warrick Dunn,2003,rb,28,25-28,ATL,1,22,11,6
DavidJohnson24ARI2015,David Johnson,2015,rb,24,< 24,ARI,3,159,16,5
J.R.Redmond23NWE2000,J.R. Redmond,2000,rb,23,< 24,NWE,3,150,12,5
DerrickWard27NYG2007,Derrick Ward,2007,rb,27,25-28,NYG,7,93,8,5
CadillacWilliams28TAM2010,Cadillac Williams,2010,rb,28,25-28,TAM,1,127,16,9
WaliLundy23HOU2006,Wali Lundy,2006,rb,23,< 24,HOU,6,57,14,8
ClintonPortis28WAS2009,Clinton Portis,2009,rb,28,25-28,WAS,2,128,8,8
OnterrioSmith24MIN2004,Onterrio Smith,2004,rb,24,< 24,MIN,4,8,11,6
MichaelBush25OAK2009,Michael Bush,2009,rb,25,25-28,OAK,4,3,16,7
MarkIngram22NOR2011,Mark Ingram,2011,rb,22,< 24,NOR,1,107,10,4
DavidJohnson27ARI2018,David Johnson,2018,rb,27,25-28,ARI,3,159,8,8
AnthonyThomas27CHI2004,Anthony Thomas,2004,rb,27,25-28,CHI,2,116,12,2
MattAsiata29MIN2016,Matt Asiata,2016,rb,29,29-32,MIN,Undrafted,Undrafted,16,6
T.J.Duckett24ATL2005,T.J. Duckett,2005,rb,24,< 24,ATL,1,63,14,0
ArianFoster27HOU2013,Arian Foster,2013,rb,27,25-28,HOU,Undrafted,Undrafted,8,8
KentonKeith27IND2007,Kenton Keith,2007,rb,27,25-28,IND,Undrafted,Undrafted,16,1
MikeTolbert26SDG2011,Mike Tolbert,2011,rb,26,25-28,SDG,Undrafted,Undrafted,15,1
DeAngeloWilliams23CAR2006,DeAngelo Williams,2006,rb,23,< 24,CAR,1,106,13,2
MonteeBall23DEN2013,Montee Ball,2013,rb,23,< 24,DEN,2,135,16,0
CorrellBuckhalter31DEN2009,Correll Buckhalter,2009,rb,31,29-32,DEN,4,23,14,7
ChrisFuamatu-Ma'afala24PIT2001,Chris Fuamatu-Ma'afala,2001,rb,24,< 24,PIT,6,62,16,5
CharlieGarner31OAK2003,Charlie Garner,2003,rb,31,29-32,OAK,2,120,14,9
CarlosHyde282TM2018,Carlos Hyde,2018,rb,28,25-28,2TM,2,134,7,6
LarryJohnson25KAN2004,Larry Johnson,2004,rb,25,25-28,KAN,1,106,10,3
AlvinKamara22NOR2017,Alvin Kamara,2017,rb,22,< 24,NOR,3,143,16,3
MarshawnLynch23BUF2009,Marshawn Lynch,2009,rb,23,< 24,BUF,1,22,13,6
KerwynnWilliams26ARI2017,Kerwynn Williams,2017,rb,26,25-28,ARI,7,91,16,6
RonnieBrown26MIA2007,Ronnie Brown,2007,rb,26,25-28,MIA,1,79,7,7
JermaineFazande25SDG2000,Jermaine Fazande,2000,rb,25,25-28,SDG,2,137,13,7
PriestHolmes32KAN2005,Priest Holmes,2005,rb,32,29-32,KAN,Undrafted,Undrafted,7,7
BenTate262TM2014,Ben Tate,2014,rb,26,25-28,2TM,2,135,11,6
JosephAddai28IND2011,Joseph Addai,2011,rb,28,25-28,IND,1,109,12,11
DerrickBlaylock25KAN2004,Derrick Blaylock,2004,rb,25,25-28,KAN,5,46,12,5
TevinColeman23ATL2016,Tevin Coleman,2016,rb,23,< 24,ATL,3,147,13,0
AndreEllington24ARI2013,Andre Ellington,2013,rb,24,< 24,ARI,6,68,15,1
JustinForsett25SEA2010,Justin Forsett,2010,rb,25,25-28,SEA,7,92,16,5
ChrisIvory28JAX2016,Chris Ivory,2016,rb,28,25-28,JAX,Undrafted,Undrafted,11,1
ChristianMcCaffrey21CAR2017,Christian McCaffrey,2017,rb,21,< 24,CAR,1,153,16,10
ChesterTaylor26BAL2005,Chester Taylor,2005,rb,26,25-28,BAL,6,82,15,1
BrianWestbrook24PHI2003,Brian Westbrook,2003,rb,24,< 24,PHI,3,163,15,8
JosephAddai27IND2010,Joseph Addai,2010,rb,27,25-28,IND,1,109,8,7
TerrellFletcher27SDG2000,Terrell Fletcher,2000,rb,27,25-28,SDG,2,128,16,6
FelixJones22DAL2009,Felix Jones,2009,rb,22,< 24,DAL,1,86,14,1
KennyWatson24WAS2002,Kenny Watson,2002,rb,24,< 24,WAS,Undrafted,Undrafted,16,4
BeanieWells22ARI2010,Beanie Wells,2010,rb,22,< 24,ARI,1,110,13,2
BryceBrown21PHI2012,Bryce Brown,2012,rb,21,< 24,PHI,7,89,16,4
CarlosHyde25SFO2015,Carlos Hyde,2015,rb,25,25-28,SFO,2,134,7,7
FredJackson31BUF2012,Fred Jackson,2012,rb,31,29-32,BUF,Undrafted,Undrafted,10,8
AlfredMorris29DAL2017,Alfred Morris,2017,rb,29,29-32,DAL,6,59,14,5
AaronStecker32NOR2007,Aaron Stecker,2007,rb,32,29-32,NOR,Undrafted,Undrafted,16,6
MarionBarber28CHI2011,Marion Barber,2011,rb,28,25-28,CHI,4,12,11,1
MichaelBush28CHI2012,Michael Bush,2012,rb,28,25-28,CHI,4,3,13,1
JustinForsett24SEA2009,Justin Forsett,2009,rb,24,< 24,SEA,7,92,16,2
LaMontJordan28OAK2006,LaMont Jordan,2006,rb,28,25-28,OAK,2,126,9,8
DexterMcCluster22KAN2011,Dexter McCluster,2011,rb,22,< 24,KAN,2,114,16,4
DarrenMcFadden26OAK2013,Darren McFadden,2013,rb,26,25-28,OAK,1,118,10,7
DerrickWard29TAM2009,Derrick Ward,2009,rb,29,29-32,TAM,7,93,14,1
MarionBarber27DAL2010,Marion Barber,2010,rb,27,25-28,DAL,4,12,13,10
Le'VeonBell23PIT2015,Le'Veon Bell,2015,rb,23,< 24,PIT,2,125,6,6
DeShaunFoster23CAR2003,DeShaun Foster,2003,rb,23,< 24,CAR,2,112,14,2
OlandisGary28DET2003,Olandis Gary,2003,rb,28,25-28,DET,4,27,13,1
TroyHambrick25DAL2001,Troy Hambrick,2001,rb,25,25-28,DAL,Undrafted,Undrafted,16,11
CedricHouston24NYJ2006,Cedric Houston,2006,rb,24,< 24,NYJ,6,66,8,1
DarrenMcFadden24OAK2011,Darren McFadden,2011,rb,24,< 24,OAK,1,118,7,7
DarrenMcFadden21OAK2008,Darren McFadden,2008,rb,21,< 24,OAK,1,118,13,5
JerickMcKinnon22MIN2014,Jerick McKinnon,2014,rb,22,< 24,MIN,3,167,11,6
LamarMiller27HOU2018,Lamar Miller,2018,rb,27,25-28,HOU,4,168,7,7
J.J.Arrington22ARI2005,J.J. Arrington,2005,rb,22,< 24,ARI,2,122,15,5
DarnellAutry24PHI2000,Darnell Autry,2000,rb,24,< 24,PHI,4,8,11,7
JordanHoward24CHI2018,Jordan Howard,2018,rb,24,< 24,CHI,5,46,7,7
KendallHunter23SFO2011,Kendall Hunter,2011,rb,23,< 24,SFO,4,18,16,1
ChrisIvory29JAX2017,Chris Ivory,2017,rb,29,29-32,JAX,Undrafted,Undrafted,14,3
ThomasJones22ARI2000,Thomas Jones,2000,rb,22,< 24,ARI,1,145,14,4
ThomasJones23ARI2001,Thomas Jones,2001,rb,23,< 24,ARI,1,145,16,2
PaulPerkins22NYG2016,Paul Perkins,2016,rb,22,< 24,NYG,5,44,14,1
BernardScott27CIN2011,Bernard Scott,2011,rb,27,25-28,CIN,6,83,16,1
KolbySmith23KAN2007,Kolby Smith,2007,rb,23,< 24,KAN,5,43,16,6
ChesterTaylor31CHI2010,Chester Taylor,2010,rb,31,29-32,CHI,6,82,16,1
AmosZereoue28OAK2004,Amos Zereoue,2004,rb,28,25-28,OAK,3,166,15,6
SaquonBarkley21NYG2018,Saquon Barkley,2018,rb,21,< 24,NYG,Undrafted,Undrafted,8,8
WayneGallman23NYG2017,Wayne Gallman,2017,rb,23,< 24,NYG,4,39,13,1
FelixJones25DAL2012,Felix Jones,2012,rb,25,25-28,DAL,1,86,16,7
MarshawnLynch29SEA2015,Marshawn Lynch,2015,rb,29,29-32,SEA,1,22,7,6
C.J.Anderson25DEN2016,C.J. Anderson,2016,rb,25,25-28,DEN,Undrafted,Undrafted,7,7
JeromeBettis*33PIT2005,Jerome Bettis*,2005,rb,33,32+,PIT,1,2,12,0
DerrickHenry22TEN2016,Derrick Henry,2016,rb,22,< 24,TEN,2,123,15,2
BilalPowell24NYJ2012,Bilal Powell,2012,rb,24,< 24,NYJ,4,26,14,2
IsaacRedman27PIT2011,Isaac Redman,2011,rb,27,25-28,PIT,Undrafted,Undrafted,16,1
IsaacRedman28PIT2012,Isaac Redman,2012,rb,28,25-28,PIT,Undrafted,Undrafted,14,5
LaRodStephens-Howling25ARI2012,LaRod Stephens-Howling,2012,rb,25,25-28,ARI,7,97,14,5
PierreThomas27NOR2011,Pierre Thomas,2011,rb,27,25-28,NOR,Undrafted,Undrafted,16,7
TobyGerhart24MIN2011,Toby Gerhart,2011,rb,24,< 24,MIN,2,128,16,5
WillisMcGahee28BAL2009,Willis McGahee,2009,rb,28,25-28,BAL,1,90,16,1
TravisMinor25MIA2004,Travis Minor,2004,rb,25,25-28,MIA,3,158,11,4
ThomasRawls23SEA2016,Thomas Rawls,2016,rb,23,< 24,SEA,Undrafted,Undrafted,9,7
DanielThomas26MIA2013,Daniel Thomas,2013,rb,26,25-28,MIA,2,139,15,1
PeytonBarber23TAM2017,Peyton Barber,2017,rb,23,< 24,TAM,Undrafted,Undrafted,16,4
DonaldBrown25IND2012,Donald Brown,2012,rb,25,25-28,IND,1,106,10,4
ShonnGreene24NYJ2009,Shonn Greene,2009,rb,24,< 24,NYJ,3,142,14,0
BernardPierce21BAL2012,Bernard Pierce,2012,rb,21,< 24,BAL,3,157,16,0
TyroneWheatley30OAK2002,Tyrone Wheatley,2002,rb,30,29-32,OAK,1,56,14,0
RickyWilliams34BAL2011,Ricky Williams,2011,rb,34,32+,BAL,1,127,16,0
RockCartwright24WAS2003,Rock Cartwright,2003,rb,24,< 24,WAS,7,104,15,3
NajehDavenport28PIT2007,Najeh Davenport,2007,rb,28,25-28,PIT,4,33,15,1
DeuceMcAllister30NOR2008,Deuce McAllister,2008,rb,30,29-32,NOR,1,90,13,6
RayRice21BAL2008,Ray Rice,2008,rb,21,< 24,BAL,2,132,13,4
CharlesSims25TAM2015,Charles Sims,2015,rb,25,25-28,TAM,3,144,16,0
OnterrioSmith23MIN2003,Onterrio Smith,2003,rb,23,< 24,MIN,4,8,15,3
C.J.Spiller24BUF2011,C.J. Spiller,2011,rb,24,< 24,BUF,1,162,16,11
AnthonyThomas29BUF2006,Anthony Thomas,2006,rb,29,29-32,BUF,2,116,16,2
ReggieBush23NOR2008,Reggie Bush,2008,rb,23,< 24,NOR,1,79,10,9
RonnieHillman23DEN2014,Ronnie Hillman,2014,rb,23,< 24,DEN,3,143,8,4
RyanMathews28PHI2015,Ryan Mathews,2015,rb,28,25-28,PHI,1,22,13,6
ArtosePinner27DET2005,Artose Pinner,2005,rb,27,25-28,DET,4,169,16,2
JamelWhite25CLE2002,Jamel White,2002,rb,25,25-28,CLE,Undrafted,Undrafted,14,6
DannyWoodhead28SDG2013,Danny Woodhead,2013,rb,28,25-28,SDG,Undrafted,Undrafted,16,2
GiovaniBernard26CIN2017,Giovani Bernard,2017,rb,26,25-28,CIN,2,115,16,2
MattBreida22SFO2017,Matt Breida,2017,rb,22,< 24,SFO,Undrafted,Undrafted,16,0
AnthonyDixon27BUF2014,Anthony Dixon,2014,rb,27,25-28,BUF,6,59,16,0
JoeMixon22CIN2018,Joe Mixon,2018,rb,22,< 24,CIN,2,125,6,6
PierreThomas28NOR2012,Pierre Thomas,2012,rb,28,25-28,NOR,Undrafted,Undrafted,15,4
T.J.Duckett23ATL2004,T.J. Duckett,2004,rb,23,< 24,ATL,1,63,13,0
MikeGillislee27NWE2017,Mike Gillislee,2017,rb,27,25-28,NWE,5,54,9,2
DukeJohnson22CLE2015,Duke Johnson,2015,rb,22,< 24,CLE,3,151,16,7
DarrenMcFadden22OAK2009,Darren McFadden,2009,rb,22,< 24,OAK,1,118,12,7
ChrisPerry27CIN2008,Chris Perry,2008,rb,27,25-28,CIN,1,105,13,6
ChrisCarson24SEA2018,Chris Carson,2018,rb,24,< 24,SEA,7,101,6,6
MattForte32NYJ2017,Matt Forte,2017,rb,32,29-32,NYJ,2,122,12,4
MikeGoodson23CAR2010,Mike Goodson,2010,rb,23,< 24,CAR,4,15,16,3
LeonJohnson28CHI2002,Leon Johnson,2002,rb,28,25-28,CHI,4,7,16,4
JeriousNorwood24ATL2007,Jerious Norwood,2007,rb,24,< 24,ATL,3,152,15,2
ChrisBrown26TEN2007,Chris Brown,2007,rb,26,25-28,TEN,3,164,12,1
DeeBrown24CAR2002,Dee Brown,2002,rb,24,< 24,CAR,6,60,14,3
DonaldBrown26IND2013,Donald Brown,2013,rb,26,25-28,IND,1,106,16,5
JamesJackson27CLE2003,James Jackson,2003,rb,27,25-28,CLE,3,142,12,6
DeloneCarter24IND2011,Delone Carter,2011,rb,24,< 24,IND,4,21,16,3
TobyGerhart27JAX2014,Toby Gerhart,2014,rb,27,25-28,JAX,2,128,14,7
MikeGillislee26BUF2016,Mike Gillislee,2016,rb,26,25-28,BUF,5,54,15,1
RashadJennings27JAX2012,Rashad Jennings,2012,rb,27,25-28,JAX,7,102,10,6
RyanMoats27HOU2009,Ryan Moats,2009,rb,27,25-28,HOU,3,151,14,2
AntowainSmith28BUF2000,Antowain Smith,2000,rb,28,25-28,BUF,1,90,11,3
ChesterTaylor29MIN2008,Chester Taylor,2008,rb,29,29-32,MIN,6,82,16,1
MikeTolbert28CAR2013,Mike Tolbert,2013,rb,28,25-28,CAR,Undrafted,Undrafted,16,13
AlfredBlue25HOU2016,Alfred Blue,2016,rb,25,25-28,HOU,6,65,14,2
WillisMcGahee29BAL2010,Willis McGahee,2010,rb,29,29-32,BAL,1,90,15,2
MattJones23WAS2016,Matt Jones,2016,rb,23,< 24,WAS,3,166,7,7
JeriousNorwood23ATL2006,Jerious Norwood,2006,rb,23,< 24,ATL,3,152,14,0
ChrisPolk26HOU2015,Chris Polk,2015,rb,26,25-28,HOU,Undrafted,Undrafted,15,2
AlexCollins24BAL2018,Alex Collins,2018,rb,24,< 24,BAL,5,58,8,8
StaceyMack27JAX2002,Stacey Mack,2002,rb,27,25-28,JAX,Undrafted,Undrafted,16,0
WillieParker29PIT2009,Willie Parker,2009,rb,29,29-32,PIT,Undrafted,Undrafted,14,3
DarylRichardson22STL2012,Daryl Richardson,2012,rb,22,< 24,STL,7,103,16,0
DeAngeloWilliams33PIT2016,DeAngelo Williams,2016,rb,33,32+,PIT,1,106,9,4
DannyWoodhead30SDG2015,Danny Woodhead,2015,rb,30,29-32,SDG,Undrafted,Undrafted,16,2
JamesMungro24IND2002,James Mungro,2002,rb,24,< 24,IND,Undrafted,Undrafted,9,1
DannyWoodhead252TM2010,Danny Woodhead,2010,rb,25,25-28,2TM,Undrafted,Undrafted,15,3
LanceBall26DEN2011,Lance Ball,2011,rb,26,25-28,DEN,Undrafted,Undrafted,16,0
MauriceHicks26SFO2004,Maurice Hicks,2004,rb,26,25-28,SFO,Undrafted,Undrafted,9,2
TimHightower29NOR2015,Tim Hightower,2015,rb,29,29-32,NOR,5,44,8,3
BrandonJacobs24NYG2006,Brandon Jacobs,2006,rb,24,< 24,NYG,4,14,15,0
VernandMorency262TM2006,Vernand Morency,2006,rb,26,25-28,2TM,3,147,14,2
JacquizzRodgers23ATL2013,Jacquizz Rodgers,2013,rb,23,< 24,ATL,5,42,15,4
DuceStaley28PHI2003,Duce Staley,2003,rb,28,25-28,PHI,3,146,16,4
ShaneVereen25NWE2014,Shane Vereen,2014,rb,25,25-28,NWE,2,133,16,6
JackieBattle29SDG2012,Jackie Battle,2012,rb,29,29-32,SDG,Undrafted,Undrafted,16,5
MichaelBush24OAK2008,Michael Bush,2008,rb,24,< 24,OAK,4,3,15,0
SonyMichel23NWE2018,Sony Michel,2018,rb,23,< 24,NWE,Undrafted,Undrafted,6,4
JeriousNorwood25ATL2008,Jerious Norwood,2008,rb,25,25-28,ATL,3,152,16,0
AaronStecker30NOR2005,Aaron Stecker,2005,rb,30,29-32,NOR,Undrafted,Undrafted,15,4
IsaiahCrowell25NYJ2018,Isaiah Crowell,2018,rb,25,25-28,NYJ,Undrafted,Undrafted,8,1
ShonnGreene29TEN2014,Shonn Greene,2014,rb,29,29-32,TEN,3,142,13,5
QuentinGriffin22DEN2003,Quentin Griffin,2003,rb,22,< 24,DEN,4,11,10,1
TravisHenry26BUF2004,Travis Henry,2004,rb,26,25-28,BUF,2,135,10,5
DorseyLevens34PHI2004,Dorsey Levens,2004,rb,34,32+,PHI,5,44,15,5
BobbyRainey27TAM2014,Bobby Rainey,2014,rb,27,25-28,TAM,Undrafted,Undrafted,15,5
StevanRidley25NWE2014,Stevan Ridley,2014,rb,25,25-28,NWE,3,147,6,5
JacquizzRodgers22ATL2012,Jacquizz Rodgers,2012,rb,22,< 24,ATL,5,42,16,0
DarrenSproles33PHI2016,Darren Sproles,2016,rb,33,32+,PHI,4,30,15,5
ChesterTaylor30MIN2009,Chester Taylor,2009,rb,30,29-32,MIN,6,82,16,0
PeytonBarber24TAM2018,Peyton Barber,2018,rb,24,< 24,TAM,Undrafted,Undrafted,7,7
LadellBetts28WAS2007,Ladell Betts,2007,rb,28,25-28,WAS,2,133,16,0
LaMontJordan26NYJ2004,LaMont Jordan,2004,rb,26,25-28,NYJ,2,126,16,0
NapoleonKaufman27OAK2000,Napoleon Kaufman,2000,rb,27,25-28,OAK,1,63,14,2
PhillipLindsay24DEN2018,Phillip Lindsay,2018,rb,24,< 24,DEN,Undrafted,Undrafted,8,1
MarlonMack21IND2017,Marlon Mack,2017,rb,21,< 24,IND,4,40,14,0
StaceyMack28HOU2003,Stacey Mack,2003,rb,28,25-28,HOU,Undrafted,Undrafted,8,5
DeuceMcAllister27NOR2005,Deuce McAllister,2005,rb,27,25-28,NOR,1,90,5,5
MauriceMorris30DET2009,Maurice Morris,2009,rb,30,29-32,DET,2,131,14,3
SammyMorris23BUF2000,Sammy Morris,2000,rb,23,< 24,BUF,5,51,12,8
BernardPierce23BAL2014,Bernard Pierce,2014,rb,23,< 24,BAL,3,157,13,2
DarrenSproles26SDG2009,Darren Sproles,2009,rb,26,25-28,SDG,4,30,16,2
JonathanStewart25CAR2012,Jonathan Stewart,2012,rb,25,25-28,CAR,1,29,9,6
KarlosWilliams22BUF2015,Karlos Williams,2015,rb,22,< 24,BUF,5,50,11,3
TashardChoice24DAL2008,Tashard Choice,2008,rb,24,< 24,DAL,4,24,16,3
AlvinKamara23NOR2018,Alvin Kamara,2018,rb,23,< 24,NOR,3,143,7,6
ChristianMcCaffrey22CAR2018,Christian McCaffrey,2018,rb,22,< 24,CAR,1,153,7,7
SammyMorris29MIA2006,Sammy Morris,2006,rb,29,29-32,MIA,5,51,12,4
TheoRiddick25DET2016,Theo Riddick,2016,rb,25,25-28,DET,6,78,10,8
GiovaniBernard25CIN2016,Giovani Bernard,2016,rb,25,25-28,CIN,2,115,10,2
MelvinGordon25LAC2018,Melvin Gordon,2018,rb,25,25-28,LAC,1,45,6,6
DanielThomas25MIA2012,Daniel Thomas,2012,rb,25,25-28,MIA,2,139,12,0
JoiqueBell29DET2015,Joique Bell,2015,rb,29,29-32,DET,Undrafted,Undrafted,13,5
BrandonBennett27CIN2000,Brandon Bennett,2000,rb,27,25-28,CIN,Undrafted,Undrafted,16,0
MichaelBennett25MIN2003,Michael Bennett,2003,rb,25,25-28,MIN,1,106,8,7
LadellBetts25WAS2004,Ladell Betts,2004,rb,25,25-28,WAS,2,133,16,1
AhmadBradshaw28IND2014,Ahmad Bradshaw,2014,rb,28,25-28,IND,7,102,10,1
MarshawnLynch32OAK2018,Marshawn Lynch,2018,rb,32,29-32,OAK,1,22,6,6
MauriceMorris31DET2010,Maurice Morris,2010,rb,31,29-32,DET,2,131,14,7
EmmittSmith*34ARI2003,Emmitt Smith*,2003,rb,34,32+,ARI,1,56,10,5
DwayneWashington22DET2016,Dwayne Washington,2016,rb,22,< 24,DET,7,94,12,2
JonathanWells26HOU2005,Jonathan Wells,2005,rb,26,25-28,HOU,4,169,15,6
LadellBetts26WAS2005,Ladell Betts,2005,rb,26,25-28,WAS,2,133,12,0
JonasGray24NWE2014,Jonas Gray,2014,rb,24,< 24,NWE,Undrafted,Undrafted,8,3
BradHoover24CAR2000,Brad Hoover,2000,rb,24,< 24,CAR,Undrafted,Undrafted,16,4
JamesStarks27GNB2013,James Starks,2013,rb,27,25-28,GNB,6,75,13,1
KennethDixon22BAL2016,Kenneth Dixon,2016,rb,22,< 24,BAL,4,32,12,0
MontarioHardesty24CLE2011,Montario Hardesty,2011,rb,24,< 24,CLE,2,136,10,4
TravisHenry27TEN2005,Travis Henry,2005,rb,27,25-28,TEN,2,135,10,1
ElijahMcGuire23NYJ2017,Elijah McGuire,2017,rb,23,< 24,NYJ,6,69,16,2
BeanieWells24ARI2012,Beanie Wells,2012,rb,24,< 24,ARI,1,110,8,7
CharcandrickWest25KAN2016,Charcandrick West,2016,rb,25,25-28,KAN,Undrafted,Undrafted,15,2
TyroneWheatley29OAK2001,Tyrone Wheatley,2001,rb,29,29-32,OAK,1,56,11,2
AndreWilliams23NYG2015,Andre Williams,2015,rb,23,< 24,NYG,4,16,16,0
ZachZenner25DET2016,Zach Zenner,2016,rb,25,25-28,DET,Undrafted,Undrafted,14,4
TarikCohen22CHI2017,Tarik Cohen,2017,rb,22,< 24,CHI,4,21,16,4
TevinColeman22ATL2015,Tevin Coleman,2015,rb,22,< 24,ATL,3,147,12,3
JustinForsett313TM2016,Justin Forsett,2016,rb,31,29-32,3TM,7,92,9,6
StevanRidley22NWE2011,Stevan Ridley,2011,rb,22,< 24,NWE,3,147,16,2
JasonSnelling27ATL2010,Jason Snelling,2010,rb,27,25-28,ATL,7,99,14,0
DarrenSproles28NOR2011,Darren Sproles,2011,rb,28,25-28,NOR,4,30,16,4
DeAndreWashington23OAK2016,DeAndre Washington,2016,rb,23,< 24,OAK,5,40,14,2
CadillacWilliams29STL2011,Cadillac Williams,2011,rb,29,29-32,STL,1,127,11,1
DeAngeloWilliams27CAR2010,DeAngelo Williams,2010,rb,27,25-28,CAR,1,106,6,6
MauriceJones-Drew27JAX2012,Maurice Jones-Drew,2012,rb,27,25-28,JAX,2,137,6,5
BrianLeonard23STL2007,Brian Leonard,2007,rb,23,< 24,STL,2,129,16,7
DonaldBrown27SDG2014,Donald Brown,2014,rb,27,25-28,SDG,1,106,13,3
ReubenDroughns29NYG2007,Reuben Droughns,2007,rb,29,29-32,NYG,3,155,16,1
QuentinGriffin23DEN2004,Quentin Griffin,2004,rb,23,< 24,DEN,4,11,6,4
ArlenHarris23STL2003,Arlen Harris,2003,rb,23,< 24,STL,Undrafted,Undrafted,16,2
PeytonHillis26KAN2012,Peyton Hillis,2012,rb,26,25-28,KAN,7,87,13,2
RonnieHillman21DEN2012,Ronnie Hillman,2012,rb,21,< 24,DEN,3,143,14,0
SammyMorris30NWE2007,Sammy Morris,2007,rb,30,29-32,NWE,5,51,6,2
JamesStarks28GNB2014,James Starks,2014,rb,28,25-28,GNB,6,75,16,0
TyroneWheatley32OAK2004,Tyrone Wheatley,2004,rb,32,29-32,OAK,1,56,8,7
AmosZereoue25PIT2001,Amos Zereoue,2001,rb,25,25-28,PIT,3,166,14,0
MikeAnderson29DEN2002,Mike Anderson,2002,rb,29,29-32,DEN,6,70,15,12
JahvidBest22DET2011,Jahvid Best,2011,rb,22,< 24,DET,1,109,6,6
MattBreida23SFO2018,Matt Breida,2018,rb,23,< 24,SFO,Undrafted,Undrafted,8,7
FrankGore35MIA2018,Frank Gore,2018,rb,35,32+,MIA,3,142,8,8
DerrickHenry24TEN2018,Derrick Henry,2018,rb,24,< 24,TEN,2,123,7,7
TimHightower25WAS2011,Tim Hightower,2011,rb,25,25-28,WAS,5,44,5,5
RashadJennings25JAX2010,Rashad Jennings,2010,rb,25,25-28,JAX,7,102,13,3
LaMontJordan24NYJ2002,LaMont Jordan,2002,rb,24,< 24,NYJ,2,126,14,0
JohnKuhn28GNB2010,John Kuhn,2010,rb,28,25-28,GNB,Undrafted,Undrafted,16,2
TheoRiddick26DET2017,Theo Riddick,2017,rb,26,25-28,DET,6,78,16,5
MoeWilliams28MIN2002,Moe Williams,2002,rb,28,25-28,MIN,3,149,16,0
CorrellBuckhalter28PHI2006,Correll Buckhalter,2006,rb,28,25-28,PHI,4,23,16,1
GlenCoffee22SFO2009,Glen Coffee,2009,rb,22,< 24,SFO,3,148,14,2
KevinFaulk32NWE2008,Kevin Faulk,2008,rb,32,29-32,NWE,2,124,15,3
CarlosHyde24SFO2014,Carlos Hyde,2014,rb,24,< 24,SFO,2,134,14,0
JalenRichard23OAK2016,Jalen Richard,2016,rb,23,< 24,OAK,Undrafted,Undrafted,16,0
DarrenSproles32PHI2015,Darren Sproles,2015,rb,32,29-32,PHI,4,30,16,4
PierreThomas26NOR2010,Pierre Thomas,2010,rb,26,25-28,NOR,Undrafted,Undrafted,6,3
JoiqueBell26DET2012,Joique Bell,2012,rb,26,25-28,DET,Undrafted,Undrafted,16,0
TevinColeman25ATL2018,Tevin Coleman,2018,rb,25,25-28,ATL,3,147,7,5
DukeJohnson24CLE2017,Duke Johnson,2017,rb,24,< 24,CLE,3,151,16,0
LataviusMurray24OAK2014,Latavius Murray,2014,rb,24,< 24,OAK,6,65,15,3
LataviusMurray28MIN2018,Latavius Murray,2018,rb,28,25-28,MIN,6,65,8,5
JonathanWells25HOU2004,Jonathan Wells,2004,rb,25,25-28,HOU,4,169,16,1
TobyGerhart23MIN2010,Toby Gerhart,2010,rb,23,< 24,MIN,2,128,15,1
CedricHouston23NYJ2005,Cedric Houston,2005,rb,23,< 24,NYJ,6,66,12,4
AaronJones23GNB2017,Aaron Jones,2017,rb,23,< 24,GNB,5,66,12,4
T.J.Yeldon25JAX2018,T.J. Yeldon,2018,rb,25,25-28,JAX,2,114,8,4
ShawnBryson25BUF2001,Shawn Bryson,2001,rb,25,25-28,BUF,3,159,15,3
LaMontJordan30NWE2008,LaMont Jordan,2008,rb,30,29-32,NWE,2,126,8,0
MauriceMorris32DET2011,Maurice Morris,2011,rb,32,29-32,DET,2,131,16,5
BilalPowell30NYJ2018,Bilal Powell,2018,rb,30,29-32,NYJ,4,26,7,7
RobertTurbin23SEA2012,Robert Turbin,2012,rb,23,< 24,SEA,4,9,16,0
MichaelTurner24SDG2006,Michael Turner,2006,rb,24,< 24,SDG,5,49,13,0
KahlilBell25CHI2011,Kahlil Bell,2011,rb,25,25-28,CHI,Undrafted,Undrafted,13,3
AlfredBlue27HOU2018,Alfred Blue,2018,rb,27,25-28,HOU,6,65,8,1
DevontaeBooker25DEN2017,Devontae Booker,2017,rb,25,25-28,DEN,4,34,13,0
ChrisBrown28HOU2009,Chris Brown,2009,rb,28,25-28,HOU,3,164,14,4
TroyHambrick26DAL2002,Troy Hambrick,2002,rb,26,25-28,DAL,Undrafted,Undrafted,16,0
ChrisIvory23NOR2011,Chris Ivory,2011,rb,23,< 24,NOR,Undrafted,Undrafted,6,2
AntonioPittman23STL2008,Antonio Pittman,2008,rb,23,< 24,STL,4,10,12,5
DuceStaley25PHI2000,Duce Staley,2000,rb,25,25-28,PHI,3,146,5,5
DonaldBrown22IND2009,Donald Brown,2009,rb,22,< 24,IND,1,106,11,1
TrungCanidate24STL2001,Trung Canidate,2001,rb,24,< 24,STL,1,110,16,2
TerrellDavis*28DEN2000,Terrell Davis*,2000,rb,28,25-28,DEN,6,77,5,4
ShaunDraughn282TM2015,Shaun Draughn,2015,rb,28,25-28,2TM,Undrafted,Undrafted,11,6
D'OntaForeman21HOU2017,D'Onta Foreman,2017,rb,21,< 24,HOU,3,161,10,1
DanHerron25IND2014,Dan Herron,2014,rb,25,25-28,IND,6,73,16,3
KendallHunter25SFO2013,Kendall Hunter,2013,rb,25,25-28,SFO,4,18,16,0
MarkIngram24NOR2013,Mark Ingram,2013,rb,24,< 24,NOR,1,107,11,3
C.J.Spiller27BUF2014,C.J. Spiller,2014,rb,27,25-28,BUF,1,162,9,5
LadellBetts24WAS2003,Ladell Betts,2003,rb,24,< 24,WAS,2,133,9,1
NajehDavenport24GNB2003,Najeh Davenport,2003,rb,24,< 24,GNB,4,33,15,0
AhmanGreen28GNB2005,Ahman Green,2005,rb,28,25-28,GNB,3,150,5,5
ShonnGreene28TEN2013,Shonn Greene,2013,rb,28,25-28,TEN,3,142,11,0
KerryonJohnson21DET2018,Kerryon Johnson,2018,rb,21,< 24,DET,Undrafted,Undrafted,7,4
DorseyLevens30GNB2000,Dorsey Levens,2000,rb,30,29-32,GNB,5,44,5,5
TyMontgomery23GNB2016,Ty Montgomery,2016,rb,23,< 24,GNB,3,165,15,6
AlfredMorris30SFO2018,Alfred Morris,2018,rb,30,29-32,SFO,6,59,8,1
WendellSmallwood22PHI2016,Wendell Smallwood,2016,rb,22,< 24,PHI,5,48,13,3
RobertTurbin24SEA2013,Robert Turbin,2013,rb,24,< 24,SEA,4,9,16,0
BrianWestbrook31SFO2010,Brian Westbrook,2010,rb,31,29-32,SFO,3,163,14,5
DannyWoodhead26NWE2011,Danny Woodhead,2011,rb,26,25-28,NWE,Undrafted,Undrafted,15,4
KimbleAnders34KAN2000,Kimble Anders,2000,rb,34,32+,KAN,Undrafted,Undrafted,15,7
CorrellBuckhalter30PHI2008,Correll Buckhalter,2008,rb,30,29-32,PHI,4,23,14,2
ReggieBush29DET2014,Reggie Bush,2014,rb,29,29-32,DET,1,79,11,9
DeShaunFoster28SFO2008,DeShaun Foster,2008,rb,28,25-28,SFO,2,112,16,2
RudiJohnson29DET2008,Rudi Johnson,2008,rb,29,29-32,DET,4,3,14,4
JeriousNorwood26ATL2009,Jerious Norwood,2009,rb,26,25-28,ATL,3,152,10,4
ChrisOgbonnaya252TM2011,Chris Ogbonnaya,2011,rb,25,25-28,2TM,7,85,13,4
AdrianPeterson26CHI2005,Adrian Peterson,2005,rb,26,25-28,CHI,6,78,16,0
MichaelPittman33DEN2008,Michael Pittman,2008,rb,33,32+,DEN,4,166,8,3
JosephRandle24DAL2015,Joseph Randle,2015,rb,24,< 24,DAL,5,47,6,6
KhiryRobinson25NOR2014,Khiry Robinson,2014,rb,25,25-28,NOR,Undrafted,Undrafted,10,3
ZacStacy23STL2014,Zac Stacy,2014,rb,23,< 24,STL,5,53,13,5
JordanTodman23JAX2013,Jordan Todman,2013,rb,23,< 24,JAX,6,67,16,2
LeonWashington26NYJ2008,Leon Washington,2008,rb,26,25-28,NYJ,4,19,16,1
DannyWoodhead27NWE2012,Danny Woodhead,2012,rb,27,25-28,NWE,Undrafted,Undrafted,16,2
TatumBell23DEN2004,Tatum Bell,2004,rb,23,< 24,DEN,2,119,14,0
BryceBrown22PHI2013,Bryce Brown,2013,rb,22,< 24,PHI,7,89,16,1
BrandonJackson22GNB2007,Brandon Jackson,2007,rb,22,< 24,GNB,2,140,11,3
DorseyLevens32PHI2002,Dorsey Levens,2002,rb,32,29-32,PHI,5,44,16,0
TreMason22STL2015,Tre Mason,2015,rb,22,< 24,STL,3,149,13,3
LeSeanMcCoy30BUF2018,LeSean McCoy,2018,rb,30,29-32,BUF,2,130,7,7
DominicRhodes28OAK2007,Dominic Rhodes,2007,rb,28,25-28,OAK,Undrafted,Undrafted,10,2
MusaSmith25BAL2007,Musa Smith,2007,rb,25,25-28,BAL,3,151,16,1
LaDainianTomlinson*32NYJ2011,LaDainian Tomlinson*,2011,rb,32,29-32,NYJ,1,127,14,1
RexBurkhead26CIN2016,Rex Burkhead,2016,rb,26,25-28,CIN,6,72,16,1
CoreyClement23PHI2017,Corey Clement,2017,rb,23,< 24,PHI,Undrafted,Undrafted,16,0
DalvinCook22MIN2017,Dalvin Cook,2017,rb,22,< 24,MIN,2,119,4,4
ShaunDraughn29SFO2016,Shaun Draughn,2016,rb,29,29-32,SFO,Undrafted,Undrafted,16,1
AhmanGreen31HOU2008,Ahman Green,2008,rb,31,29-32,HOU,3,150,8,1
BenJarvusGreen-Ellis23NWE2008,BenJarvus Green-Ellis,2008,rb,23,< 24,NWE,Undrafted,Undrafted,9,3
VerronHaynes26PIT2005,Verron Haynes,2005,rb,26,25-28,PIT,5,55,14,0
RyanMathews27SDG2014,Ryan Mathews,2014,rb,27,25-28,SDG,1,22,6,6
BernardScott25CIN2009,Bernard Scott,2009,rb,25,25-28,CIN,6,83,13,2
C.J.Spiller23BUF2010,C.J. Spiller,2010,rb,23,< 24,BUF,1,162,14,1
RobertTurbin25SEA2014,Robert Turbin,2014,rb,25,25-28,SEA,4,9,16,3
ChrisWarren322TM2000,Chris Warren,2000,rb,32,29-32,2TM,4,161,14,1
AndreBrown26NYG2012,Andre Brown,2012,rb,26,25-28,NYG,4,28,10,2
PeytonHillis27NYG2013,Peyton Hillis,2013,rb,27,25-28,NYG,7,87,7,1
ChrisIvory30BUF2018,Chris Ivory,2018,rb,30,29-32,BUF,Undrafted,Undrafted,8,1
DukeJohnson23CLE2016,Duke Johnson,2016,rb,23,< 24,CLE,3,151,16,1
DionLewis28TEN2018,Dion Lewis,2018,rb,28,25-28,TEN,5,44,7,0
SammyMorris32NWE2009,Sammy Morris,2009,rb,32,29-32,NWE,5,51,12,5
KendallHunter24SFO2012,Kendall Hunter,2012,rb,24,< 24,SFO,4,18,11,0
KevinSmith25DET2011,Kevin Smith,2011,rb,25,25-28,DET,3,141,7,4
SpencerWare24KAN2015,Spencer Ware,2015,rb,24,< 24,KAN,6,76,11,2
LeonWashington27NYJ2009,Leon Washington,2009,rb,27,25-28,NYJ,4,19,7,0
RickyWatters32SEA2001,Ricky Watters,2001,rb,32,29-32,SEA,2,123,5,4
CedricBenson30GNB2012,Cedric Benson,2012,rb,30,29-32,GNB,1,118,5,5
AlfredBlue26HOU2017,Alfred Blue,2017,rb,26,25-28,HOU,6,65,11,0
JamaalCharles29KAN2015,Jamaal Charles,2015,rb,29,29-32,KAN,3,147,5,5
NajehDavenport25GNB2004,Najeh Davenport,2004,rb,25,25-28,GNB,4,33,11,1
RoyceFreeman22DEN2018,Royce Freeman,2018,rb,22,< 24,DEN,Undrafted,Undrafted,7,7
LamarGordon23STL2003,Lamar Gordon,2003,rb,23,< 24,STL,3,157,10,4
JeromeHarrison272TM2010,Jerome Harrison,2010,rb,27,25-28,2TM,5,42,12,2
EddieLacy26GNB2016,Eddie Lacy,2016,rb,26,25-28,GNB,2,138,5,5
TyMontgomery24GNB2017,Ty Montgomery,2017,rb,24,< 24,GNB,3,165,8,5
MauriceMorris26SEA2005,Maurice Morris,2005,rb,26,25-28,SEA,2,131,16,2
ErrictRhett30CLE2000,Errict Rhett,2000,rb,30,29-32,CLE,2,112,5,4
JamesStarks26GNB2012,James Starks,2012,rb,26,25-28,GNB,6,75,6,2
MichaelTurner25SDG2007,Michael Turner,2007,rb,25,25-28,SDG,5,49,16,0
LeonWashington25NYJ2007,Leon Washington,2007,rb,25,25-28,NYJ,4,19,16,4
DavidWilson21NYG2012,David Wilson,2012,rb,21,< 24,NYG,1,111,16,2
MikeAnderson30DEN2003,Mike Anderson,2003,rb,30,29-32,DEN,6,70,12,5
RichieAnderson32DAL2003,Richie Anderson,2003,rb,32,29-32,DAL,6,41,15,8
MichaelBennett26MIN2004,Michael Bennett,2004,rb,26,25-28,MIN,1,106,11,7
ReggieBush24NOR2009,Reggie Bush,2009,rb,24,< 24,NOR,1,79,14,8
KnileDavis22KAN2013,Knile Davis,2013,rb,22,< 24,KAN,3,167,16,1
AnthonyDixon23SFO2010,Anthony Dixon,2010,rb,23,< 24,SFO,6,59,16,0
KenyanDrake24MIA2018,Kenyan Drake,2018,rb,24,< 24,MIA,3,147,8,5
TonyFisher23GNB2002,Tony Fisher,2002,rb,23,< 24,GNB,Undrafted,Undrafted,15,1
AhmanGreen30HOU2007,Ahman Green,2007,rb,30,29-32,HOU,3,150,6,5
MichaelPittman30TAM2005,Michael Pittman,2005,rb,30,29-32,TAM,4,166,16,4
BilalPowell27NYJ2015,Bilal Powell,2015,rb,27,25-28,NYJ,4,26,11,2
LeonardWeaver27PHI2009,Leonard Weaver,2009,rb,27,25-28,PHI,Undrafted,Undrafted,16,8
JamelWhite26CLE2003,Jamel White,2003,rb,26,25-28,CLE,Undrafted,Undrafted,16,3
JamaalCharles31DEN2017,Jamaal Charles,2017,rb,31,29-32,DEN,3,147,14,0
EddieLacy27SEA2017,Eddie Lacy,2017,rb,27,25-28,SEA,2,138,9,3
AlfredMorris28DAL2016,Alfred Morris,2016,rb,28,25-28,DAL,6,59,14,0
DarylRichardson23STL2013,Daryl Richardson,2013,rb,23,< 24,STL,7,103,8,3
MikeDavis24SEA2017,Mike Davis,2017,rb,24,< 24,SEA,4,26,6,6
PeytonHillis22DEN2008,Peyton Hillis,2008,rb,22,< 24,DEN,7,87,12,6
BradHoover28CAR2004,Brad Hoover,2004,rb,28,25-28,CAR,Undrafted,Undrafted,14,9
ElvisJoseph23JAX2001,Elvis Joseph,2001,rb,23,< 24,JAX,Undrafted,Undrafted,14,3
DorseyLevens33NYG2003,Dorsey Levens,2003,rb,33,32+,NYG,5,44,11,0
MichaelPittman32TAM2007,Michael Pittman,2007,rb,32,29-32,TAM,4,166,10,3
LorenzoTaliaferro23BAL2014,Lorenzo Taliaferro,2014,rb,23,< 24,BAL,4,36,13,0
ChrisThompson26WAS2016,Chris Thompson,2016,rb,26,25-28,WAS,5,49,16,0
MikeAlstott31TAM2004,Mike Alstott,2004,rb,31,29-32,TAM,2,113,14,11
CedricBenson23CHI2005,Cedric Benson,2005,rb,23,< 24,CHI,1,118,9,1
AhmadBradshaw22NYG2008,Ahmad Bradshaw,2008,rb,22,< 24,NYG,7,102,15,0
JamaalCharles22KAN2008,Jamaal Charles,2008,rb,22,< 24,KAN,3,147,16,2
FrankMoreau24KAN2000,Frank Moreau,2000,rb,24,< 24,KAN,4,18,11,0
DenardRobinson25JAX2015,Denard Robinson,2015,rb,25,25-28,JAX,5,33,13,3
TashardChoice26DAL2010,Tashard Choice,2010,rb,26,25-28,DAL,4,24,16,0
BennyCunningham24STL2014,Benny Cunningham,2014,rb,24,< 24,STL,Undrafted,Undrafted,16,2
NickGoings23CAR2001,Nick Goings,2001,rb,23,< 24,CAR,Undrafted,Undrafted,13,2
MarlonMack22IND2018,Marlon Mack,2018,rb,22,< 24,IND,4,40,4,4
TonyRichardson30KAN2001,Tony Richardson,2001,rb,30,29-32,KAN,Undrafted,Undrafted,14,8
CharlesSims24TAM2014,Charles Sims,2014,rb,24,< 24,TAM,3,144,8,0
MikeTolbert32BUF2017,Mike Tolbert,2017,rb,32,29-32,BUF,Undrafted,Undrafted,12,0
LadellBetts23WAS2002,Ladell Betts,2002,rb,23,< 24,WAS,2,133,11,0
JesseChatman25SDG2004,Jesse Chatman,2004,rb,25,25-28,SDG,Undrafted,Undrafted,15,0
T.J.Duckett26DET2007,T.J. Duckett,2007,rb,26,25-28,DET,1,63,12,1
MarshallFaulk*32STL2005,Marshall Faulk*,2005,rb,32,29-32,STL,1,79,16,1
TonyFisher25GNB2004,Tony Fisher,2004,rb,25,25-28,GNB,Undrafted,Undrafted,16,0
DevontaFreeman22ATL2014,Devonta Freeman,2014,rb,22,< 24,ATL,4,6,16,0
LamarGordon22STL2002,Lamar Gordon,2002,rb,22,< 24,STL,3,157,13,5
MontarioHardesty25CLE2012,Montario Hardesty,2012,rb,25,25-28,CLE,2,136,13,1
MeweldeMoore22MIN2004,Mewelde Moore,2004,rb,22,< 24,MIN,4,21,10,3
BenTate24HOU2012,Ben Tate,2012,rb,24,< 24,HOU,2,135,11,0
KeilandWilliams24WAS2010,Keiland Williams,2010,rb,24,< 24,WAS,Undrafted,Undrafted,15,3
MoeWilliams27BAL2001,Moe Williams,2001,rb,27,25-28,BAL,3,149,15,2
ShaunAlexander23SEA2000,Shaun Alexander,2000,rb,23,< 24,SEA,1,71,16,1
ShawnBryson29DET2005,Shawn Bryson,2005,rb,29,29-32,DET,3,159,16,2
RexBurkhead27NWE2017,Rex Burkhead,2017,rb,27,25-28,NWE,6,72,10,3
RockCartwright30WAS2009,Rock Cartwright,2009,rb,30,29-32,WAS,7,104,16,2
TashardChoice25DAL2009,Tashard Choice,2009,rb,25,25-28,DAL,4,24,16,0
DionLewis26NWE2016,Dion Lewis,2016,rb,26,25-28,NWE,5,44,7,5
JacquizzRodgers27TAM2017,Jacquizz Rodgers,2017,rb,27,25-28,TAM,5,42,16,4
ChrisThompson27WAS2017,Chris Thompson,2017,rb,27,25-28,WAS,5,49,10,1
LenDaleWhite25TEN2009,LenDale White,2009,rb,25,25-28,TEN,2,123,13,0
BrandonBolden25NWE2015,Brandon Bolden,2015,rb,25,25-28,NWE,Undrafted,Undrafted,15,2
MalcolmBrown24LAR2017,Malcolm Brown,2017,rb,24,< 24,LAR,Undrafted,Undrafted,11,1
MichaelBush29CHI2013,Michael Bush,2013,rb,29,29-32,CHI,4,3,15,0
Ki-JanaCarter28WAS2001,Ki-Jana Carter,2001,rb,28,25-28,WAS,1,1,14,0
DougChapman24MIN2001,Doug Chapman,2001,rb,24,< 24,MIN,3,160,16,3
JustinForsett27HOU2012,Justin Forsett,2012,rb,27,25-28,HOU,7,92,16,0
ArianFoster29HOU2015,Arian Foster,2015,rb,29,29-32,HOU,Undrafted,Undrafted,4,4
TroyHambrick28ARI2004,Troy Hambrick,2004,rb,28,25-28,ARI,Undrafted,Undrafted,10,0
RobertHolcombe28TEN2003,Robert Holcombe,2003,rb,28,25-28,TEN,2,115,15,0
ChrisJennings24CLE2009,Chris Jennings,2009,rb,24,< 24,CLE,Undrafted,Undrafted,9,1
DejiKarim25JAX2011,Deji Karim,2011,rb,25,25-28,JAX,6,64,12,0
JamesStarks30GNB2016,James Starks,2016,rb,30,29-32,GNB,6,75,9,4
ChesterTaylor24BAL2003,Chester Taylor,2003,rb,24,< 24,BAL,6,82,16,1
FredTaylor33NWE2009,Fred Taylor,2009,rb,33,32+,NWE,1,162,6,1
StepfanTaylor23ARI2014,Stepfan Taylor,2014,rb,23,< 24,ARI,5,39,14,4
CadillacWilliams26TAM2008,Cadillac Williams,2008,rb,26,25-28,TAM,1,127,6,1
JamaalWilliams23GNB2018,Jamaal Williams,2018,rb,23,< 24,GNB,4,32,7,5
CorrellBuckhalter29PHI2007,Correll Buckhalter,2007,rb,29,29-32,PHI,4,23,14,2
T.J.Duckett27SEA2008,T.J. Duckett,2008,rb,27,25-28,SEA,1,63,16,0
KevinFaulk33NWE2009,Kevin Faulk,2009,rb,33,32+,NWE,2,124,15,7
KevinFaulk31NWE2007,Kevin Faulk,2007,rb,31,29-32,NWE,2,124,16,8
QuintonGanther25WAS2009,Quinton Ganther,2009,rb,25,25-28,WAS,7,100,8,4
RoyHelu25WAS2013,Roy Helu,2013,rb,25,25-28,WAS,4,8,16,0
GregJones23JAX2004,Greg Jones,2004,rb,23,< 24,JAX,2,132,16,3
RobertKelley25WAS2017,Robert Kelley,2017,rb,25,25-28,WAS,Undrafted,Undrafted,7,7
JeremyLangford25CHI2016,Jeremy Langford,2016,rb,25,25-28,CHI,4,9,12,3
MikeTolbert30CAR2015,Mike Tolbert,2015,rb,30,29-32,CAR,Undrafted,Undrafted,16,3
ShaneVereen23NWE2012,Shane Vereen,2012,rb,23,< 24,NWE,2,133,13,1
TerranceWest242TM2015,Terrance West,2015,rb,24,< 24,2TM,3,165,8,0
DeAngeloWilliams31CAR2014,DeAngelo Williams,2014,rb,31,29-32,CAR,1,106,6,6
JasonWright24CLE2006,Jason Wright,2006,rb,24,< 24,CLE,Undrafted,Undrafted,13,3
MichaelBennett292TM2007,Michael Bennett,2007,rb,29,29-32,2TM,1,106,14,1
LadellBetts29WAS2008,Ladell Betts,2008,rb,29,29-32,WAS,2,133,13,0
ChrisPerry24CIN2005,Chris Perry,2005,rb,24,< 24,CIN,1,105,14,2
BernardScott26CIN2010,Bernard Scott,2010,rb,26,25-28,CIN,6,83,16,0
DarrenSproles25SDG2008,Darren Sproles,2008,rb,25,25-28,SDG,4,30,16,0
RodneyThomas27TEN2000,Rodney Thomas,2000,rb,27,25-28,TEN,3,161,16,0
ShaneVereen26NYG2015,Shane Vereen,2015,rb,26,25-28,NYG,2,133,16,0
LamontWarren28DET2001,Lamont Warren,2001,rb,28,25-28,DET,6,54,16,3
BrianWestbrook30PHI2009,Brian Westbrook,2009,rb,30,29-32,PHI,3,163,8,7
LenDaleWhite22TEN2006,LenDale White,2006,rb,22,< 24,TEN,2,123,13,0
SelvinYoung25DEN2008,Selvin Young,2008,rb,25,25-28,DEN,Undrafted,Undrafted,8,5
MikeAlstott33TAM2006,Mike Alstott,2006,rb,33,32+,TAM,2,113,16,15
LeGarretteBlount32DET2018,LeGarrette Blount,2018,rb,32,29-32,DET,Undrafted,Undrafted,7,3
ZackCrockett33OAK2005,Zack Crockett,2005,rb,33,32+,OAK,3,152,16,10
NajehDavenport27PIT2006,Najeh Davenport,2006,rb,27,25-28,PIT,4,33,13,0
KennethFarrow23SDG2016,Kenneth Farrow,2016,rb,23,< 24,SDG,Undrafted,Undrafted,13,2
TonyFisher26GNB2005,Tony Fisher,2005,rb,26,25-28,GNB,Undrafted,Undrafted,14,4
MikeJames22TAM2013,Mike James,2013,rb,22,< 24,TAM,6,70,8,3
JuliusJones292TM2010,Julius Jones,2010,rb,29,29-32,2TM,2,121,12,2
WilliamPowell24ARI2012,William Powell,2012,rb,24,< 24,ARI,Undrafted,Undrafted,13,1
WendellSmallwood24PHI2018,Wendell Smallwood,2018,rb,24,< 24,PHI,5,48,8,4
JasonWright25CLE2007,Jason Wright,2007,rb,25,25-28,CLE,Undrafted,Undrafted,16,1
TavonAustin27LAR2017,Tavon Austin,2017,rb,27,25-28,LAR,1,153,16,9
DonaldBrown28SDG2015,Donald Brown,2015,rb,28,25-28,SDG,1,106,9,2
CorrellBuckhalter32DEN2010,Correll Buckhalter,2010,rb,32,29-32,DEN,4,23,15,0
ShaunDraughn25KAN2012,Shaun Draughn,2012,rb,25,25-28,KAN,Undrafted,Undrafted,16,0
DeShaunFoster24CAR2004,DeShaun Foster,2004,rb,24,< 24,CAR,2,112,4,3
MauriceHicks27SFO2005,Maurice Hicks,2005,rb,27,25-28,SFO,Undrafted,Undrafted,14,3
TravisMinor22MIA2001,Travis Minor,2001,rb,22,< 24,MIA,3,158,16,0
MarcelReece27OAK2012,Marcel Reece,2012,rb,27,25-28,OAK,Undrafted,Undrafted,16,14
JavonRinger24TEN2011,Javon Ringer,2011,rb,24,< 24,TEN,5,59,12,0
RyanTorain25WAS2011,Ryan Torain,2011,rb,25,25-28,WAS,5,37,8,4
FredJackson26BUF2007,Fred Jackson,2007,rb,26,25-28,BUF,Undrafted,Undrafted,8,1
BrandonJacobs31NYG2013,Brandon Jacobs,2013,rb,31,29-32,NYG,4,14,7,1
StanleyPritchett27PHI2000,Stanley Pritchett,2000,rb,27,25-28,PHI,4,20,16,2
ThomasRawls24SEA2017,Thomas Rawls,2017,rb,24,< 24,SEA,Undrafted,Undrafted,12,3
JacquizzRodgers24ATL2014,Jacquizz Rodgers,2014,rb,24,< 24,ATL,5,42,16,1
AaronStecker29NOR2004,Aaron Stecker,2004,rb,29,29-32,NOR,Undrafted,Undrafted,16,3
DariusWalker22HOU2007,Darius Walker,2007,rb,22,< 24,HOU,Undrafted,Undrafted,4,2
KeilandWilliams25DET2011,Keiland Williams,2011,rb,25,25-28,DET,Undrafted,Undrafted,15,0
RyanWilliams22ARI2012,Ryan Williams,2012,rb,22,< 24,ARI,2,116,5,3
RichieAnderson33DAL2004,Richie Anderson,2004,rb,33,32+,DAL,6,41,12,4
TashardChoice273TM2011,Tashard Choice,2011,rb,27,25-28,3TM,4,24,13,1
ZackCrockett29OAK2001,Zack Crockett,2001,rb,29,29-32,OAK,3,152,16,0
OlandisGary26DEN2001,Olandis Gary,2001,rb,26,25-28,DEN,4,27,9,1
ArtosePinner26DET2004,Artose Pinner,2004,rb,26,25-28,DET,4,169,9,2
JacquizzRodgers21ATL2011,Jacquizz Rodgers,2011,rb,21,< 24,ATL,5,42,16,0
DarrenSproles31PHI2014,Darren Sproles,2014,rb,31,29-32,PHI,4,30,15,0
MichaelTurner23SDG2005,Michael Turner,2005,rb,23,< 24,SDG,5,49,16,0
DeAndreWashington24OAK2017,DeAndre Washington,2017,rb,24,< 24,OAK,5,40,15,0
FozzyWhittaker27CAR2016,Fozzy Whittaker,2016,rb,27,25-28,CAR,Undrafted,Undrafted,16,0
BrandonBennett30CIN2003,Brandon Bennett,2003,rb,30,29-32,CIN,Undrafted,Undrafted,16,0
LadellBetts30WAS2009,Ladell Betts,2009,rb,30,29-32,WAS,2,133,10,2
BrandonBolden22NWE2012,Brandon Bolden,2012,rb,22,< 24,NWE,Undrafted,Undrafted,10,0
ChrisBrown22TEN2003,Chris Brown,2003,rb,22,< 24,TEN,3,164,11,0
SamkonGado242TM2006,Samkon Gado,2006,rb,24,< 24,2TM,Undrafted,Undrafted,9,1
JonathanGrimes26HOU2015,Jonathan Grimes,2015,rb,26,25-28,HOU,Undrafted,Undrafted,14,0
SkipHicks27TEN2001,Skip Hicks,2001,rb,27,25-28,TEN,3,144,9,0
JalenRichard24OAK2017,Jalen Richard,2017,rb,24,< 24,OAK,Undrafted,Undrafted,16,1
KhiryRobinson26NOR2015,Khiry Robinson,2015,rb,26,25-28,NOR,Undrafted,Undrafted,8,0
EvanRoyster24WAS2011,Evan Royster,2011,rb,24,< 24,WAS,6,61,6,2
LeeSuggs23CLE2003,Lee Suggs,2003,rb,23,< 24,CLE,4,18,7,0
JamalAnderson29ATL2001,Jamal Anderson,2001,rb,29,29-32,ATL,7,80,3,3
MonteeBall24DEN2014,Montee Ball,2014,rb,24,< 24,DEN,2,135,5,3
PeytonBarber22TAM2016,Peyton Barber,2016,rb,22,< 24,TAM,Undrafted,Undrafted,15,1
BrandonBolden23NWE2013,Brandon Bolden,2013,rb,23,< 24,NWE,Undrafted,Undrafted,12,2
VerronHaynes25PIT2004,Verron Haynes,2004,rb,25,25-28,PIT,5,55,13,0
RonnieHillman22DEN2013,Ronnie Hillman,2013,rb,22,< 24,DEN,3,143,10,0
DexterMcCluster26TEN2015,Dexter McCluster,2015,rb,26,25-28,TEN,2,114,11,2
RyanMoats23PHI2005,Ryan Moats,2005,rb,23,< 24,PHI,3,151,7,1
RodSmith25DAL2017,Rod Smith,2017,rb,25,25-28,DAL,Undrafted,Undrafted,15,1
KaRonColeman22DEN2000,KaRon Coleman,2000,rb,22,< 24,DEN,Undrafted,Undrafted,9,0
KevinFaulk28NWE2004,Kevin Faulk,2004,rb,28,25-28,NWE,2,124,11,1
ArianFoster23HOU2009,Arian Foster,2009,rb,23,< 24,HOU,Undrafted,Undrafted,6,1
LamarGordon25PHI2005,Lamar Gordon,2005,rb,25,25-28,PHI,3,157,14,4
StaceyMack25JAX2000,Stacey Mack,2000,rb,25,25-28,JAX,Undrafted,Undrafted,6,2
ChristineMichael252TM2015,Christine Michael,2015,rb,25,25-28,2TM,2,139,8,2
PatrickPass28NWE2005,Patrick Pass,2005,rb,28,25-28,NWE,7,95,12,4
ClintonPortis29WAS2010,Clinton Portis,2010,rb,29,29-32,WAS,2,128,5,5
JosephRandle22DAL2013,Joseph Randle,2013,rb,22,< 24,DAL,5,47,13,2
KhiryRobinson24NOR2013,Khiry Robinson,2013,rb,24,< 24,NOR,Undrafted,Undrafted,10,0
JuwanThompson20DEN2014,Juwan Thompson,2014,rb,20,< 24,DEN,Undrafted,Undrafted,15,0
MikeTolbert27CAR2012,Mike Tolbert,2012,rb,27,25-28,CAR,Undrafted,Undrafted,16,5
JustinWatson25STL2000,Justin Watson,2000,rb,25,25-28,STL,Undrafted,Undrafted,14,2
CadillacWilliams25TAM2007,Cadillac Williams,2007,rb,25,25-28,TAM,1,127,4,4
TimBiakabutuka27CAR2001,Tim Biakabutuka,2001,rb,27,25-28,CAR,1,153,5,4
RonDayne27DEN2005,Ron Dayne,2005,rb,27,25-28,DEN,1,13,10,0
AustinEkeler23LAC2018,Austin Ekeler,2018,rb,23,< 24,LAC,Undrafted,Undrafted,7,1
SamkonGado252TM2007,Samkon Gado,2007,rb,25,25-28,2TM,Undrafted,Undrafted,8,2
DominicRhodes25IND2004,Dominic Rhodes,2004,rb,25,25-28,IND,Undrafted,Undrafted,16,0
DarrenSproles30NOR2013,Darren Sproles,2013,rb,30,29-32,NOR,4,30,15,4
LaBrandonToefield23JAX2003,LaBrandon Toefield,2003,rb,23,< 24,JAX,4,31,16,0
LeonWashington29SEA2011,Leon Washington,2011,rb,29,29-32,SEA,4,19,16,1
KerwynnWilliams23ARI2014,Kerwynn Williams,2014,rb,23,< 24,ARI,7,91,5,0
NickChubb23CLE2018,Nick Chubb,2018,rb,23,< 24,CLE,Undrafted,Undrafted,8,1
DavidCobb22TEN2015,David Cobb,2015,rb,22,< 24,TEN,5,36,7,1
MikeDavis25SEA2018,Mike Davis,2018,rb,25,25-28,SEA,4,26,6,1
RonDayne26NYG2004,Ron Dayne,2004,rb,26,25-28,NYG,1,13,14,2
HeathEvans272TM2005,Heath Evans,2005,rb,27,25-28,2TM,3,156,12,3
KevinFaulk26NWE2002,Kevin Faulk,2002,rb,26,25-28,NWE,2,124,15,0
NyheimHines22IND2018,Nyheim Hines,2018,rb,22,< 24,IND,Undrafted,Undrafted,8,2
JerickMcKinnon23MIN2015,Jerick McKinnon,2015,rb,23,< 24,MIN,3,167,16,0
IsaacRedman26PIT2010,Isaac Redman,2010,rb,26,25-28,PIT,Undrafted,Undrafted,16,0
PierreThomas23NOR2007,Pierre Thomas,2007,rb,23,< 24,NOR,Undrafted,Undrafted,12,1
JordanWilkins24IND2018,Jordan Wilkins,2018,rb,24,< 24,IND,Undrafted,Undrafted,8,3
MarcEdwards27NWE2001,Marc Edwards,2001,rb,27,25-28,NWE,2,132,16,13
KevinFaulk29NWE2005,Kevin Faulk,2005,rb,29,29-32,NWE,2,124,8,2
BenGay21CLE2001,Ben Gay,2001,rb,21,< 24,CLE,Undrafted,Undrafted,16,0
RashardMendenhall25PIT2012,Rashard Mendenhall,2012,rb,25,25-28,PIT,1,90,6,4
LamarMiller21MIA2012,Lamar Miller,2012,rb,21,< 24,MIA,4,168,13,1
JosephRandle23DAL2014,Joseph Randle,2014,rb,23,< 24,DAL,5,47,16,0
JavonRinger23TEN2010,Javon Ringer,2010,rb,23,< 24,TEN,5,59,16,0
CharlesSims26TAM2016,Charles Sims,2016,rb,26,25-28,TAM,3,144,7,2
LaBrandonToefield24JAX2004,LaBrandon Toefield,2004,rb,24,< 24,JAX,4,31,14,0
FredBeasley26SFO2000,Fred Beasley,2000,rb,26,25-28,SFO,6,64,15,15
BrandonBennett28CIN2001,Brandon Bennett,2001,rb,28,25-28,CIN,Undrafted,Undrafted,16,1
ShawnBryson28DET2004,Shawn Bryson,2004,rb,28,25-28,DET,3,159,16,1
CoreyClement24PHI2018,Corey Clement,2018,rb,24,< 24,PHI,Undrafted,Undrafted,6,0
BrockForsey23CHI2003,Brock Forsey,2003,rb,23,< 24,CHI,6,81,9,2
TobyGerhart25MIN2012,Toby Gerhart,2012,rb,25,25-28,MIN,2,128,16,0
NickGoings24CAR2002,Nick Goings,2002,rb,24,< 24,CAR,Undrafted,Undrafted,14,2
J.J.Johnson26MIA2000,J.J. Johnson,2000,rb,26,25-28,MIA,2,117,13,1
MichaelPittman31TAM2006,Michael Pittman,2006,rb,31,29-32,TAM,4,166,16,3
DarrenSproles27SDG2010,Darren Sproles,2010,rb,27,25-28,SDG,4,30,16,3
RobertTurbin262TM2015,Robert Turbin,2015,rb,26,25-28,2TM,4,9,10,0
DerrickWard30HOU2010,Derrick Ward,2010,rb,30,29-32,HOU,7,93,16,0
DeShawnWynn24GNB2007,DeShawn Wynn,2007,rb,24,< 24,GNB,7,88,7,4
JayAjayi22MIA2015,Jay Ajayi,2015,rb,22,< 24,MIA,5,44,9,0
ChrisCarson23SEA2017,Chris Carson,2017,rb,23,< 24,SEA,7,101,4,3
MikeCloud27KAN2002,Mike Cloud,2002,rb,27,25-28,KAN,2,131,14,2
JonathanDwyer24PIT2013,Jonathan Dwyer,2013,rb,24,< 24,PIT,6,69,15,0
ArlenHarris26DET2006,Arlen Harris,2006,rb,26,25-28,DET,Undrafted,Undrafted,10,3
DennisJohnson23HOU2013,Dennis Johnson,2013,rb,23,< 24,HOU,Undrafted,Undrafted,8,1
DionLewis25NWE2015,Dion Lewis,2015,rb,25,25-28,NWE,5,44,7,6
ChrisOgbonnaya27CLE2013,Chris Ogbonnaya,2013,rb,27,25-28,CLE,7,85,16,7
CorySchlesinger30DET2002,Cory Schlesinger,2002,rb,30,29-32,DET,6,74,16,14
T.J.Yeldon24JAX2017,T.J. Yeldon,2017,rb,24,< 24,JAX,2,114,10,0
ZackCrockett31OAK2003,Zack Crockett,2003,rb,31,29-32,OAK,3,152,16,7
ZackCrockett32OAK2004,Zack Crockett,2004,rb,32,29-32,OAK,3,152,16,9
DuJuanHarris272TM2015,DuJuan Harris,2015,rb,27,25-28,2TM,Undrafted,Undrafted,4,1
NoahHerron232TM2005,Noah Herron,2005,rb,23,< 24,2TM,7,99,7,0
FelixJones26PIT2013,Felix Jones,2013,rb,26,25-28,PIT,1,86,16,2
ChadMorton26WAS2003,Chad Morton,2003,rb,26,25-28,WAS,5,55,15,2
DarrenSproles29NOR2012,Darren Sproles,2012,rb,29,29-32,NOR,4,30,13,6
JonathanStewart26CAR2013,Jonathan Stewart,2013,rb,26,25-28,CAR,1,29,6,1
JamesWhite26NWE2018,James White,2018,rb,26,25-28,NWE,4,30,8,1
RickyWilliams25IND2003,Ricky Williams,2003,rb,25,25-28,IND,Undrafted,Undrafted,13,4
MikeBell272TM2010,Mike Bell,2010,rb,27,25-28,2TM,Undrafted,Undrafted,16,1
TashardChoice28BUF2012,Tashard Choice,2012,rb,28,25-28,BUF,4,24,12,0
BennyCunningham23STL2013,Benny Cunningham,2013,rb,23,< 24,STL,Undrafted,Undrafted,14,0
AustinEkeler22LAC2017,Austin Ekeler,2017,rb,22,< 24,LAC,Undrafted,Undrafted,16,0
MikeGillislee25BUF2015,Mike Gillislee,2015,rb,25,25-28,BUF,5,54,5,1
RobertHolcombe27TEN2002,Robert Holcombe,2002,rb,27,25-28,TEN,2,115,8,0
BrianLeonard29TAM2013,Brian Leonard,2013,rb,29,29-32,TAM,2,129,16,1
BishopSankey23TEN2015,Bishop Sankey,2015,rb,23,< 24,TEN,2,131,13,3
CorySchlesinger29DET2001,Cory Schlesinger,2001,rb,29,29-32,DET,6,74,16,13
WendellSmallwood23PHI2017,Wendell Smallwood,2017,rb,23,< 24,PHI,5,48,8,3
RobertTurbin27IND2016,Robert Turbin,2016,rb,27,25-28,IND,4,9,15,0
PeytonManning37DEN2013,Peyton Manning,2013,qb,37,32+,DEN,1,1,16,16
TomBrady30NWE2007,Tom Brady,2007,qb,30,29-32,NWE,7,64,16,16
PeytonManning28IND2004,Peyton Manning,2004,qb,28,25-28,IND,1,1,16,16
DrewBrees32NOR2011,Drew Brees,2011,qb,32,29-32,NOR,3,102,16,16
AaronRodgers28GNB2011,Aaron Rodgers,2011,qb,28,25-28,GNB,1,91,15,15
DrewBrees33NOR2012,Drew Brees,2012,qb,33,32+,NOR,3,102,16,16
MatthewStafford23DET2011,Matthew Stafford,2011,qb,23,< 24,DET,1,1,16,16
AndrewLuck25IND2014,Andrew Luck,2014,qb,25,25-28,IND,1,1,16,16
AaronRodgers33GNB2016,Aaron Rodgers,2016,qb,33,32+,GNB,1,91,16,16
TomBrady34NWE2011,Tom Brady,2011,qb,34,32+,NWE,7,64,16,16
DrewBrees34NOR2013,Drew Brees,2013,qb,34,32+,NOR,3,102,16,16
DaunteCulpepper27MIN2004,Daunte Culpepper,2004,qb,27,25-28,MIN,1,11,16,16
PeytonManning38DEN2014,Peyton Manning,2014,qb,38,32+,DEN,1,1,16,16
AaronRodgers29GNB2012,Aaron Rodgers,2012,qb,29,29-32,GNB,1,91,16,16
AaronRodgers31GNB2014,Aaron Rodgers,2014,qb,31,29-32,GNB,1,91,16,16
MattRyan31ATL2016,Matt Ryan,2016,qb,31,29-32,ATL,1,101,16,16
DrewBrees37NOR2016,Drew Brees,2016,qb,37,32+,NOR,3,102,16,16
PeytonManning36DEN2012,Peyton Manning,2012,qb,36,32+,DEN,1,1,16,16
TomBrady38NWE2015,Tom Brady,2015,qb,38,32+,NWE,7,64,16,16
TomBrady33NWE2010,Tom Brady,2010,qb,33,32+,NWE,7,64,16,16
TonyRomo27DAL2007,Tony Romo,2007,qb,27,25-28,DAL,Undrafted,Undrafted,16,16
KurtWarner*30STL2001,Kurt Warner*,2001,qb,30,29-32,STL,Undrafted,Undrafted,16,16
BlakeBortles23JAX2015,Blake Bortles,2015,qb,23,< 24,JAX,1,101,16,16
EliManning34NYG2015,Eli Manning,2015,qb,34,32+,NYG,1,1,16,16
CamNewton26CAR2015,Cam Newton,2015,qb,26,25-28,CAR,1,1,16,16
CarsonPalmer36ARI2015,Carson Palmer,2015,qb,36,32+,ARI,1,1,16,16
TomBrady35NWE2012,Tom Brady,2012,qb,35,32+,NWE,7,64,16,16
DrewBrees29NOR2008,Drew Brees,2008,qb,29,29-32,NOR,3,102,16,16
DrewBrees30NOR2009,Drew Brees,2009,qb,30,29-32,NOR,3,102,15,15
PhilipRivers27SDG2008,Philip Rivers,2008,qb,27,25-28,SDG,1,108,16,16
TonyRomo34DAL2014,Tony Romo,2014,qb,34,32+,DAL,Undrafted,Undrafted,15,15
RussellWilson29SEA2017,Russell Wilson,2017,qb,29,29-32,SEA,4,134,16,16
RussellWilson27SEA2015,Russell Wilson,2015,qb,27,25-28,SEA,4,134,16,16
TomBrady37NWE2014,Tom Brady,2014,qb,37,32+,NWE,7,64,16,16
DrewBrees31NOR2010,Drew Brees,2010,qb,31,29-32,NOR,3,102,16,16
DrewBrees35NOR2014,Drew Brees,2014,qb,35,32+,NOR,3,102,16,16
DaunteCulpepper23MIN2000,Daunte Culpepper,2000,qb,23,< 24,MIN,1,11,16,16
AndyDalton26CIN2013,Andy Dalton,2013,qb,26,25-28,CIN,3,104,16,16
BrettFavre*40MIN2009,Brett Favre*,2009,qb,40,32+,MIN,3,103,16,16
PeytonManning34IND2010,Peyton Manning,2010,qb,34,32+,IND,1,1,16,16
PeytonManning24IND2000,Peyton Manning,2000,qb,24,< 24,IND,1,1,16,16
PeytonManning33IND2009,Peyton Manning,2009,qb,33,32+,IND,1,1,16,16
PhilipRivers35SDG2016,Philip Rivers,2016,qb,35,32+,SDG,1,108,16,16
CarsonWentz25PHI2017,Carson Wentz,2017,qb,25,25-28,PHI,1,65,13,13
TomBrady40NWE2017,Tom Brady,2017,qb,40,32+,NWE,7,64,16,16
DrewBrees36NOR2015,Drew Brees,2015,qb,36,32+,NOR,3,102,15,15
DerekCarr24OAK2015,Derek Carr,2015,qb,24,< 24,OAK,3,105,16,16
BrettFavre*34GNB2003,Brett Favre*,2003,qb,34,32+,GNB,3,103,16,16
BrettFavre*32GNB2001,Brett Favre*,2001,qb,32,29-32,GNB,3,103,16,16
JeffGarcia31SFO2001,Jeff Garcia,2001,qb,31,29-32,SFO,Undrafted,Undrafted,16,16
CarsonPalmer26CIN2005,Carson Palmer,2005,qb,26,25-28,CIN,1,1,16,16
PhilipRivers32SDG2013,Philip Rivers,2013,qb,32,29-32,SDG,1,108,16,16
BenRoethlisberger32PIT2014,Ben Roethlisberger,2014,qb,32,29-32,PIT,1,11,16,16
BenRoethlisberger25PIT2007,Ben Roethlisberger,2007,qb,25,25-28,PIT,1,11,15,15
MattRyan27ATL2012,Matt Ryan,2012,qb,27,25-28,ATL,1,101,16,16
MatthewStafford27DET2015,Matthew Stafford,2015,qb,27,25-28,DET,1,1,16,16
RyanFitzpatrick33NYJ2015,Ryan Fitzpatrick,2015,qb,33,32+,NYJ,8,97,16,16
JeffGarcia30SFO2000,Jeff Garcia,2000,qb,30,29-32,SFO,Undrafted,Undrafted,16,16
AndrewLuck27IND2016,Andrew Luck,2016,qb,27,25-28,IND,1,1,15,15
EliManning29NYG2010,Eli Manning,2010,qb,29,29-32,NYG,1,1,16,16
PeytonManning30IND2006,Peyton Manning,2006,qb,30,29-32,IND,1,1,16,16
PeytonManning31IND2007,Peyton Manning,2007,qb,31,29-32,IND,1,1,16,16
DonovanMcNabb28PHI2004,Donovan McNabb,2004,qb,28,25-28,PHI,1,65,15,15
PhilipRivers33SDG2014,Philip Rivers,2014,qb,33,32+,SDG,1,108,16,16
AaronRodgers32GNB2015,Aaron Rodgers,2015,qb,32,29-32,GNB,1,91,16,16
TonyRomo31DAL2011,Tony Romo,2011,qb,31,29-32,DAL,Undrafted,Undrafted,16,16
TonyRomo33DAL2013,Tony Romo,2013,qb,33,32+,DAL,Undrafted,Undrafted,15,15
BrettFavre*35GNB2004,Brett Favre*,2004,qb,35,32+,GNB,3,103,16,16
EliManning33NYG2014,Eli Manning,2014,qb,33,32+,NYG,1,1,16,16
PhilipRivers29SDG2010,Philip Rivers,2010,qb,29,29-32,SDG,1,108,16,16
AaronRodgers26GNB2009,Aaron Rodgers,2009,qb,26,25-28,GNB,1,91,16,16
KurtWarner*37ARI2008,Kurt Warner*,2008,qb,37,32+,ARI,Undrafted,Undrafted,16,16
DerekAnderson24CLE2007,Derek Anderson,2007,qb,24,< 24,CLE,7,76,16,15
KirkCousins27WAS2015,Kirk Cousins,2015,qb,27,25-28,WAS,5,5,16,16
JakeDelhomme29CAR2004,Jake Delhomme,2004,qb,29,29-32,CAR,Undrafted,Undrafted,16,16
EliManning30NYG2011,Eli Manning,2011,qb,30,29-32,NYG,1,1,16,16
PeytonManning27IND2003,Peyton Manning,2003,qb,27,25-28,IND,1,1,16,16
PhilipRivers34SDG2015,Philip Rivers,2015,qb,34,32+,SDG,1,108,16,16
BenRoethlisberger34PIT2016,Ben Roethlisberger,2016,qb,34,32+,PIT,1,11,14,14
MattRyan26ATL2011,Matt Ryan,2011,qb,26,25-28,ATL,1,101,16,16
MattSchaub28HOU2009,Matt Schaub,2009,qb,28,25-28,HOU,4,146,16,16
MatthewStafford25DET2013,Matthew Stafford,2013,qb,25,25-28,DET,1,1,16,16
MatthewStafford29DET2017,Matthew Stafford,2017,qb,29,29-32,DET,1,1,16,16
TomBrady32NWE2009,Tom Brady,2009,qb,32,29-32,NWE,7,64,16,16
TomBrady27NWE2004,Tom Brady,2004,qb,27,25-28,NWE,7,64,16,16
TomBrady39NWE2016,Tom Brady,2016,qb,39,32+,NWE,7,64,12,12
TomBrady25NWE2002,Tom Brady,2002,qb,25,25-28,NWE,7,64,16,16
DrewBrees28NOR2007,Drew Brees,2007,qb,28,25-28,NOR,3,102,16,16
DerekCarr25OAK2016,Derek Carr,2016,qb,25,25-28,OAK,3,105,15,15
JayCutler31CHI2014,Jay Cutler,2014,qb,31,29-32,CHI,1,11,15,15
BrettFavre*38GNB2007,Brett Favre*,2007,qb,38,32+,GNB,3,103,16,16
RichGannon35OAK2000,Rich Gannon,2000,qb,35,32+,OAK,5,152,16,16
JaredGoff23LAR2017,Jared Goff,2017,qb,23,< 24,LAR,1,1,15,15
ElvisGrbac30KAN2000,Elvis Grbac,2000,qb,30,29-32,KAN,9,80,15,15
MattHasselbeck32SEA2007,Matt Hasselbeck,2007,qb,32,29-32,SEA,7,56,16,16
PeytonManning29IND2005,Peyton Manning,2005,qb,29,29-32,IND,1,1,16,16
CarsonPalmer27CIN2006,Carson Palmer,2006,qb,27,25-28,CIN,1,1,16,16
PhilipRivers36LAC2017,Philip Rivers,2017,qb,36,32+,LAC,1,108,16,16
PhilipRivers28SDG2009,Philip Rivers,2009,qb,28,25-28,SDG,1,108,16,16
AaronRodgers27GNB2010,Aaron Rodgers,2010,qb,27,25-28,GNB,1,91,15,15
AaronRodgers25GNB2008,Aaron Rodgers,2008,qb,25,25-28,GNB,1,91,16,16
BenRoethlisberger35PIT2017,Ben Roethlisberger,2017,qb,35,32+,PIT,1,11,15,15
BenRoethlisberger31PIT2013,Ben Roethlisberger,2013,qb,31,29-32,PIT,1,11,16,16
TonyRomo32DAL2012,Tony Romo,2012,qb,32,29-32,DAL,Undrafted,Undrafted,16,16
MattRyan25ATL2010,Matt Ryan,2010,qb,25,25-28,ATL,1,101,16,16
MattRyan29ATL2014,Matt Ryan,2014,qb,29,29-32,ATL,1,101,16,16
JameisWinston22TAM2016,Jameis Winston,2016,qb,22,< 24,TAM,1,1,16,16
DrewBrees25SDG2004,Drew Brees,2004,qb,25,25-28,SDG,3,102,15,15
AaronBrooks26NOR2002,Aaron Brooks,2002,qb,26,25-28,NOR,5,21,16,16
MattCassel28KAN2010,Matt Cassel,2010,qb,28,25-28,KAN,8,86,15,15
KirkCousins29WAS2017,Kirk Cousins,2017,qb,29,29-32,WAS,5,5,16,16
JayCutler26CHI2009,Jay Cutler,2009,qb,26,25-28,CHI,1,11,16,16
AndyDalton25CIN2012,Andy Dalton,2012,qb,25,25-28,CIN,3,104,16,16
BrettFavre*33GNB2002,Brett Favre*,2002,qb,33,32+,GNB,3,103,16,16
JoeFlacco29BAL2014,Joe Flacco,2014,qb,29,29-32,BAL,1,51,16,16
NickFoles24PHI2013,Nick Foles,2013,qb,24,< 24,PHI,4,144,13,10
JoshFreeman24TAM2012,Josh Freeman,2012,qb,24,< 24,TAM,1,46,16,16
RichGannon36OAK2001,Rich Gannon,2001,qb,36,32+,OAK,5,152,16,16
TrentGreen34KAN2004,Trent Green,2004,qb,34,32+,KAN,9,83,16,16
EliManning28NYG2009,Eli Manning,2009,qb,28,25-28,NYG,1,1,16,16
PeytonManning26IND2002,Peyton Manning,2002,qb,26,25-28,IND,1,1,16,16
PeytonManning32IND2008,Peyton Manning,2008,qb,32,29-32,IND,1,1,16,16
JakePlummer30DEN2004,Jake Plummer,2004,qb,30,29-32,DEN,3,110,16,16
PhilipRivers30SDG2011,Philip Rivers,2011,qb,30,29-32,SDG,1,108,16,16
RyanTannehill26MIA2014,Ryan Tannehill,2014,qb,26,25-28,MIA,1,137,16,16
KurtWarner*36ARI2007,Kurt Warner*,2007,qb,36,32+,ARI,Undrafted,Undrafted,14,11
TomBrady28NWE2005,Tom Brady,2005,qb,28,25-28,NWE,7,64,16,16
DrewBrees27NOR2006,Drew Brees,2006,qb,27,25-28,NOR,3,102,16,16
AaronBrooks25NOR2001,Aaron Brooks,2001,qb,25,25-28,NOR,5,21,16,16
RichGannon37OAK2002,Rich Gannon,2002,qb,37,32+,OAK,5,152,16,16
TrentGreen32KAN2002,Trent Green,2002,qb,32,29-32,KAN,9,83,16,16
MattHasselbeck28SEA2003,Matt Hasselbeck,2003,qb,28,25-28,SEA,7,56,16,16
BradJohnson35TAM2003,Brad Johnson,2003,qb,35,32+,TAM,10,85,16,16
JonKitna31CIN2003,Jon Kitna,2003,qb,31,29-32,CIN,Undrafted,Undrafted,16,16
PatrickMahomes23KAN2018,Patrick Mahomes,2018,qb,23,< 24,KAN,1,2,8,8
EliManning31NYG2012,Eli Manning,2012,qb,31,29-32,NYG,1,1,16,16
EliManning35NYG2016,Eli Manning,2016,qb,35,32+,NYG,1,1,16,16
PeytonManning25IND2001,Peyton Manning,2001,qb,25,25-28,IND,1,1,16,16
MarcusMariota23TEN2016,Marcus Mariota,2016,qb,23,< 24,TEN,1,65,15,15
CarsonPalmer28CIN2007,Carson Palmer,2007,qb,28,25-28,CIN,1,1,16,16
CarsonPalmer31CIN2010,Carson Palmer,2010,qb,31,29-32,CIN,1,1,16,16
CarsonPalmer37ARI2016,Carson Palmer,2016,qb,37,32+,ARI,1,1,15,15
PhilipRivers31SDG2012,Philip Rivers,2012,qb,31,29-32,SDG,1,108,16,16
BenRoethlisberger27PIT2009,Ben Roethlisberger,2009,qb,27,25-28,PIT,1,11,15,15
BenRoethlisberger30PIT2012,Ben Roethlisberger,2012,qb,30,29-32,PIT,1,11,13,13
TonyRomo28DAL2008,Tony Romo,2008,qb,28,25-28,DAL,Undrafted,Undrafted,13,13
TonyRomo29DAL2009,Tony Romo,2009,qb,29,29-32,DAL,Undrafted,Undrafted,16,16
MattRyan28ATL2013,Matt Ryan,2013,qb,28,25-28,ATL,1,101,16,16
MarkSanchez25NYJ2011,Mark Sanchez,2011,qb,25,25-28,NYJ,1,116,16,16
AlexSmith33KAN2017,Alex Smith,2017,qb,33,32+,KAN,1,1,15,15
KurtWarner*38ARI2009,Kurt Warner*,2009,qb,38,32+,ARI,Undrafted,Undrafted,15,15
RussellWilson25SEA2013,Russell Wilson,2013,qb,25,25-28,SEA,4,134,16,16
RussellWilson24SEA2012,Russell Wilson,2012,qb,24,< 24,SEA,4,134,16,16
TomBrady36NWE2013,Tom Brady,2013,qb,36,32+,NWE,7,64,16,16
KirkCousins28WAS2016,Kirk Cousins,2016,qb,28,25-28,WAS,5,5,16,16
DaunteCulpepper26MIN2003,Daunte Culpepper,2003,qb,26,25-28,MIN,1,11,14,14
JayCutler25DEN2008,Jay Cutler,2008,qb,25,25-28,DEN,1,11,16,16
AndyDalton30CIN2017,Andy Dalton,2017,qb,30,29-32,CIN,3,104,16,16
AndyDalton28CIN2015,Andy Dalton,2015,qb,28,25-28,CIN,3,104,13,13
JoeFlacco25BAL2010,Joe Flacco,2010,qb,25,25-28,BAL,1,51,16,16
JoshFreeman22TAM2010,Josh Freeman,2010,qb,22,< 24,TAM,1,46,16,16
DonovanMcNabb25PHI2001,Donovan McNabb,2001,qb,25,25-28,PHI,1,65,16,16
DrewBledsoe30BUF2002,Drew Bledsoe,2002,qb,30,29-32,BUF,1,1,16,16
TomBrady29NWE2006,Tom Brady,2006,qb,29,29-32,NWE,7,64,16,16
DrewBrees26SDG2005,Drew Brees,2005,qb,26,25-28,SDG,3,102,16,16
AaronBrooks27NOR2003,Aaron Brooks,2003,qb,27,25-28,NOR,5,21,16,16
MarcBulger29STL2006,Marc Bulger,2006,qb,29,29-32,STL,7,45,16,16
JakeDelhomme30CAR2005,Jake Delhomme,2005,qb,30,29-32,CAR,Undrafted,Undrafted,16,16
RyanFitzpatrick29BUF2011,Ryan Fitzpatrick,2011,qb,29,29-32,BUF,8,97,16,16
RyanFitzpatrick30BUF2012,Ryan Fitzpatrick,2012,qb,30,29-32,BUF,8,97,16,16
TrentGreen33KAN2003,Trent Green,2003,qb,33,32+,KAN,9,83,16,16
MattHasselbeck30SEA2005,Matt Hasselbeck,2005,qb,30,29-32,SEA,7,56,16,16
EliManning25NYG2006,Eli Manning,2006,qb,25,25-28,NYG,1,1,16,16
EliManning24NYG2005,Eli Manning,2005,qb,24,< 24,NYG,1,1,16,16
SteveMcNair30TEN2003,Steve McNair,2003,qb,30,29-32,TEN,1,101,14,14
CamNewton24CAR2013,Cam Newton,2013,qb,24,< 24,CAR,1,1,16,16
CarsonPalmer34ARI2013,Carson Palmer,2013,qb,34,32+,ARI,1,1,16,16
MattSchaub29HOU2010,Matt Schaub,2010,qb,29,29-32,HOU,4,146,16,16
MatthewStafford28DET2016,Matthew Stafford,2016,qb,28,25-28,DET,1,1,16,16
RyanTannehill27MIA2015,Ryan Tannehill,2015,qb,27,25-28,MIA,1,137,16,16
RyanTannehill25MIA2013,Ryan Tannehill,2013,qb,25,25-28,MIA,1,137,16,16
DrewBledsoe33DAL2005,Drew Bledsoe,2005,qb,33,32+,DAL,1,1,16,16
BlakeBortles24JAX2016,Blake Bortles,2016,qb,24,< 24,JAX,1,101,16,16
TomBrady26NWE2003,Tom Brady,2003,qb,26,25-28,NWE,7,64,16,16
DrewBrees38NOR2017,Drew Brees,2017,qb,38,32+,NOR,3,102,16,16
MarkBrunell35WAS2005,Mark Brunell,2005,qb,35,32+,WAS,6,15,16,15
JayCutler27CHI2010,Jay Cutler,2010,qb,27,25-28,CHI,1,11,15,15
RyanFitzpatrick28BUF2010,Ryan Fitzpatrick,2010,qb,28,25-28,BUF,8,97,13,13
DavidGarrard32JAX2010,David Garrard,2010,qb,32,29-32,JAX,5,9,14,14
BrianGriese26DEN2001,Brian Griese,2001,qb,26,25-28,DEN,4,147,15,15
RexGrossman26CHI2006,Rex Grossman,2006,qb,26,25-28,CHI,1,81,16,16
AndrewLuck24IND2013,Andrew Luck,2013,qb,24,< 24,IND,1,1,16,16
AndrewLuck29IND2018,Andrew Luck,2018,qb,29,29-32,IND,1,1,8,8
AndrewLuck23IND2012,Andrew Luck,2012,qb,23,< 24,IND,1,1,16,16
EliManning26NYG2007,Eli Manning,2007,qb,26,25-28,NYG,1,1,16,16
DonovanMcNabb32PHI2008,Donovan McNabb,2008,qb,32,29-32,PHI,1,65,16,16
DakPrescott23DAL2016,Dak Prescott,2016,qb,23,< 24,DAL,5,22,16,16
AlexSmith29KAN2013,Alex Smith,2013,qb,29,29-32,KAN,1,1,15,15
MarcBulger26STL2003,Marc Bulger,2003,qb,26,25-28,STL,7,45,15,15
DerekCarr26OAK2017,Derek Carr,2017,qb,26,25-28,OAK,3,105,15,15
KerryCollins28NYG2000,Kerry Collins,2000,qb,28,25-28,NYG,1,116,16,16
BrettFavre*39NYJ2008,Brett Favre*,2008,qb,39,32+,NYJ,3,103,16,16
JoeFlacco27BAL2012,Joe Flacco,2012,qb,27,25-28,BAL,1,51,16,16
MattHasselbeck29SEA2004,Matt Hasselbeck,2004,qb,29,29-32,SEA,7,56,14,14
BradJohnson34TAM2002,Brad Johnson,2002,qb,34,32+,TAM,10,85,13,13
CaseKeenum29MIN2017,Case Keenum,2017,qb,29,29-32,MIN,Undrafted,Undrafted,15,14
DonovanMcNabb33PHI2009,Donovan McNabb,2009,qb,33,32+,PHI,1,65,14,14
SteveMcNair29TEN2002,Steve McNair,2002,qb,29,29-32,TEN,1,101,16,16
CamNewton28CAR2017,Cam Newton,2017,qb,28,25-28,CAR,1,1,16,16
CarsonPalmer33OAK2012,Carson Palmer,2012,qb,33,32+,OAK,1,1,15,15
ChadPennington26NYJ2002,Chad Pennington,2002,qb,26,25-28,NYJ,1,51,15,12
DakPrescott24DAL2017,Dak Prescott,2017,qb,24,< 24,DAL,5,22,16,16
PhilipRivers25SDG2006,Philip Rivers,2006,qb,25,25-28,SDG,1,108,16,16
MattRyan24ATL2009,Matt Ryan,2009,qb,24,< 24,ATL,1,101,14,14
MattSchaub31HOU2012,Matt Schaub,2012,qb,31,29-32,HOU,4,146,16,16
MatthewStafford26DET2014,Matthew Stafford,2014,qb,26,25-28,DET,1,1,16,16
JameisWinston21TAM2015,Jameis Winston,2015,qb,21,< 24,TAM,1,1,16,16
BlakeBortles25JAX2017,Blake Bortles,2017,qb,25,25-28,JAX,1,101,16,16
SamBradford25STL2012,Sam Bradford,2012,qb,25,25-28,STL,1,1,16,16
AaronBrooks28NOR2004,Aaron Brooks,2004,qb,28,25-28,NOR,5,21,16,16
MarcBulger27STL2004,Marc Bulger,2004,qb,27,25-28,STL,7,45,14,14
DerekCarr23OAK2014,Derek Carr,2014,qb,23,< 24,OAK,3,105,16,16
MattCassel26NWE2008,Matt Cassel,2008,qb,26,25-28,NWE,8,86,16,15
KerryCollins32OAK2004,Kerry Collins,2004,qb,32,29-32,OAK,1,116,14,13
JayCutler32CHI2015,Jay Cutler,2015,qb,32,29-32,CHI,1,11,15,15
JoeFlacco24BAL2009,Joe Flacco,2009,qb,24,< 24,BAL,1,51,16,16
JeffGarcia32SFO2002,Jeff Garcia,2002,qb,32,29-32,SFO,Undrafted,Undrafted,16,16
ColinKaepernick26SFO2013,Colin Kaepernick,2013,qb,26,25-28,SFO,3,105,16,16
JonKitna34DET2006,Jon Kitna,2006,qb,34,32+,DET,Undrafted,Undrafted,16,16
EliManning27NYG2008,Eli Manning,2008,qb,27,25-28,NYG,1,1,16,16
DonovanMcNabb24PHI2000,Donovan McNabb,2000,qb,24,< 24,PHI,1,65,16,16
SteveMcNair28TEN2001,Steve McNair,2001,qb,28,25-28,TEN,1,101,15,15
CamNewton22CAR2011,Cam Newton,2011,qb,22,< 24,CAR,1,1,16,16
KyleOrton27DEN2009,Kyle Orton,2009,qb,27,25-28,DEN,5,8,16,15
CarsonPalmer30CIN2009,Carson Palmer,2009,qb,30,29-32,CIN,1,1,16,16
PhilipRivers26SDG2007,Philip Rivers,2007,qb,26,25-28,SDG,1,108,16,16
BenRoethlisberger29PIT2011,Ben Roethlisberger,2011,qb,29,29-32,PIT,1,11,15,15
BenRoethlisberger33PIT2015,Ben Roethlisberger,2015,qb,33,32+,PIT,1,11,12,11
MattRyan30ATL2015,Matt Ryan,2015,qb,30,29-32,ATL,1,101,16,16
VinnyTestaverde37NYJ2000,Vinny Testaverde,2000,qb,37,32+,NYJ,1,1,16,16
MichaelVick30PHI2010,Michael Vick,2010,qb,30,29-32,PHI,1,1,12,12
KurtWarner*29STL2000,Kurt Warner*,2000,qb,29,29-32,STL,Undrafted,Undrafted,11,11
RussellWilson28SEA2016,Russell Wilson,2016,qb,28,25-28,SEA,4,134,16,16
DrewBledsoe32BUF2004,Drew Bledsoe,2004,qb,32,29-32,BUF,1,1,16,16
SamBradford29MIN2016,Sam Bradford,2016,qb,29,29-32,MIN,1,1,15,15
MarkBrunell30JAX2000,Mark Brunell,2000,qb,30,29-32,JAX,6,15,16,16
JasonCampbell28WAS2009,Jason Campbell,2009,qb,28,25-28,WAS,1,96,16,16
KerryCollins33OAK2005,Kerry Collins,2005,qb,33,32+,OAK,1,116,15,15
JayCutler24DEN2007,Jay Cutler,2007,qb,24,< 24,DEN,1,11,16,16
AndyDalton24CIN2011,Andy Dalton,2011,qb,24,< 24,CIN,3,104,16,16
BrettFavre*31GNB2000,Brett Favre*,2000,qb,31,29-32,GNB,3,103,16,16
BrettFavre*36GNB2005,Brett Favre*,2005,qb,36,32+,GNB,3,103,16,16
JayFiedler30MIA2001,Jay Fiedler,2001,qb,30,29-32,MIA,Undrafted,Undrafted,16,16
JoeFlacco31BAL2016,Joe Flacco,2016,qb,31,29-32,BAL,1,51,16,16
JoeFlacco26BAL2011,Joe Flacco,2011,qb,26,25-28,BAL,1,51,16,16
BrianGriese29TAM2004,Brian Griese,2004,qb,29,29-32,TAM,4,147,11,10
RobertGriffin22WAS2012,Robert Griffin,2012,qb,22,< 24,WAS,1,65,15,15
TommyMaddox31PIT2002,Tommy Maddox,2002,qb,31,29-32,PIT,1,96,15,11
KyleOrton28DEN2010,Kyle Orton,2010,qb,28,25-28,DEN,5,8,13,13
MattRyan32ATL2017,Matt Ryan,2017,qb,32,29-32,ATL,1,101,16,16
AlexSmith31KAN2015,Alex Smith,2015,qb,31,29-32,KAN,1,1,16,16
MatthewStafford24DET2012,Matthew Stafford,2012,qb,24,< 24,DET,1,1,16,16
TyrodTaylor26BUF2015,Tyrod Taylor,2015,qb,26,25-28,BUF,7,52,14,14
MichaelVick26ATL2006,Michael Vick,2006,qb,26,25-28,ATL,1,1,16,16
RussellWilson26SEA2014,Russell Wilson,2014,qb,26,25-28,SEA,4,134,16,16
SteveBeuerlein35CAR2000,Steve Beuerlein,2000,qb,35,32+,CAR,5,12,16,16
SamBradford28PHI2015,Sam Bradford,2015,qb,28,25-28,PHI,1,1,14,14
MarkBrunell31JAX2001,Mark Brunell,2001,qb,31,29-32,JAX,6,15,15,15
KerryCollins29NYG2001,Kerry Collins,2001,qb,29,29-32,NYG,1,116,16,16
KerryCollins30NYG2002,Kerry Collins,2002,qb,30,29-32,NYG,1,116,16,16
JayCutler29CHI2012,Jay Cutler,2012,qb,29,29-32,CHI,1,11,15,15
JayCutler30CHI2013,Jay Cutler,2013,qb,30,29-32,CHI,1,11,11,11
JayCutler34MIA2017,Jay Cutler,2017,qb,34,32+,MIA,1,11,14,14
AndyDalton27CIN2014,Andy Dalton,2014,qb,27,25-28,CIN,3,104,16,16
JakeDelhomme28CAR2003,Jake Delhomme,2003,qb,28,25-28,CAR,Undrafted,Undrafted,16,15
JoeFlacco28BAL2013,Joe Flacco,2013,qb,28,25-28,BAL,1,51,16,16
MikeGlennon24TAM2013,Mike Glennon,2013,qb,24,< 24,TAM,4,132,13,13
BrianGriese25DEN2000,Brian Griese,2000,qb,25,25-28,DEN,4,147,10,10
JoeyHarrington26DET2004,Joey Harrington,2004,qb,26,25-28,DET,1,101,16,16
BrianHoyer30HOU2015,Brian Hoyer,2015,qb,30,29-32,HOU,Undrafted,Undrafted,11,9
ColinKaepernick27SFO2014,Colin Kaepernick,2014,qb,27,25-28,SFO,3,105,16,16
J.P.Losman25BUF2006,J.P. Losman,2006,qb,25,25-28,BUF,1,81,16,16
EliManning36NYG2017,Eli Manning,2017,qb,36,32+,NYG,1,1,15,15
MarcusMariota22TEN2015,Marcus Mariota,2015,qb,22,< 24,TEN,1,65,12,12
DonovanMcNabb31PHI2007,Donovan McNabb,2007,qb,31,29-32,PHI,1,65,14,14
CamNewton27CAR2016,Cam Newton,2016,qb,27,25-28,CAR,1,1,15,14
CamNewton23CAR2012,Cam Newton,2012,qb,23,< 24,CAR,1,1,16,16
ChadPennington32MIA2008,Chad Pennington,2008,qb,32,29-32,MIA,1,51,16,16
TonyRomo26DAL2006,Tony Romo,2006,qb,26,25-28,DAL,Undrafted,Undrafted,16,10
RyanTannehill28MIA2016,Ryan Tannehill,2016,qb,28,25-28,MIA,1,137,13,13
DeshaunWatson22HOU2017,Deshaun Watson,2017,qb,22,< 24,HOU,1,16,7,6
JameisWinston23TAM2017,Jameis Winston,2017,qb,23,< 24,TAM,1,1,13,13
SamBradford23STL2010,Sam Bradford,2010,qb,23,< 24,STL,1,1,16,16
TomBrady24NWE2001,Tom Brady,2001,qb,24,< 24,NWE,7,64,15,14
TimCouch25CLE2002,Tim Couch,2002,qb,25,25-28,CLE,1,1,14,14
DaunteCulpepper25MIN2002,Daunte Culpepper,2002,qb,25,25-28,MIN,1,11,16,16
AndyDalton29CIN2016,Andy Dalton,2016,qb,29,29-32,CIN,3,104,16,16
BrettFavre*37GNB2006,Brett Favre*,2006,qb,37,32+,GNB,3,103,16,16
JoeFlacco32BAL2017,Joe Flacco,2017,qb,32,29-32,BAL,1,51,16,16
GusFrerotte34MIA2005,Gus Frerotte,2005,qb,34,32+,MIA,8,63,16,15
JeffGarcia33SFO2003,Jeff Garcia,2003,qb,33,32+,SFO,Undrafted,Undrafted,13,13
DavidGarrard29JAX2007,David Garrard,2007,qb,29,29-32,JAX,5,9,12,12
MattHasselbeck36TEN2011,Matt Hasselbeck,2011,qb,36,32+,TEN,7,56,16,16
MattHasselbeck31SEA2006,Matt Hasselbeck,2006,qb,31,29-32,SEA,7,56,12,12
ShaunKing23TAM2000,Shaun King,2000,qb,23,< 24,TAM,3,117,16,16
JonKitna35DET2007,Jon Kitna,2007,qb,35,32+,DET,Undrafted,Undrafted,16,16
JonKitna28SEA2000,Jon Kitna,2000,qb,28,25-28,SEA,Undrafted,Undrafted,15,12
TommyMaddox32PIT2003,Tommy Maddox,2003,qb,32,29-32,PIT,1,96,16,16
EliManning32NYG2013,Eli Manning,2013,qb,32,29-32,NYG,1,1,16,16
JoshMcCown38NYJ2017,Josh McCown,2017,qb,38,32+,NYJ,4,139,13,13
DonovanMcNabb30PHI2006,Donovan McNabb,2006,qb,30,29-32,PHI,1,65,10,10
CamNewton25CAR2014,Cam Newton,2014,qb,25,25-28,CAR,1,1,14,14
KyleOrton26CHI2008,Kyle Orton,2008,qb,26,25-28,CHI,5,8,15,15
KyleOrton32BUF2014,Kyle Orton,2014,qb,32,29-32,BUF,5,8,12,12
CarsonPalmer25CIN2004,Carson Palmer,2004,qb,25,25-28,CIN,1,1,13,13
JakePlummer27ARI2001,Jake Plummer,2001,qb,27,25-28,ARI,3,110,16,16
JakePlummer28ARI2002,Jake Plummer,2002,qb,28,25-28,ARI,3,110,16,16
JakePlummer31DEN2005,Jake Plummer,2005,qb,31,29-32,DEN,3,110,16,16
ChristianPonder24MIN2012,Christian Ponder,2012,qb,24,< 24,MIN,1,16,16,16
BenRoethlisberger24PIT2006,Ben Roethlisberger,2006,qb,24,< 24,PIT,1,11,15,15
TrevorSiemian25DEN2016,Trevor Siemian,2016,qb,25,25-28,DEN,8,97,14,14
AlexSmith30KAN2014,Alex Smith,2014,qb,30,29-32,KAN,1,1,15,15
AlexSmith25SFO2009,Alex Smith,2009,qb,25,25-28,SFO,1,1,11,10
TylerThigpen24KAN2008,Tyler Thigpen,2008,qb,24,< 24,KAN,8,79,14,11
MichaelVick31PHI2011,Michael Vick,2011,qb,31,29-32,PHI,1,1,13,13
BillyVolek28TEN2004,Billy Volek,2004,qb,28,25-28,TEN,Undrafted,Undrafted,10,8
DrewBledsoe28NWE2000,Drew Bledsoe,2000,qb,28,25-28,NWE,1,1,16,16
DrewBrees23SDG2002,Drew Brees,2002,qb,23,< 24,SDG,3,102,16,16
MarkBrunell32JAX2002,Mark Brunell,2002,qb,32,29-32,JAX,6,15,15,15
QuincyCarter26DAL2003,Quincy Carter,2003,qb,26,25-28,DAL,3,119,16,16
TimCouch24CLE2001,Tim Couch,2001,qb,24,< 24,CLE,1,1,16,16
AndyDalton31CIN2018,Andy Dalton,2018,qb,31,29-32,CIN,3,104,8,8
JakeDelhomme31CAR2006,Jake Delhomme,2006,qb,31,29-32,CAR,Undrafted,Undrafted,13,13
RyanFitzpatrick32HOU2014,Ryan Fitzpatrick,2014,qb,32,29-32,HOU,8,97,12,12
JaredGoff24LAR2018,Jared Goff,2018,qb,24,< 24,LAR,1,1,8,8
TrentGreen31KAN2001,Trent Green,2001,qb,31,29-32,KAN,9,83,16,16
TrentGreen35KAN2005,Trent Green,2005,qb,35,32+,KAN,9,83,16,16
JoeyHarrington25DET2003,Joey Harrington,2003,qb,25,25-28,DET,1,101,16,16
MattHasselbeck34SEA2009,Matt Hasselbeck,2009,qb,34,32+,SEA,7,56,14,14
DonovanMcNabb26PHI2002,Donovan McNabb,2002,qb,26,25-28,PHI,1,65,10,10
ChadPennington30NYJ2006,Chad Pennington,2006,qb,30,29-32,NYJ,1,51,16,16
PhilipRivers37LAC2018,Philip Rivers,2018,qb,37,32+,LAC,1,108,7,7
AaronRodgers30GNB2013,Aaron Rodgers,2013,qb,30,29-32,GNB,1,91,9,9
BenRoethlisberger26PIT2008,Ben Roethlisberger,2008,qb,26,25-28,PIT,1,11,16,16
BenRoethlisberger22PIT2004,Ben Roethlisberger,2004,qb,22,< 24,PIT,1,11,14,13
BenRoethlisberger28PIT2010,Ben Roethlisberger,2010,qb,28,25-28,PIT,1,11,12,12
BenRoethlisberger23PIT2005,Ben Roethlisberger,2005,qb,23,< 24,PIT,1,11,12,12
MarkSanchez24NYJ2010,Mark Sanchez,2010,qb,24,< 24,NYJ,1,116,16,16
AlexSmith27SFO2011,Alex Smith,2011,qb,27,25-28,SFO,1,1,16,16
TyrodTaylor27BUF2016,Tyrod Taylor,2016,qb,27,25-28,BUF,7,52,15,15
VinnyTestaverde41DAL2004,Vinny Testaverde,2004,qb,41,32+,DAL,1,1,16,15
TomBrady41NWE2018,Tom Brady,2018,qb,41,32+,NWE,7,64,8,8
DavidCarr25HOU2004,David Carr,2004,qb,25,25-28,HOU,1,1,16,16
MattCassel27KAN2009,Matt Cassel,2009,qb,27,25-28,KAN,8,86,15,15
ChrisChandler36ATL2001,Chris Chandler,2001,qb,36,32+,ATL,4,135,14,14
KirkCousins30MIN2018,Kirk Cousins,2018,qb,30,29-32,MIN,5,5,8,8
JoshFreeman23TAM2011,Josh Freeman,2011,qb,23,< 24,TAM,1,46,15,15
TrentGreen30STL2000,Trent Green,2000,qb,30,29-32,STL,9,83,8,5
RobertGriffin23WAS2013,Robert Griffin,2013,qb,23,< 24,WAS,1,65,13,13
RexGrossman31WAS2011,Rex Grossman,2011,qb,31,29-32,WAS,1,81,13,13
ShaunHill30DET2010,Shaun Hill,2010,qb,30,29-32,DET,Undrafted,Undrafted,11,10
ColinKaepernick29SFO2016,Colin Kaepernick,2016,qb,29,29-32,SFO,3,105,12,11
JonKitna30CIN2002,Jon Kitna,2002,qb,30,29-32,CIN,Undrafted,Undrafted,14,12
JonKitna38DAL2010,Jon Kitna,2010,qb,38,32+,DAL,Undrafted,Undrafted,10,9
DonovanMcNabb27PHI2003,Donovan McNabb,2003,qb,27,25-28,PHI,1,65,16,16
DonovanMcNabb29PHI2005,Donovan McNabb,2005,qb,29,29-32,PHI,1,65,9,9
SteveMcNair32TEN2005,Steve McNair,2005,qb,32,29-32,TEN,1,101,14,14
SteveMcNair33BAL2006,Steve McNair,2006,qb,33,32+,BAL,1,101,16,16
MattMoore27MIA2011,Matt Moore,2011,qb,27,25-28,MIA,Undrafted,Undrafted,13,12
ChadPennington28NYJ2004,Chad Pennington,2004,qb,28,25-28,NYJ,1,51,13,13
AaronRodgers34GNB2017,Aaron Rodgers,2017,qb,34,32+,GNB,1,91,7,7
MattRyan23ATL2008,Matt Ryan,2008,qb,23,< 24,ATL,1,101,16,16
AlexSmith22SFO2006,Alex Smith,2006,qb,22,< 24,SFO,1,1,16,16
MichaelVick22ATL2002,Michael Vick,2002,qb,22,< 24,ATL,1,1,15,15
CarsonWentz24PHI2016,Carson Wentz,2016,qb,24,< 24,PHI,1,65,16,16
RussellWilson30SEA2018,Russell Wilson,2018,qb,30,29-32,SEA,4,134,7,7
JakeDelhomme33CAR2008,Jake Delhomme,2008,qb,33,32+,CAR,Undrafted,Undrafted,16,16
DougFlutie39SDG2001,Doug Flutie,2001,qb,39,32+,SDG,2,100,16,16
DavidGarrard30JAX2008,David Garrard,2008,qb,30,29-32,JAX,5,9,16,16
DavidGarrard31JAX2009,David Garrard,2009,qb,31,29-32,JAX,5,9,16,16
ElvisGrbac31BAL2001,Elvis Grbac,2001,qb,31,29-32,BAL,9,80,14,14
BrianGriese27DEN2002,Brian Griese,2002,qb,27,25-28,DEN,4,147,13,13
MattHasselbeck27SEA2002,Matt Hasselbeck,2002,qb,27,25-28,SEA,7,56,16,10
ChadHenne25MIA2010,Chad Henne,2010,qb,25,25-28,MIA,3,121,15,14
ByronLeftwich24JAX2004,Byron Leftwich,2004,qb,24,< 24,JAX,1,130,14,14
ByronLeftwich25JAX2005,Byron Leftwich,2005,qb,25,25-28,JAX,1,130,11,11
AndrewLuck26IND2015,Andrew Luck,2015,qb,26,25-28,IND,1,1,7,7
SteveMcNair27TEN2000,Steve McNair,2000,qb,27,25-28,TEN,1,101,16,15
BrockOsweiler26HOU2016,Brock Osweiler,2016,qb,26,25-28,HOU,3,121,15,14
RodneyPeete36CAR2002,Rodney Peete,2002,qb,36,32+,CAR,7,26,14,14
JakePlummer29DEN2003,Jake Plummer,2003,qb,29,29-32,DEN,3,110,11,11
SageRosenfels29HOU2007,Sage Rosenfels,2007,qb,29,29-32,HOU,5,10,9,5
MattRyan33ATL2018,Matt Ryan,2018,qb,33,32+,ATL,1,101,7,7
MattSchaub27HOU2008,Matt Schaub,2008,qb,27,25-28,HOU,4,146,11,11
MattSchaub30HOU2011,Matt Schaub,2011,qb,30,29-32,HOU,4,146,10,10
AlexSmith32KAN2016,Alex Smith,2016,qb,32,29-32,KAN,1,1,15,15
VinnyTestaverde38NYJ2001,Vinny Testaverde,2001,qb,38,32+,NYJ,1,1,16,16
MitchellTrubisky24CHI2018,Mitchell Trubisky,2018,qb,24,< 24,CHI,1,65,7,7
MichaelVick25ATL2005,Michael Vick,2005,qb,25,25-28,ATL,1,1,15,15
DeshaunWatson23HOU2018,Deshaun Watson,2018,qb,23,< 24,HOU,1,16,8,8
SamBradford26STL2013,Sam Bradford,2013,qb,26,25-28,STL,1,1,7,7
DrewBrees39NOR2018,Drew Brees,2018,qb,39,32+,NOR,3,102,7,7
TeddyBridgewater22MIN2014,Teddy Bridgewater,2014,qb,22,< 24,MIN,1,102,13,12
TeddyBridgewater23MIN2015,Teddy Bridgewater,2015,qb,23,< 24,MIN,1,102,16,16
MarcBulger25STL2002,Marc Bulger,2002,qb,25,25-28,STL,7,45,7,7
MarcBulger28STL2005,Marc Bulger,2005,qb,28,25-28,STL,7,45,8,8
DavidCarr26HOU2005,David Carr,2005,qb,26,25-28,HOU,1,1,16,16
KerryCollins38TEN2010,Kerry Collins,2010,qb,38,32+,TEN,1,116,10,7
DaunteCulpepper24MIN2001,Daunte Culpepper,2001,qb,24,< 24,MIN,1,11,11,11
JayFiedler31MIA2002,Jay Fiedler,2002,qb,31,29-32,MIA,Undrafted,Undrafted,11,10
JayFiedler29MIA2000,Jay Fiedler,2000,qb,29,29-32,MIA,Undrafted,Undrafted,15,15
RyanFitzpatrick31TEN2013,Ryan Fitzpatrick,2013,qb,31,29-32,TEN,8,97,11,9
JoeFlacco30BAL2015,Joe Flacco,2015,qb,30,29-32,BAL,1,51,10,10
JoeFlacco23BAL2008,Joe Flacco,2008,qb,23,< 24,BAL,1,51,16,16
TarvarisJackson28SEA2011,Tarvaris Jackson,2011,qb,28,25-28,SEA,3,126,15,14
ByronLeftwich23JAX2003,Byron Leftwich,2003,qb,23,< 24,JAX,1,130,15,13
ColtMcCoy25CLE2011,Colt McCoy,2011,qb,25,25-28,CLE,4,142,13,13
DonovanMcNabb34WAS2010,Donovan McNabb,2010,qb,34,32+,WAS,1,65,13,13
PatrickRamsey24WAS2003,Patrick Ramsey,2003,qb,24,< 24,WAS,1,102,11,11
BenRoethlisberger36PIT2018,Ben Roethlisberger,2018,qb,36,32+,PIT,1,11,7,7
MarkSanchez28PHI2014,Mark Sanchez,2014,qb,28,25-28,PHI,1,116,9,8
AlexSmith26SFO2010,Alex Smith,2010,qb,26,25-28,SFO,1,1,11,10
MatthewStafford30DET2018,Matthew Stafford,2018,qb,30,29-32,DET,1,1,7,7
KordellStewart29PIT2001,Kordell Stewart,2001,qb,29,29-32,PIT,3,124,16,16
TyrodTaylor28BUF2017,Tyrod Taylor,2017,qb,28,25-28,BUF,7,52,15,14
MichaelVick24ATL2004,Michael Vick,2004,qb,24,< 24,ATL,1,1,15,15
BrandonWeeden29CLE2012,Brandon Weeden,2012,qb,29,29-32,CLE,1,81,15,15
CharlieBatch26DET2000,Charlie Batch,2000,qb,26,25-28,DET,3,124,15,15
JeffBlake32BAL2002,Jeff Blake,2002,qb,32,29-32,BAL,7,44,11,10
JeffBlake30NOR2000,Jeff Blake,2000,qb,30,29-32,NOR,7,44,11,11
JeffBlake33ARI2003,Jeff Blake,2003,qb,33,32+,ARI,7,44,13,13
KyleBoller23BAL2004,Kyle Boller,2004,qb,23,< 24,BAL,1,57,16,16
JacobyBrissett24IND2017,Jacoby Brissett,2017,qb,24,< 24,IND,4,147,16,15
AaronBrooks29NOR2005,Aaron Brooks,2005,qb,29,29-32,NOR,5,21,13,13
JasonCampbell29OAK2010,Jason Campbell,2010,qb,29,29-32,OAK,1,96,13,12
JasonCampbell27WAS2008,Jason Campbell,2008,qb,27,25-28,WAS,1,96,16,16
KerryCollins31NYG2003,Kerry Collins,2003,qb,31,29-32,NYG,1,116,13,13
JayCutler28CHI2011,Jay Cutler,2011,qb,28,25-28,CHI,1,11,10,10
RyanFitzpatrick36TAM2018,Ryan Fitzpatrick,2018,qb,36,32+,TAM,8,97,5,4
NickFoles25PHI2014,Nick Foles,2014,qb,25,25-28,PHI,4,144,8,8
JeffGarcia37TAM2007,Jeff Garcia,2007,qb,37,32+,TAM,Undrafted,Undrafted,13,13
ChadHenne28JAX2013,Chad Henne,2013,qb,28,25-28,JAX,3,121,15,13
ShaunHill28SFO2008,Shaun Hill,2008,qb,28,25-28,SFO,Undrafted,Undrafted,9,8
BradJohnson33TAM2001,Brad Johnson,2001,qb,33,32+,TAM,10,85,16,16
MarcusMariota24TEN2017,Marcus Mariota,2017,qb,24,< 24,TEN,1,65,15,15
JoshMcCown34CHI2013,Josh McCown,2013,qb,34,32+,CHI,4,139,8,5
JimMiller30CHI2001,Jim Miller,2001,qb,30,29-32,CHI,7,50,14,13
JimMiller31CHI2002,Jim Miller,2002,qb,31,29-32,CHI,7,50,10,8
CamNewton29CAR2018,Cam Newton,2018,qb,29,29-32,CAR,1,1,7,7
CarsonPalmer32OAK2011,Carson Palmer,2011,qb,32,29-32,OAK,1,1,10,9
ChadPennington27NYJ2003,Chad Pennington,2003,qb,27,25-28,NYJ,1,51,10,9
JakePlummer26ARI2000,Jake Plummer,2000,qb,26,25-28,ARI,3,110,14,14
ChristianPonder23MIN2011,Christian Ponder,2011,qb,23,< 24,MIN,1,16,11,10
AaronRodgers35GNB2018,Aaron Rodgers,2018,qb,35,32+,GNB,1,91,7,7
JaMarcusRussell23OAK2008,JaMarcus Russell,2008,qb,23,< 24,OAK,1,1,15,15
MarkSanchez26NYJ2012,Mark Sanchez,2012,qb,26,25-28,NYJ,1,116,15,15
AlexSmith28SFO2012,Alex Smith,2012,qb,28,25-28,SFO,1,1,10,9
GenoSmith24NYJ2014,Geno Smith,2014,qb,24,< 24,NYJ,3,107,14,13
MatthewStafford21DET2009,Matthew Stafford,2009,qb,21,< 24,DET,1,1,10,10
CarsonWentz26PHI2018,Carson Wentz,2018,qb,26,25-28,PHI,1,65,6,6
CharlieBatch27DET2001,Charlie Batch,2001,qb,27,25-28,DET,3,124,10,9
JasonCampbell26WAS2007,Jason Campbell,2007,qb,26,25-28,WAS,1,96,13,13
KerryCollins36TEN2008,Kerry Collins,2008,qb,36,32+,TEN,1,116,16,15
AustinDavis25STL2014,Austin Davis,2014,qb,25,25-28,STL,Undrafted,Undrafted,10,8
TrentDilfer28BAL2000,Trent Dilfer,2000,qb,28,25-28,BAL,1,123,11,8
RyanFitzpatrick34NYJ2016,Ryan Fitzpatrick,2016,qb,34,32+,NYJ,8,97,14,11
JoeFlacco33BAL2018,Joe Flacco,2018,qb,33,32+,BAL,1,51,8,8
GusFrerotte37MIN2008,Gus Frerotte,2008,qb,37,32+,MIN,8,63,11,11
BlaineGabbert22JAX2011,Blaine Gabbert,2011,qb,22,< 24,JAX,1,2,15,14
JeffGarcia38TAM2008,Jeff Garcia,2008,qb,38,32+,TAM,Undrafted,Undrafted,12,11
JoeyHarrington28MIA2006,Joey Harrington,2006,qb,28,25-28,MIA,1,101,11,11
JoeyHarrington24DET2002,Joey Harrington,2002,qb,24,< 24,DET,1,101,14,12
JoeyHarrington27DET2005,Joey Harrington,2005,qb,27,25-28,DET,1,101,12,11
MattHasselbeck35SEA2010,Matt Hasselbeck,2010,qb,35,32+,SEA,7,56,14,14
ChadHenne24MIA2009,Chad Henne,2009,qb,24,< 24,MIA,3,121,14,13
BrianHoyer29CLE2014,Brian Hoyer,2014,qb,29,29-32,CLE,Undrafted,Undrafted,14,13
BradJohnson37MIN2005,Brad Johnson,2005,qb,37,32+,MIN,10,85,15,9
RobJohnson27BUF2000,Rob Johnson,2000,qb,27,25-28,BUF,5,153,12,11
JonKitna29CIN2001,Jon Kitna,2001,qb,29,29-32,CIN,Undrafted,Undrafted,16,15
JoshMcCown36CLE2015,Josh McCown,2015,qb,36,32+,CLE,4,139,8,8
MarkSanchez23NYJ2009,Mark Sanchez,2009,qb,23,< 24,NYJ,1,116,15,15
TrevorSiemian26DEN2017,Trevor Siemian,2017,qb,26,25-28,DEN,8,97,11,10
GenoSmith23NYJ2013,Geno Smith,2013,qb,23,< 24,NYJ,3,107,16,16
RyanTannehill24MIA2012,Ryan Tannehill,2012,qb,24,< 24,MIA,1,137,16,16
TimTebow24DEN2011,Tim Tebow,2011,qb,24,< 24,DEN,1,96,14,11
AlexVan Pelt31BUF2001,Alex Van Pelt,2001,qb,31,29-32,BUF,9,78,12,8
MichaelVick32PHI2012,Michael Vick,2012,qb,32,29-32,PHI,1,1,10,10
VinceYoung23TEN2006,Vince Young,2006,qb,23,< 24,TEN,1,101,15,13
DrewBledsoe31BUF2003,Drew Bledsoe,2003,qb,31,29-32,BUF,1,1,16,16
KyleBoller24BAL2005,Kyle Boller,2005,qb,24,< 24,BAL,1,57,9,9
BlakeBortles22JAX2014,Blake Bortles,2014,qb,22,< 24,JAX,1,101,14,13
DrewBrees24SDG2003,Drew Brees,2003,qb,24,< 24,SDG,3,102,11,11
MarcBulger30STL2007,Marc Bulger,2007,qb,30,29-32,STL,7,45,12,12
MarcBulger31STL2008,Marc Bulger,2008,qb,31,29-32,STL,7,45,15,15
JasonCampbell32CLE2013,Jason Campbell,2013,qb,32,29-32,CLE,1,96,9,8
DavidCarr27HOU2006,David Carr,2006,qb,27,25-28,HOU,1,1,16,16
MattCassel31MIN2013,Matt Cassel,2013,qb,31,29-32,MIN,8,86,9,6
SamDarnold21NYJ2018,Sam Darnold,2018,qb,21,< 24,NYJ,Undrafted,Undrafted,8,8
TrentDilfer33CLE2005,Trent Dilfer,2005,qb,33,32+,CLE,1,123,11,11
TrentEdwards25BUF2008,Trent Edwards,2008,qb,25,25-28,BUF,4,148,14,14
BrettFavre*41MIN2010,Brett Favre*,2010,qb,41,32+,MIN,3,103,13,13
A.J.Feeley27MIA2004,A.J. Feeley,2004,qb,27,25-28,MIA,6,35,11,8
JayFiedler32MIA2003,Jay Fiedler,2003,qb,32,29-32,MIA,Undrafted,Undrafted,12,11
ChadHenne27JAX2012,Chad Henne,2012,qb,27,25-28,JAX,3,121,10,6
DamonHuard33KAN2006,Damon Huard,2006,qb,33,32+,KAN,Undrafted,Undrafted,10,8
DamonHuard34KAN2007,Damon Huard,2007,qb,34,32+,KAN,Undrafted,Undrafted,11,10
BradJohnson32WAS2000,Brad Johnson,2000,qb,32,29-32,WAS,10,85,12,11
DeShoneKizer21CLE2017,DeShone Kizer,2017,qb,21,< 24,CLE,3,118,15,15
RyanLeaf24SDG2000,Ryan Leaf,2000,qb,24,< 24,SDG,1,65,11,9
MattLeinart23ARI2006,Matt Leinart,2006,qb,23,< 24,ARI,1,2,12,11
EJManuel23BUF2013,EJ Manuel,2013,qb,23,< 24,BUF,1,38,10,10
ShaneMatthews32WAS2002,Shane Matthews,2002,qb,32,29-32,WAS,Undrafted,Undrafted,8,7
JoshMcCown25ARI2004,Josh McCown,2004,qb,25,25-28,ARI,4,139,14,13
JoshMcCown35TAM2014,Josh McCown,2014,qb,35,32+,TAM,4,139,11,11
CarsonPalmer35ARI2014,Carson Palmer,2014,qb,35,32+,ARI,1,1,6,6
JakePlummer32DEN2006,Jake Plummer,2006,qb,32,29-32,DEN,3,110,16,11
TonyRomo30DAL2010,Tony Romo,2010,qb,30,29-32,DAL,Undrafted,Undrafted,6,6
JohnSkelton23ARI2011,John Skelton,2011,qb,23,< 24,ARI,6,35,8,7
KordellStewart28PIT2000,Kordell Stewart,2000,qb,28,25-28,PIT,3,124,16,11
SenecaWallace28SEA2008,Seneca Wallace,2008,qb,28,25-28,SEA,5,12,10,8
KurtWarner*34ARI2005,Kurt Warner*,2005,qb,34,32+,ARI,Undrafted,Undrafted,10,10
ChrisWeinke29CAR2001,Chris Weinke,2001,qb,29,29-32,CAR,5,8,15,15
TonyBanks28WAS2001,Tony Banks,2001,qb,28,25-28,WAS,3,110,15,14
BlakeBortles26JAX2018,Blake Bortles,2018,qb,26,25-28,JAX,1,101,8,8
JasonCampbell25WAS2006,Jason Campbell,2006,qb,25,25-28,WAS,1,96,7,7
DerekCarr27OAK2018,Derek Carr,2018,qb,27,25-28,OAK,3,105,7,7
MattCassel29KAN2011,Matt Cassel,2011,qb,29,29-32,KAN,8,86,9,9
ChrisChandler35ATL2000,Chris Chandler,2000,qb,35,32+,ATL,4,135,14,13
KirkCousins26WAS2014,Kirk Cousins,2014,qb,26,25-28,WAS,5,5,6,5
JoshFreeman21TAM2009,Josh Freeman,2009,qb,21,< 24,TAM,1,46,10,9
CharlieFrye25CLE2006,Charlie Frye,2006,qb,25,25-28,CLE,4,127,13,13
BlaineGabbert26SFO2015,Blaine Gabbert,2015,qb,26,25-28,SFO,1,2,8,8
JeffGarcia36PHI2006,Jeff Garcia,2006,qb,36,32+,PHI,Undrafted,Undrafted,8,6
JeffGarcia34CLE2004,Jeff Garcia,2004,qb,34,32+,CLE,Undrafted,Undrafted,11,10
DavidGarrard28JAX2006,David Garrard,2006,qb,28,25-28,JAX,5,9,11,10
MikeGlennon25TAM2014,Mike Glennon,2014,qb,25,25-28,TAM,4,132,6,5
QuinnGray28JAX2007,Quinn Gray,2007,qb,28,25-28,JAX,Undrafted,Undrafted,8,4
BrianGriese32CHI2007,Brian Griese,2007,qb,32,29-32,CHI,4,147,7,6
KellyHolcomb32BUF2005,Kelly Holcomb,2005,qb,32,29-32,BUF,Undrafted,Undrafted,10,8
KellyHolcomb30CLE2003,Kelly Holcomb,2003,qb,30,29-32,CLE,Undrafted,Undrafted,10,8
ColinKaepernick25SFO2012,Colin Kaepernick,2012,qb,25,25-28,SFO,3,105,13,7
CaseKeenum30DEN2018,Case Keenum,2018,qb,30,29-32,DEN,Undrafted,Undrafted,8,8
JakeLocker24TEN2012,Jake Locker,2012,qb,24,< 24,TEN,1,137,11,11
JoshMcCown28OAK2007,Josh McCown,2007,qb,28,25-28,OAK,4,139,9,9
BrockOsweiler25DEN2015,Brock Osweiler,2015,qb,25,25-28,DEN,3,121,8,7
ChadPennington31NYJ2007,Chad Pennington,2007,qb,31,29-32,NYJ,1,51,9,8
PatrickRamsey25WAS2004,Patrick Ramsey,2004,qb,25,25-28,WAS,1,102,9,7
TimRattay27SFO2004,Tim Rattay,2004,qb,27,25-28,SFO,8,75,9,9
ChrisRedman30ATL2007,Chris Redman,2007,qb,30,29-32,ATL,4,134,7,4
MattSchaub32HOU2013,Matt Schaub,2013,qb,32,29-32,HOU,4,146,10,8
ChrisSimms25TAM2005,Chris Simms,2005,qb,25,25-28,TAM,4,151,11,10
VinceYoung26TEN2009,Vince Young,2009,qb,26,25-28,TEN,1,101,12,10
VinceYoung27TEN2010,Vince Young,2010,qb,27,25-28,TEN,1,101,9,8
DerekAnderson25CLE2008,Derek Anderson,2008,qb,25,25-28,CLE,7,76,10,9
KyleBoller26BAL2007,Kyle Boller,2007,qb,26,25-28,BAL,1,57,12,8
AaronBrooks24NOR2000,Aaron Brooks,2000,qb,24,< 24,NOR,5,21,8,5
DavidCarr24HOU2003,David Carr,2003,qb,24,< 24,HOU,1,1,12,11
DavidCarr23HOU2002,David Carr,2002,qb,23,< 24,HOU,1,1,16,16
JayCutler23DEN2006,Jay Cutler,2006,qb,23,< 24,DEN,1,11,5,5
RyanFitzpatrick27BUF2009,Ryan Fitzpatrick,2009,qb,27,25-28,BUF,8,97,10,8
DougFlutie41SDG2003,Doug Flutie,2003,qb,41,32+,SDG,2,100,7,5
GusFrerotte29DEN2000,Gus Frerotte,2000,qb,29,29-32,DEN,8,63,10,6
BlaineGabbert23JAX2012,Blaine Gabbert,2012,qb,23,< 24,JAX,1,2,10,10
BruceGradkowski23TAM2006,Bruce Gradkowski,2006,qb,23,< 24,TAM,7,61,13,11
MattHasselbeck40IND2015,Matt Hasselbeck,2015,qb,40,32+,IND,7,56,8,8
BrettHundley24GNB2017,Brett Hundley,2017,qb,24,< 24,GNB,6,30,11,9
TarvarisJackson24MIN2007,Tarvaris Jackson,2007,qb,24,< 24,MIN,3,126,12,12
TarvarisJackson25MIN2008,Tarvaris Jackson,2008,qb,25,25-28,MIN,3,126,9,5
BradJohnson38MIN2006,Brad Johnson,2006,qb,38,32+,MIN,10,85,15,14
CaseKeenum25HOU2013,Case Keenum,2013,qb,25,25-28,HOU,Undrafted,Undrafted,8,8
CaseKeenum28LAR2016,Case Keenum,2016,qb,28,25-28,LAR,Undrafted,Undrafted,10,9
KevinKolb27ARI2011,Kevin Kolb,2011,qb,27,25-28,ARI,3,105,9,9
PeytonManning39DEN2015,Peyton Manning,2015,qb,39,32+,DEN,1,1,10,9
JoshMcCown26ARI2005,Josh McCown,2005,qb,26,25-28,ARI,4,139,9,6
KyleOrton23CHI2005,Kyle Orton,2005,qb,23,< 24,CHI,5,8,15,15
KyleOrton292TM2011,Kyle Orton,2011,qb,29,29-32,2TM,5,8,9,8
CarsonPalmer38ARI2017,Carson Palmer,2017,qb,38,32+,ARI,1,1,7,7
PatrickRamsey23WAS2002,Patrick Ramsey,2002,qb,23,< 24,WAS,1,102,9,5
MattSchaub26HOU2007,Matt Schaub,2007,qb,26,25-28,HOU,4,146,11,11
BrandonWeeden30CLE2013,Brandon Weeden,2013,qb,30,29-32,CLE,1,81,8,5
AnthonyWright27BAL2003,Anthony Wright,2003,qb,27,25-28,BAL,Undrafted,Undrafted,7,7
VinceYoung24TEN2007,Vince Young,2007,qb,24,< 24,TEN,1,101,15,15
TonyBanks27BAL2000,Tony Banks,2000,qb,27,25-28,BAL,3,110,11,8
MattBarkley26CHI2016,Matt Barkley,2016,qb,26,25-28,CHI,5,152,7,6
C.J.Beathard25SFO2018,C.J. Beathard,2018,qb,25,25-28,SFO,4,7,6,5
ToddBouman29MIN2001,Todd Bouman,2001,qb,29,29-32,MIN,Undrafted,Undrafted,5,3
MarkBrunell36WAS2006,Mark Brunell,2006,qb,36,32+,WAS,6,15,10,9
KellenClemens30STL2013,Kellen Clemens,2013,qb,30,29-32,STL,3,115,10,9
JakeDelhomme32CAR2007,Jake Delhomme,2007,qb,32,29-32,CAR,Undrafted,Undrafted,3,3
JakeDelhomme34CAR2009,Jake Delhomme,2009,qb,34,32+,CAR,Undrafted,Undrafted,11,11
RyanFitzpatrick26CIN2008,Ryan Fitzpatrick,2008,qb,26,25-28,CIN,8,97,13,12
DougFlutie38BUF2000,Doug Flutie,2000,qb,38,32+,BUF,2,100,11,5
MattFlynn283TM2013,Matt Flynn,2013,qb,28,25-28,3TM,8,73,9,5
JimHarbaugh37SDG2000,Jim Harbaugh,2000,qb,37,32+,SDG,1,99,7,5
ShaunHill34STL2014,Shaun Hill,2014,qb,34,32+,STL,Undrafted,Undrafted,9,8
KellyHolcomb29CLE2002,Kelly Holcomb,2002,qb,29,29-32,CLE,Undrafted,Undrafted,4,2
DougJohnson26ATL2003,Doug Johnson,2003,qb,26,25-28,ATL,Undrafted,Undrafted,10,8
KevinKolb28ARI2012,Kevin Kolb,2012,qb,28,25-28,ARI,3,105,6,5
JakeLocker25TEN2013,Jake Locker,2013,qb,25,25-28,TEN,1,137,7,7
J.P.Losman24BUF2005,J.P. Losman,2005,qb,24,< 24,BUF,1,81,9,8
EliManning37NYG2018,Eli Manning,2018,qb,37,32+,NYG,1,1,8,8
BakerMayfield23CLE2018,Baker Mayfield,2018,qb,23,< 24,CLE,Undrafted,Undrafted,6,5
MattMcGloin24OAK2013,Matt McGloin,2013,qb,24,< 24,OAK,Undrafted,Undrafted,7,6
SteveMcNair31TEN2004,Steve McNair,2004,qb,31,29-32,TEN,1,101,8,8
CadeMcNown23CHI2000,Cade McNown,2000,qb,23,< 24,CHI,1,16,10,9
ZachMettenberger23TEN2014,Zach Mettenberger,2014,qb,23,< 24,TEN,7,50,7,6
MattMoore32MIA2016,Matt Moore,2016,qb,32,29-32,MIA,Undrafted,Undrafted,4,3
MattMoore25CAR2009,Matt Moore,2009,qb,25,25-28,CAR,Undrafted,Undrafted,7,5
J.T.O'Sullivan29SFO2008,J.T. O'Sullivan,2008,qb,29,29-32,SFO,7,55,9,8
DanOrlovsky25DET2008,Dan Orlovsky,2008,qb,25,25-28,DET,6,28,10,7
DakPrescott25DAL2018,Dak Prescott,2018,qb,25,25-28,DAL,5,22,7,7
BradyQuinn25CLE2009,Brady Quinn,2009,qb,25,25-28,CLE,1,81,10,9
AlexSmith34WAS2018,Alex Smith,2018,qb,34,32+,WAS,1,1,7,7
RyanTannehill30MIA2018,Ryan Tannehill,2018,qb,30,29-32,MIA,1,137,5,5
SenecaWallace26SEA2006,Seneca Wallace,2006,qb,26,25-28,SEA,5,12,8,4
TroyAikman*34DAL2000,Troy Aikman*,2000,qb,34,32+,DAL,1,1,11,11
DerekAnderson27ARI2010,Derek Anderson,2010,qb,27,25-28,ARI,7,76,12,9
DrewBledsoe34DAL2006,Drew Bledsoe,2006,qb,34,32+,DAL,1,1,6,6
KyleBoller22BAL2003,Kyle Boller,2003,qb,22,< 24,BAL,1,57,11,9
BrooksBollinger26NYJ2005,Brooks Bollinger,2005,qb,26,25-28,NYJ,7,66,11,9
MarkBrunell34WAS2004,Mark Brunell,2004,qb,34,32+,WAS,6,15,9,9
QuincyCarter25DAL2002,Quincy Carter,2002,qb,25,25-28,DAL,3,119,7,7
TimCouch23CLE2000,Tim Couch,2000,qb,23,< 24,CLE,1,1,7,7
TimCouch26CLE2003,Tim Couch,2003,qb,26,25-28,CLE,1,1,10,8
TrentDilfer35SFO2007,Trent Dilfer,2007,qb,35,32+,SFO,1,123,7,6
TrentDilfer29SEA2001,Trent Dilfer,2001,qb,29,29-32,SEA,1,123,6,4
TrentEdwards24BUF2007,Trent Edwards,2007,qb,24,< 24,BUF,4,148,10,9
JayFiedler33MIA2004,Jay Fiedler,2004,qb,33,32+,MIA,Undrafted,Undrafted,8,7
RyanFitzpatrick35TAM2017,Ryan Fitzpatrick,2017,qb,35,32+,TAM,8,97,6,3
NickFoles26STL2015,Nick Foles,2015,qb,26,25-28,STL,4,144,11,11
GusFrerotte32MIN2003,Gus Frerotte,2003,qb,32,29-32,MIN,8,63,16,2
GusFrerotte36STL2007,Gus Frerotte,2007,qb,36,32+,STL,8,63,8,3
JimmyGaroppolo26SFO2017,Jimmy Garoppolo,2017,qb,26,25-28,SFO,3,125,6,5
JeffGeorge33WAS2000,Jeff George,2000,qb,33,32+,WAS,1,1,6,5
TrentGreen36KAN2006,Trent Green,2006,qb,36,32+,KAN,9,83,8,8
BrianGriese30TAM2005,Brian Griese,2005,qb,30,29-32,TAM,4,147,6,6
RexGrossman30WAS2010,Rex Grossman,2010,qb,30,29-32,WAS,1,81,4,3
JoeyHarrington29ATL2007,Joey Harrington,2007,qb,29,29-32,ATL,1,101,12,10
MattHasselbeck37TEN2012,Matt Hasselbeck,2012,qb,37,32+,TEN,7,56,8,5
MattHasselbeck26SEA2001,Matt Hasselbeck,2001,qb,26,25-28,SEA,7,56,13,12
KellyHolcomb31CLE2004,Kelly Holcomb,2004,qb,31,29-32,CLE,Undrafted,Undrafted,4,2
ChadHutchinson25DAL2002,Chad Hutchinson,2002,qb,25,25-28,DAL,Undrafted,Undrafted,9,9
KevinKolb26PHI2010,Kevin Kolb,2010,qb,26,25-28,PHI,3,105,7,5
ByronLeftwich26JAX2006,Byron Leftwich,2006,qb,26,25-28,JAX,1,130,6,6
JohnnyManziel23CLE2015,Johnny Manziel,2015,qb,23,< 24,CLE,1,81,10,6
JamieMartin32STL2002,Jamie Martin,2002,qb,32,29-32,STL,Undrafted,Undrafted,5,2
MikeMcMahon23DET2002,Mike McMahon,2002,qb,23,< 24,DET,6,32,8,4
ChristianPonder25MIN2013,Christian Ponder,2013,qb,25,25-28,MIN,1,16,9,9
TerrellePryor24OAK2013,Terrelle Pryor,2013,qb,24,< 24,OAK,4,1,11,9
TimRattay26SFO2003,Tim Rattay,2003,qb,26,25-28,SFO,8,75,11,3
ChrisRedman25BAL2002,Chris Redman,2002,qb,25,25-28,BAL,4,134,6,6
DrewStanton30ARI2014,Drew Stanton,2014,qb,30,29-32,ARI,3,111,9,8
KordellStewart31CHI2003,Kordell Stewart,2003,qb,31,29-32,CHI,3,124,9,7
VinnyTestaverde40NYJ2003,Vinny Testaverde,2003,qb,40,32+,NYJ,1,1,7,7
MitchellTrubisky23CHI2017,Mitchell Trubisky,2017,qb,23,< 24,CHI,1,65,12,12
CharlieWhitehurst32TEN2014,Charlie Whitehurst,2014,qb,32,29-32,TEN,4,139,7,5
SteveBeuerlein37DEN2002,Steve Beuerlein,2002,qb,37,32+,DEN,5,12,8,3
SamBradford24STL2011,Sam Bradford,2011,qb,24,< 24,STL,1,1,10,10
JasonCampbell30OAK2011,Jason Campbell,2011,qb,30,29-32,OAK,1,96,6,6
MattCassel30KAN2012,Matt Cassel,2012,qb,30,29-32,KAN,8,86,9,8
KerryCollins37TEN2009,Kerry Collins,2009,qb,37,32+,TEN,1,116,7,6
BrodieCroyle24KAN2007,Brodie Croyle,2007,qb,24,< 24,KAN,4,142,9,6
DaunteCulpepper28MIN2005,Daunte Culpepper,2005,qb,28,25-28,MIN,1,11,7,7
RandallCunningham37DAL2000,Randall Cunningham,2000,qb,37,32+,DAL,3,106,6,3
KenDorsey23SFO2004,Ken Dorsey,2004,qb,23,< 24,SFO,8,92,8,7
TrentEdwards26BUF2009,Trent Edwards,2009,qb,26,25-28,BUF,4,148,8,7
A.J.Feeley25PHI2002,A.J. Feeley,2002,qb,25,25-28,PHI,6,35,6,5
MattFlynn26GNB2011,Matt Flynn,2011,qb,26,25-28,GNB,8,73,5,1
NickFoles23PHI2012,Nick Foles,2012,qb,23,< 24,PHI,4,144,7,6
BlaineGabbert28ARI2017,Blaine Gabbert,2017,qb,28,25-28,ARI,1,2,5,5
RichGannon38OAK2003,Rich Gannon,2003,qb,38,32+,OAK,5,152,7,7
BruceGradkowski26OAK2009,Bruce Gradkowski,2009,qb,26,25-28,OAK,7,61,7,4
BrianHoyer31CHI2016,Brian Hoyer,2016,qb,31,29-32,CHI,Undrafted,Undrafted,6,5
ColinKaepernick28SFO2015,Colin Kaepernick,2015,qb,28,25-28,SFO,3,105,9,8
CodyKessler23CLE2016,Cody Kessler,2016,qb,23,< 24,CLE,4,149,9,8
CleoLemon28MIA2007,Cleo Lemon,2007,qb,28,25-28,MIA,Undrafted,Undrafted,9,7
EliManning23NYG2004,Eli Manning,2004,qb,23,< 24,NYG,1,1,9,7
A.J.McCarron25CIN2015,A.J. McCarron,2015,qb,25,25-28,CIN,6,43,7,3
JoshMcCown37CLE2016,Josh McCown,2016,qb,37,32+,CLE,4,139,5,3
ColtMcCoy24CLE2010,Colt McCoy,2010,qb,24,< 24,CLE,4,142,8,8
DanOrlovsky28IND2011,Dan Orlovsky,2011,qb,28,25-28,IND,6,28,8,5
BrockOsweiler28MIA2018,Brock Osweiler,2018,qb,28,25-28,MIA,3,121,4,3
CurtisPainter26IND2011,Curtis Painter,2011,qb,26,25-28,IND,7,67,9,8
SageRosenfels30HOU2008,Sage Rosenfels,2008,qb,30,29-32,HOU,5,10,6,5
MatthewStafford22DET2010,Matthew Stafford,2010,qb,22,< 24,DET,1,1,3,3
DrewStanton33ARI2017,Drew Stanton,2017,qb,33,32+,ARI,3,111,5,4
KordellStewart30PIT2002,Kordell Stewart,2002,qb,30,29-32,PIT,3,124,7,5
KurtWarner*33NYG2004,Kurt Warner*,2004,qb,33,32+,NYG,Undrafted,Undrafted,10,9
KurtWarner*35ARI2006,Kurt Warner*,2006,qb,35,32+,ARI,Undrafted,Undrafted,6,5
JameisWinston24TAM2018,Jameis Winston,2018,qb,24,< 24,TAM,1,1,4,3
AnthonyWright29BAL2005,Anthony Wright,2005,qb,29,29-32,BAL,Undrafted,Undrafted,9,7
DerekAnderson31CAR2014,Derek Anderson,2014,qb,31,29-32,CAR,7,76,6,2
DerekAnderson23CLE2006,Derek Anderson,2006,qb,23,< 24,CLE,7,76,5,3
TonyBanks30HOU2003,Tony Banks,2003,qb,30,29-32,HOU,3,110,7,3
CharlieBatch32PIT2006,Charlie Batch,2006,qb,32,29-32,PIT,3,124,8,1
KyleBoller25BAL2006,Kyle Boller,2006,qb,25,25-28,BAL,1,57,5,0
MarcBulger32STL2009,Marc Bulger,2009,qb,32,29-32,STL,7,45,9,8
QuincyCarter24DAL2001,Quincy Carter,2001,qb,24,< 24,DAL,3,119,8,8
MattCassel332TM2015,Matt Cassel,2015,qb,33,32+,2TM,8,86,10,8
KellenClemens24NYJ2007,Kellen Clemens,2007,qb,24,< 24,NYJ,3,115,10,8
ToddCollins36WAS2007,Todd Collins,2007,qb,36,32+,WAS,3,113,4,3
DaunteCulpepper30OAK2007,Daunte Culpepper,2007,qb,30,29-32,OAK,1,11,7,6
A.J.Feeley30PHI2007,A.J. Feeley,2007,qb,30,29-32,PHI,6,35,3,2
NickFoles28PHI2017,Nick Foles,2017,qb,28,25-28,PHI,4,144,7,3
BlaineGabbert27SFO2016,Blaine Gabbert,2016,qb,27,25-28,SFO,1,2,6,5
JimmyGaroppolo27SFO2018,Jimmy Garoppolo,2018,qb,27,25-28,SFO,3,125,3,3
JaredGoff22LAR2016,Jared Goff,2016,qb,22,< 24,LAR,1,1,7,7
BruceGradkowski27OAK2010,Bruce Gradkowski,2010,qb,27,25-28,OAK,7,61,6,4
TrentGreen37MIA2007,Trent Green,2007,qb,37,32+,MIA,9,83,5,5
BrianGriese33TAM2008,Brian Griese,2008,qb,33,32+,TAM,4,147,5,5
BrianGriese28MIA2003,Brian Griese,2003,qb,28,25-28,MIA,4,147,5,5
MattHasselbeck33SEA2008,Matt Hasselbeck,2008,qb,33,32+,SEA,7,56,7,7
TimHasselbeck25WAS2003,Tim Hasselbeck,2003,qb,25,25-28,WAS,Undrafted,Undrafted,7,5
ShaunHill27SFO2007,Shaun Hill,2007,qb,27,25-28,SFO,Undrafted,Undrafted,3,2
ShaunHill29SFO2009,Shaun Hill,2009,qb,29,29-32,SFO,Undrafted,Undrafted,6,6
BrianHoyer28CLE2013,Brian Hoyer,2013,qb,28,25-28,CLE,Undrafted,Undrafted,3,3
RobJohnson28BUF2001,Rob Johnson,2001,qb,28,25-28,BUF,5,153,8,8
JonKitna32CIN2004,Jon Kitna,2004,qb,32,29-32,CIN,Undrafted,Undrafted,4,3
JonKitna36DET2008,Jon Kitna,2008,qb,36,32+,DET,Undrafted,Undrafted,4,4
JakeLocker26TEN2014,Jake Locker,2014,qb,26,25-28,TEN,1,137,7,5
RyanMallett272TM2015,Ryan Mallett,2015,qb,27,25-28,2TM,4,133,8,6
EJManuel24BUF2014,EJ Manuel,2014,qb,24,< 24,BUF,1,38,5,4
JamieMartin35STL2005,Jamie Martin,2005,qb,35,32+,STL,Undrafted,Undrafted,8,5
ShaneMatthews31CHI2001,Shane Matthews,2001,qb,31,29-32,CHI,Undrafted,Undrafted,4,3
JoshMcCown24ARI2003,Josh McCown,2003,qb,24,< 24,ARI,4,139,8,3
LukeMcCown26TAM2007,Luke McCown,2007,qb,26,25-28,TAM,5,8,5,3
MikeMcMahon26PHI2005,Mike McMahon,2005,qb,26,25-28,PHI,6,32,9,7
MattMoore26CAR2010,Matt Moore,2010,qb,26,25-28,CAR,Undrafted,Undrafted,6,5
BrockOsweiler27DEN2017,Brock Osweiler,2017,qb,27,25-28,DEN,3,121,6,4
TimRattay28SFO2005,Tim Rattay,2005,qb,28,25-28,SFO,8,75,4,4
TonyRomo35DAL2015,Tony Romo,2015,qb,35,32+,DAL,Undrafted,Undrafted,4,4
JoshRosen21ARI2018,Josh Rosen,2018,qb,21,< 24,ARI,Undrafted,Undrafted,6,5
TomSavage27HOU2017,Tom Savage,2017,qb,27,25-28,HOU,5,22,8,7
TroySmith26SFO2010,Troy Smith,2010,qb,26,25-28,SFO,6,48,6,6
TimTebow23DEN2010,Tim Tebow,2010,qb,23,< 24,DEN,1,96,9,3
VinnyTestaverde44CAR2007,Vinny Testaverde,2007,qb,44,32+,CAR,1,1,7,6
MichaelVick33PHI2013,Michael Vick,2013,qb,33,32+,PHI,1,1,7,6
BrandonWeeden322TM2015,Brandon Weeden,2015,qb,32,29-32,2TM,1,81,6,4
AnthonyWright25DAL2001,Anthony Wright,2001,qb,25,25-28,DAL,Undrafted,Undrafted,4,3
C.J.Beathard24SFO2017,C.J. Beathard,2017,qb,24,< 24,SFO,4,7,7,5
ChrisChandler37CHI2002,Chris Chandler,2002,qb,37,32+,CHI,4,135,9,7
KirkCousins25WAS2013,Kirk Cousins,2013,qb,25,25-28,WAS,5,5,5,3
KirkCousins24WAS2012,Kirk Cousins,2012,qb,24,< 24,WAS,5,5,3,1
DaunteCulpepper31DET2008,Daunte Culpepper,2008,qb,31,29-32,DET,1,11,5,5
JayCutler33CHI2016,Jay Cutler,2016,qb,33,32+,CHI,1,11,5,5
TrentDilfer30SEA2002,Trent Dilfer,2002,qb,30,29-32,SEA,1,123,6,6
RyanFitzpatrick23STL2005,Ryan Fitzpatrick,2005,qb,23,< 24,STL,8,97,4,3
CharlieFrye24CLE2005,Charlie Frye,2005,qb,24,< 24,CLE,4,127,7,5
JimmyGaroppolo25NWE2016,Jimmy Garoppolo,2016,qb,25,25-28,NWE,3,125,6,2
DavidGarrard27JAX2005,David Garrard,2005,qb,27,25-28,JAX,5,9,7,5
MikeGlennon28CHI2017,Mike Glennon,2017,qb,28,25-28,CHI,4,132,4,4
RobertGriffin24WAS2014,Robert Griffin,2014,qb,24,< 24,WAS,1,65,9,7
RexGrossman27CHI2007,Rex Grossman,2007,qb,27,25-28,CHI,1,81,8,7
ChadHenne26MIA2011,Chad Henne,2011,qb,26,25-28,MIA,3,121,4,4
KevinHogan25CLE2017,Kevin Hogan,2017,qb,25,25-28,CLE,6,41,4,1
BrianHoyer322TM2017,Brian Hoyer,2017,qb,32,29-32,2TM,Undrafted,Undrafted,11,6
ChadHutchinson27CHI2004,Chad Hutchinson,2004,qb,27,25-28,CHI,Undrafted,Undrafted,5,5
JoshJohnson23TAM2009,Josh Johnson,2009,qb,23,< 24,TAM,6,39,6,4
LandryJones27PIT2016,Landry Jones,2016,qb,27,25-28,PIT,5,13,8,2
CaseKeenum27STL2015,Case Keenum,2015,qb,27,25-28,STL,Undrafted,Undrafted,6,5
KevinKolb25PHI2009,Kevin Kolb,2009,qb,25,25-28,PHI,3,105,5,2
ByronLeftwich29TAM2009,Byron Leftwich,2009,qb,29,29-32,TAM,1,130,3,3
ThaddeusLewis28BUF2013,Thaddeus Lewis,2013,qb,28,25-28,BUF,Undrafted,Undrafted,6,5
JakeLocker23TEN2011,Jake Locker,2011,qb,23,< 24,TEN,1,137,5,0
J.P.Losman26BUF2007,J.P. Losman,2007,qb,26,25-28,BUF,1,81,8,7
RayLucas30MIA2002,Ray Lucas,2002,qb,30,29-32,MIA,Undrafted,Undrafted,7,6
LukeMcCown23CLE2004,Luke McCown,2004,qb,23,< 24,CLE,5,8,5,4
ColtMcCoy28WAS2014,Colt McCoy,2014,qb,28,25-28,WAS,4,142,5,4
DonovanMcNabb35MIN2011,Donovan McNabb,2011,qb,35,32+,MIN,1,65,6,6
ZachMettenberger24TEN2015,Zach Mettenberger,2015,qb,24,< 24,TEN,7,50,7,4
KellenMoore27DAL2015,Kellen Moore,2015,qb,27,25-28,DAL,Undrafted,Undrafted,3,2
MattMoore33MIA2017,Matt Moore,2017,qb,33,32+,MIA,Undrafted,Undrafted,4,2
CraigNall25GNB2004,Craig Nall,2004,qb,25,25-28,GNB,6,43,5,0
TimRattay29TAM2006,Tim Rattay,2006,qb,29,29-32,TAM,8,75,4,2
ChrisRedman32ATL2009,Chris Redman,2009,qb,32,29-32,ATL,4,134,6,2
SageRosenfels27MIA2005,Sage Rosenfels,2005,qb,27,25-28,MIA,5,10,4,1
MarkSanchez29PHI2015,Mark Sanchez,2015,qb,29,29-32,PHI,1,116,4,2
MattSchaub24ATL2005,Matt Schaub,2005,qb,24,< 24,ATL,4,146,16,1
DrewStanton26DET2010,Drew Stanton,2010,qb,26,25-28,DET,3,111,6,3
MichaelVick23ATL2003,Michael Vick,2003,qb,23,< 24,ATL,1,1,5,4
BillyVolek27TEN2003,Billy Volek,2003,qb,27,25-28,TEN,Undrafted,Undrafted,7,1
BillyVolek29TEN2005,Billy Volek,2005,qb,29,29-32,TEN,Undrafted,Undrafted,6,1
SenecaWallace30CLE2010,Seneca Wallace,2010,qb,30,29-32,CLE,5,12,8,4
T.J.Yates30HOU2017,T.J. Yates,2017,qb,30,29-32,HOU,6,34,4,3
VinceYoung28PHI2011,Vince Young,2011,qb,28,25-28,PHI,1,101,6,3
DerekAnderson26CLE2009,Derek Anderson,2009,qb,26,25-28,CLE,7,76,8,7
CharlieBatch36PIT2010,Charlie Batch,2010,qb,36,32+,PIT,3,124,3,2
KyleBoller28STL2009,Kyle Boller,2009,qb,28,25-28,STL,1,57,7,4
SamBradford30MIN2017,Sam Bradford,2017,qb,30,29-32,MIN,1,1,2,2
AaronBrooks30OAK2006,Aaron Brooks,2006,qb,30,29-32,OAK,5,21,8,8
HenryBurris27CHI2002,Henry Burris,2002,qb,27,25-28,CHI,Undrafted,Undrafted,6,1
DavidCarr28CAR2007,David Carr,2007,qb,28,25-28,CAR,1,1,6,4
QuincyCarter27NYJ2004,Quincy Carter,2004,qb,27,25-28,NYJ,3,119,7,3
MattCassel32MIN2014,Matt Cassel,2014,qb,32,29-32,MIN,8,86,3,3
ChrisChandler38CHI2003,Chris Chandler,2003,qb,38,32+,CHI,4,135,8,6
JimmyClausen23CAR2010,Jimmy Clausen,2010,qb,23,< 24,CAR,3,114,13,10
DaunteCulpepper32DET2009,Daunte Culpepper,2009,qb,32,29-32,DET,1,11,8,5
RandallCunningham38BAL2001,Randall Cunningham,2001,qb,38,32+,BAL,3,106,6,2
TyDetmer34DET2001,Ty Detmer,2001,qb,34,32+,DET,10,86,4,4
A.J.Feeley29PHI2006,A.J. Feeley,2006,qb,29,29-32,PHI,6,35,2,0
MattFlynn25GNB2010,Matt Flynn,2010,qb,25,25-28,GNB,8,73,7,1
NickFoles27KAN2016,Nick Foles,2016,qb,27,25-28,KAN,4,144,3,1
GusFrerotte30DEN2001,Gus Frerotte,2001,qb,30,29-32,DEN,8,63,4,1
RichGannon39OAK2004,Rich Gannon,2004,qb,39,32+,OAK,5,152,3,3
JeffGarcia35DET2005,Jeff Garcia,2005,qb,35,32+,DET,Undrafted,Undrafted,6,5
CalebHanie26CHI2011,Caleb Hanie,2011,qb,26,25-28,CHI,Undrafted,Undrafted,6,4
ChadHenne29JAX2014,Chad Henne,2014,qb,29,29-32,JAX,3,121,3,3
BrockHuard24SEA2000,Brock Huard,2000,qb,24,< 24,SEA,4,136,5,4
TarvarisJackson27MIN2010,Tarvaris Jackson,2010,qb,27,25-28,MIN,3,126,3,1
BradJohnson36TAM2004,Brad Johnson,2004,qb,36,32+,TAM,10,85,4,4
LandryJones26PIT2015,Landry Jones,2015,qb,26,25-28,PIT,5,13,7,2
CraigKrenzel23CHI2004,Craig Krenzel,2004,qb,23,< 24,CHI,6,31,6,5
EJManuel25BUF2015,EJ Manuel,2015,qb,25,25-28,BUF,1,38,7,2
MarcusMariota25TEN2018,Marcus Mariota,2018,qb,25,25-28,TEN,1,65,6,5
ShaneMatthews30CHI2000,Shane Matthews,2000,qb,30,29-32,CHI,Undrafted,Undrafted,6,5
MikeMcMahon22DET2001,Mike McMahon,2001,qb,22,< 24,DET,6,32,8,3
RickMirer33OAK2003,Rick Mirer,2003,qb,33,32+,OAK,1,65,9,8
ScottMitchell32CIN2000,Scott Mitchell,2000,qb,32,29-32,CIN,5,149,8,5
MattMoore23CAR2007,Matt Moore,2007,qb,23,< 24,CAR,Undrafted,Undrafted,9,3
KeithNull24STL2009,Keith Null,2009,qb,24,< 24,STL,7,62,4,4
KyleOrton25CHI2007,Kyle Orton,2007,qb,25,25-28,CHI,5,8,3,3
CarsonPalmer29CIN2008,Carson Palmer,2008,qb,29,29-32,CIN,1,1,4,4
JessePalmer25NYG2003,Jesse Palmer,2003,qb,25,25-28,NYG,5,19,6,3
BrycePetty25NYJ2016,Bryce Petty,2016,qb,25,25-28,NYJ,5,6,6,4
TimRattay30ARI2007,Tim Rattay,2007,qb,30,29-32,ARI,8,75,4,0
SageRosenfels28HOU2006,Sage Rosenfels,2006,qb,28,25-28,HOU,5,10,4,0
JaMarcusRussell24OAK2009,JaMarcus Russell,2009,qb,24,< 24,OAK,1,1,12,9
MattSchaub34BAL2015,Matt Schaub,2015,qb,34,32+,BAL,4,146,2,2
AkiliSmith25CIN2000,Akili Smith,2000,qb,25,25-28,CIN,1,101,12,11
JimSorgi25IND2005,Jim Sorgi,2005,qb,25,25-28,IND,7,60,5,0
ClintStoerner24DAL2001,Clint Stoerner,2001,qb,24,< 24,DAL,Undrafted,Undrafted,4,2
VinnyTestaverde39NYJ2002,Vinny Testaverde,2002,qb,39,32+,NYJ,1,1,5,4
MichaelVick34NYJ2014,Michael Vick,2014,qb,34,32+,NYJ,1,1,10,3
SenecaWallace29SEA2009,Seneca Wallace,2009,qb,29,29-32,SEA,5,12,13,2
AndrewWalter24OAK2006,Andrew Walter,2006,qb,24,< 24,OAK,4,129,12,8
KurtWarner*31STL2002,Kurt Warner*,2002,qb,31,29-32,STL,Undrafted,Undrafted,7,6
JoeWebb25MIN2011,Joe Webb,2011,qb,25,25-28,MIN,7,64,11,1
BrandonWeeden31DAL2014,Brandon Weeden,2014,qb,31,29-32,DAL,1,81,5,1
DannyWuerffel28WAS2002,Danny Wuerffel,2002,qb,28,25-28,WAS,5,153,7,4
T.J.Yates24HOU2011,T.J. Yates,2011,qb,24,< 24,HOU,6,34,6,5
T.J.Yates28HOU2015,T.J. Yates,2015,qb,28,25-28,HOU,6,34,4,2
JoshAllen22BUF2018,Josh Allen,2018,qb,22,< 24,BUF,Undrafted,Undrafted,6,5
DerekAnderson33CAR2016,Derek Anderson,2016,qb,33,32+,CAR,7,76,5,2
CharlieBatch33PIT2007,Charlie Batch,2007,qb,33,32+,PIT,3,124,7,1
JohnBeck30WAS2011,John Beck,2011,qb,30,29-32,WAS,3,109,4,3
SteveBeuerlein38DEN2003,Steve Beuerlein,2003,qb,38,32+,DEN,5,12,4,2
DrewBledsoe29NWE2001,Drew Bledsoe,2001,qb,29,29-32,NWE,1,1,2,2
ToddBouman38JAX2010,Todd Bouman,2010,qb,38,32+,JAX,Undrafted,Undrafted,1,1
ToddBouman33NOR2005,Todd Bouman,2005,qb,33,32+,NOR,Undrafted,Undrafted,16,3
SamBradford31ARI2018,Sam Bradford,2018,qb,31,29-32,ARI,1,1,3,3
DaveBrown30ARI2000,Dave Brown,2000,qb,30,29-32,ARI,1,1,6,2
MarkBrunell33JAX2003,Mark Brunell,2003,qb,33,32+,JAX,6,15,3,3
MarkBrunell40NYJ2010,Mark Brunell,2010,qb,40,32+,NYJ,6,15,2,0
JasonCampbell31CHI2012,Jason Campbell,2012,qb,31,29-32,CHI,1,96,6,1
DavidCarr29NYG2008,David Carr,2008,qb,29,29-32,NYG,1,1,3,0
MattCassel34TEN2016,Matt Cassel,2016,qb,34,32+,TEN,8,86,4,1
MattCassel23NWE2005,Matt Cassel,2005,qb,23,< 24,NWE,8,86,2,0
ChrisChandler39STL2004,Chris Chandler,2004,qb,39,32+,STL,4,135,5,2
JimmyClausen282TM2015,Jimmy Clausen,2015,qb,28,25-28,2TM,3,114,5,3
JimmyClausen27CHI2014,Jimmy Clausen,2014,qb,27,25-28,CHI,3,114,4,1
KellenClemens28STL2011,Kellen Clemens,2011,qb,28,25-28,STL,3,115,3,3
KerryCollins39IND2011,Kerry Collins,2011,qb,39,32+,IND,1,116,3,3
BrodieCroyle26KAN2009,Brodie Croyle,2009,qb,26,25-28,KAN,4,142,3,1
DaunteCulpepper29MIA2006,Daunte Culpepper,2006,qb,29,29-32,MIA,1,11,4,4
JakeDelhomme35CLE2010,Jake Delhomme,2010,qb,35,32+,CLE,Undrafted,Undrafted,5,4
KoyDetmer29PHI2002,Koy Detmer,2002,qb,29,29-32,PHI,8,71,14,1
KenDorsey24SFO2005,Ken Dorsey,2005,qb,24,< 24,SFO,8,92,3,3
TrentEdwards272TM2010,Trent Edwards,2010,qb,27,25-28,2TM,4,148,5,3
A.J.Feeley24PHI2001,A.J. Feeley,2001,qb,24,< 24,PHI,6,35,1,0
JoshFreeman252TM2013,Josh Freeman,2013,qb,25,25-28,2TM,1,46,4,4
CharlieFrye27SEA2008,Charlie Frye,2008,qb,27,25-28,SEA,4,127,2,1
DavidGarrard26JAX2004,David Garrard,2004,qb,26,25-28,JAX,5,9,4,2
KentGraham33WAS2001,Kent Graham,2001,qb,33,32+,WAS,9,74,3,0
QuinnGray26JAX2005,Quinn Gray,2005,qb,26,25-28,JAX,Undrafted,Undrafted,1,0
RobertGriffin26CLE2016,Robert Griffin,2016,qb,26,25-28,CLE,1,65,5,5
RexGrossman23CHI2003,Rex Grossman,2003,qb,23,< 24,CHI,1,81,3,3
RexGrossman28CHI2008,Rex Grossman,2008,qb,28,25-28,CHI,1,81,4,1
MattHasselbeck39IND2014,Matt Hasselbeck,2014,qb,39,32+,IND,7,56,4,0
ShaunHill32DET2012,Shaun Hill,2012,qb,32,29-32,DET,Undrafted,Undrafted,1,0
KellyHolcomb34MIN2007,Kelly Holcomb,2007,qb,34,32+,MIN,Undrafted,Undrafted,3,3
DamonHuard35KAN2008,Damon Huard,2008,qb,35,32+,KAN,Undrafted,Undrafted,5,3
TarvarisJackson23MIN2006,Tarvaris Jackson,2006,qb,23,< 24,MIN,3,126,4,2
BradJohnson40DAL2008,Brad Johnson,2008,qb,40,32+,DAL,10,85,16,3
DougJohnson23ATL2000,Doug Johnson,2000,qb,23,< 24,ATL,Undrafted,Undrafted,4,2
DougJohnson25ATL2002,Doug Johnson,2002,qb,25,25-28,ATL,Undrafted,Undrafted,6,1
DannyKanell30DEN2003,Danny Kanell,2003,qb,30,29-32,DEN,5,20,5,2
DannyKanell27ATL2000,Danny Kanell,2000,qb,27,25-28,ATL,5,20,5,1
CaseKeenum262TM2014,Case Keenum,2014,qb,26,25-28,2TM,Undrafted,Undrafted,2,2
KurtKittner23ATL2003,Kurt Kittner,2003,qb,23,< 24,ATL,6,37,7,4
ByronLeftwich28PIT2008,Byron Leftwich,2008,qb,28,25-28,PIT,1,130,5,0
MattLeinart24ARI2007,Matt Leinart,2007,qb,24,< 24,ARI,1,2,5,5
CleoLemon27MIA2006,Cleo Lemon,2006,qb,27,25-28,MIA,Undrafted,Undrafted,4,1
RyanLindley252TM2014,Ryan Lindley,2014,qb,25,25-28,2TM,7,54,3,2
J.P.Losman27BUF2008,J.P. Losman,2008,qb,27,25-28,BUF,1,81,5,2
PaxtonLynch23DEN2017,Paxton Lynch,2017,qb,23,< 24,DEN,1,99,2,2
PaxtonLynch22DEN2016,Paxton Lynch,2016,qb,22,< 24,DEN,1,99,3,2
TommyMaddox34PIT2005,Tommy Maddox,2005,qb,34,32+,PIT,1,96,4,2
RyanMallett26HOU2014,Ryan Mallett,2014,qb,26,25-28,HOU,4,133,3,2
RyanMallett29BAL2017,Ryan Mallett,2017,qb,29,29-32,BAL,4,133,2,0
JamieMartin30JAX2000,Jamie Martin,2000,qb,30,29-32,JAX,Undrafted,Undrafted,5,0
JoshMcCown32CHI2011,Josh McCown,2011,qb,32,29-32,CHI,4,139,3,2
StephenMcGee25DAL2010,Stephen McGee,2010,qb,25,25-28,DAL,5,4,2,1
MattMcGloin26OAK2015,Matt McGloin,2015,qb,26,25-28,OAK,Undrafted,Undrafted,2,0
SteveMcNair34BAL2007,Steve McNair,2007,qb,34,32+,BAL,1,101,6,6
NeilO'Donnell35TEN2001,Neil O'Donnell,2001,qb,35,32+,TEN,4,131,5,1
NeilO'Donnell34TEN2000,Neil O'Donnell,2000,qb,34,32+,TEN,4,131,7,1
NeilO'Donnell37TEN2003,Neil O'Donnell,2003,qb,37,32+,TEN,4,131,1,1
KyleOrton31DAL2013,Kyle Orton,2013,qb,31,29-32,DAL,5,8,3,1
TylerPalko28KAN2011,Tyler Palko,2011,qb,28,25-28,KAN,Undrafted,Undrafted,6,4
DougPederson32CLE2000,Doug Pederson,2000,qb,32,29-32,CLE,Undrafted,Undrafted,11,8
ChadPennington29NYJ2005,Chad Pennington,2005,qb,29,29-32,NYJ,1,51,3,3
NathanPeterman23BUF2017,Nathan Peterman,2017,qb,23,< 24,BUF,6,47,4,2
TerrellePryor23OAK2012,Terrelle Pryor,2012,qb,23,< 24,OAK,4,1,3,1
BradyQuinn28KAN2012,Brady Quinn,2012,qb,28,25-28,KAN,1,81,10,8
BradyQuinn24CLE2008,Brady Quinn,2008,qb,24,< 24,CLE,1,81,3,3
TimRattay25SFO2002,Tim Rattay,2002,qb,25,25-28,SFO,8,75,4,0
JaMarcusRussell22OAK2007,JaMarcus Russell,2007,qb,22,< 24,OAK,1,1,4,1
JohnSkelton22ARI2010,John Skelton,2010,qb,22,< 24,ARI,6,35,5,4
JohnSkelton24ARI2012,John Skelton,2012,qb,24,< 24,ARI,6,35,7,6
AlexSmith23SFO2007,Alex Smith,2007,qb,23,< 24,SFO,1,1,7,7
GenoSmith25NYJ2015,Geno Smith,2015,qb,25,25-28,NYJ,3,107,1,0
TroySmith23BAL2007,Troy Smith,2007,qb,23,< 24,BAL,6,48,4,2
JimSorgi24IND2004,Jim Sorgi,2004,qb,24,< 24,IND,7,60,4,0
DrewStanton32ARI2016,Drew Stanton,2016,qb,32,29-32,ARI,3,111,5,1
TyrodTaylor29CLE2018,Tyrod Taylor,2018,qb,29,29-32,CLE,7,52,3,3
TylerThigpen26MIA2010,Tyler Thigpen,2010,qb,26,25-28,MIA,8,79,5,1
MichaelVick21ATL2001,Michael Vick,2001,qb,21,< 24,ATL,1,1,8,2
MichaelVick35PIT2015,Michael Vick,2015,qb,35,32+,PIT,1,1,5,3
SenecaWallace27SEA2007,Seneca Wallace,2007,qb,27,25-28,SEA,5,12,10,0
SenecaWallace31CLE2011,Seneca Wallace,2011,qb,31,29-32,CLE,5,12,6,3
ChrisWeinke34CAR2006,Chris Weinke,2006,qb,34,32+,CAR,5,8,3,3
CharlieWhitehurst28SEA2010,Charlie Whitehurst,2010,qb,28,25-28,SEA,4,139,6,2
TonyBanks32HOU2005,Tony Banks,2005,qb,32,29-32,HOU,3,110,2,0
RichardBartel28ARI2011,Richard Bartel,2011,qb,28,25-28,ARI,Undrafted,Undrafted,2,0
CharlieBatch38PIT2012,Charlie Batch,2012,qb,38,32+,PIT,3,124,2,2
CharlieBatch31PIT2005,Charlie Batch,2005,qb,31,29-32,PIT,3,124,4,2
JohnBeck26MIA2007,John Beck,2007,qb,26,25-28,MIA,3,109,5,4
MichaelBishop24NWE2000,Michael Bishop,2000,qb,24,< 24,NWE,8,85,8,0
JeffBlake34PHI2004,Jeff Blake,2004,qb,34,32+,PHI,7,44,3,0
JeffBlake35CHI2005,Jeff Blake,2005,qb,35,32+,CHI,7,44,2,0
BrooksBollinger28MIN2007,Brooks Bollinger,2007,qb,28,25-28,MIN,7,66,5,1
BrooksBollinger29DAL2008,Brooks Bollinger,2008,qb,29,29-32,DAL,7,66,2,0
ToddBouman31NOR2003,Todd Bouman,2003,qb,31,29-32,NOR,Undrafted,Undrafted,4,0
TrevoneBoykin23SEA2016,Trevone Boykin,2016,qb,23,< 24,SEA,Undrafted,Undrafted,5,0
DrewBrees22SDG2001,Drew Brees,2001,qb,22,< 24,SDG,3,102,1,0
TravisBrown24BUF2001,Travis Brown,2001,qb,24,< 24,BUF,Undrafted,Undrafted,1,0
DavidCarr30NYG2009,David Carr,2009,qb,30,29-32,NYG,1,1,6,0
StoneyCase28DET2000,Stoney Case,2000,qb,28,25-28,DET,4,138,5,1
MattCassel35TEN2017,Matt Cassel,2017,qb,35,32+,TEN,8,86,2,1
KellenClemens32SDG2015,Kellen Clemens,2015,qb,32,29-32,SDG,3,115,2,0
KerryCollins34TEN2006,Kerry Collins,2006,qb,34,32+,TEN,1,116,4,3
ToddCollins31KAN2002,Todd Collins,2002,qb,31,29-32,KAN,3,113,3,0
ConnorCook23OAK2016,Connor Cook,2016,qb,23,< 24,OAK,5,3,1,0
ChaseDaniel27KAN2013,Chase Daniel,2013,qb,27,25-28,KAN,Undrafted,Undrafted,5,1
AustinDavis26CLE2015,Austin Davis,2015,qb,26,25-28,CLE,Undrafted,Undrafted,3,2
JakeDelhomme36HOU2011,Jake Delhomme,2011,qb,36,32+,HOU,Undrafted,Undrafted,1,0
TrentDilfer31SEA2003,Trent Dilfer,2003,qb,31,29-32,SEA,1,123,5,0
TrentDilfer32SEA2004,Trent Dilfer,2004,qb,32,29-32,SEA,1,123,5,2
DennisDixon24PIT2009,Dennis Dixon,2009,qb,24,< 24,PIT,6,36,1,1
DavidFales27MIA2017,David Fales,2017,qb,27,25-28,MIA,7,53,2,0
A.J.Feeley34STL2011,A.J. Feeley,2011,qb,34,32+,STL,6,35,5,3
JayFiedler34NYJ2005,Jay Fiedler,2005,qb,34,32+,NYJ,Undrafted,Undrafted,2,0
DougFlutie42SDG2004,Doug Flutie,2004,qb,42,32+,SDG,2,100,2,1
NickFoles29PHI2018,Nick Foles,2018,qb,29,29-32,PHI,4,144,2,2
JoshFreeman27IND2015,Josh Freeman,2015,qb,27,25-28,IND,1,46,1,1
GusFrerotte31CIN2002,Gus Frerotte,2002,qb,31,29-32,CIN,8,63,4,3
CharlieFrye28OAK2009,Charlie Frye,2009,qb,28,25-28,OAK,4,127,3,3
BlaineGabbert29TEN2018,Blaine Gabbert,2018,qb,29,29-32,TEN,1,2,3,2
BlaineGabbert24JAX2013,Blaine Gabbert,2013,qb,24,< 24,JAX,1,2,3,3
BlaineGabbert25SFO2014,Blaine Gabbert,2014,qb,25,25-28,SFO,1,2,1,0
JimmyGaroppolo23NWE2014,Jimmy Garoppolo,2014,qb,23,< 24,NWE,3,125,6,0
DavidGarrard24JAX2002,David Garrard,2002,qb,24,< 24,JAX,5,9,4,1
DavidGarrard25JAX2003,David Garrard,2003,qb,25,25-28,JAX,5,9,2,0
MikeGlennon27TAM2016,Mike Glennon,2016,qb,27,25-28,TAM,4,132,2,0
BruceGradkowski28CIN2011,Bruce Gradkowski,2011,qb,28,25-28,CIN,7,61,2,0
KentGraham32PIT2000,Kent Graham,2000,qb,32,29-32,PIT,9,74,12,5
QuinnGray29KAN2008,Quinn Gray,2008,qb,29,29-32,KAN,Undrafted,Undrafted,1,0
ChrisGreisen24ARI2000,Chris Greisen,2000,qb,24,< 24,ARI,8,90,3,0
BrianGriese31CHI2006,Brian Griese,2006,qb,31,29-32,CHI,4,147,6,0
RexGrossman24CHI2004,Rex Grossman,2004,qb,24,< 24,CHI,1,81,3,3
RexGrossman25CHI2005,Rex Grossman,2005,qb,25,25-28,CHI,1,81,2,1
MaxHall25ARI2010,Max Hall,2010,qb,25,25-28,ARI,Undrafted,Undrafted,6,3
MattHasselbeck25GNB2000,Matt Hasselbeck,2000,qb,25,25-28,GNB,7,56,16,0
DrewHenson24DAL2004,Drew Henson,2004,qb,24,< 24,DAL,7,59,7,1
KellyHolcomb28CLE2001,Kelly Holcomb,2001,qb,28,25-28,CLE,Undrafted,Undrafted,1,0
BrianHoyer27ARI2012,Brian Hoyer,2012,qb,27,25-28,ARI,Undrafted,Undrafted,2,1
BrianHoyer25NWE2010,Brian Hoyer,2010,qb,25,25-28,NWE,Undrafted,Undrafted,5,0
BrockHuard25SEA2001,Brock Huard,2001,qb,25,25-28,SEA,4,136,1,0
DamonHuard27MIA2000,Damon Huard,2000,qb,27,25-28,MIA,Undrafted,Undrafted,16,1
LamarJackson21BAL2018,Lamar Jackson,2018,qb,21,< 24,BAL,Undrafted,Undrafted,8,0
TarvarisJackson26MIN2009,Tarvaris Jackson,2009,qb,26,25-28,MIN,3,126,8,0
TarvarisJackson30SEA2013,Tarvaris Jackson,2013,qb,30,29-32,SEA,3,126,3,0
DougJohnson24ATL2001,Doug Johnson,2001,qb,24,< 24,ATL,Undrafted,Undrafted,3,0
JoshJohnson25TAM2011,Josh Johnson,2011,qb,25,25-28,TAM,6,39,9,1
RobJohnson29TAM2002,Rob Johnson,2002,qb,29,29-32,TAM,5,153,6,2
LandryJones28PIT2017,Landry Jones,2017,qb,28,25-28,PIT,5,13,3,1
CodyKessler25JAX2018,Cody Kessler,2018,qb,25,25-28,JAX,4,149,1,0
ShaunKing27ARI2004,Shaun King,2004,qb,27,25-28,ARI,3,117,3,2
ShaunKing26TAM2003,Shaun King,2003,qb,26,25-28,TAM,3,117,3,0
JonKitna39DAL2011,Jon Kitna,2011,qb,39,32+,DAL,Undrafted,Undrafted,3,0
RyanLeaf25DAL2001,Ryan Leaf,2001,qb,25,25-28,DAL,1,65,4,3
ByronLeftwich27ATL2007,Byron Leftwich,2007,qb,27,25-28,ATL,1,130,3,2
MattLeinart28HOU2011,Matt Leinart,2011,qb,28,25-28,HOU,1,2,2,1
MattLeinart25ARI2008,Matt Leinart,2008,qb,25,25-28,ARI,1,2,4,0
ThaddeusLewis27CLE2012,Thaddeus Lewis,2012,qb,27,25-28,CLE,Undrafted,Undrafted,1,1
RyanLindley26IND2015,Ryan Lindley,2015,qb,26,25-28,IND,7,54,1,0
MattLytle26CAR2001,Matt Lytle,2001,qb,26,25-28,CAR,Undrafted,Undrafted,3,1
TommyMaddox30PIT2001,Tommy Maddox,2001,qb,30,29-32,PIT,1,96,3,0
TommyMaddox33PIT2004,Tommy Maddox,2004,qb,33,32+,PIT,1,96,4,3
EJManuel27OAK2017,EJ Manuel,2017,qb,27,25-28,OAK,1,38,2,1
JamieMartin36NOR2006,Jamie Martin,2006,qb,36,32+,NOR,Undrafted,Undrafted,16,0
ShaneMatthews34BUF2004,Shane Matthews,2004,qb,34,32+,BUF,Undrafted,Undrafted,3,0
ColtMcCoy26CLE2012,Colt McCoy,2012,qb,26,25-28,CLE,4,142,3,0
ColtMcCoy29WAS2015,Colt McCoy,2015,qb,29,29-32,WAS,4,142,1,0
GregMcElroy24NYJ2012,Greg McElroy,2012,qb,24,< 24,NYJ,8,72,2,1
StephenMcGee26DAL2011,Stephen McGee,2011,qb,26,25-28,DAL,5,4,1,0
MattMcGloin25OAK2014,Matt McGloin,2014,qb,25,25-28,OAK,Undrafted,Undrafted,1,0
JimMiller29CHI2000,Jim Miller,2000,qb,29,29-32,CHI,7,50,3,2
RickMirer30SFO2000,Rick Mirer,2000,qb,30,29-32,SFO,1,65,1,0
WarrenMoon*44KAN2000,Warren Moon*,2000,qb,44,32+,KAN,Undrafted,Undrafted,2,1
MattMoore28MIA2012,Matt Moore,2012,qb,28,25-28,MIA,Undrafted,Undrafted,2,0
CraigNall28GNB2007,Craig Nall,2007,qb,28,25-28,GNB,6,43,1,0
RyanNassib25NYG2015,Ryan Nassib,2015,qb,25,25-28,NYG,5,12,1,0
JohnNavarre25ARI2005,John Navarre,2005,qb,25,25-28,ARI,8,68,1,0
JohnNavarre24ARI2004,John Navarre,2004,qb,24,< 24,ARI,8,68,1,1
J.T.O'Sullivan28DET2007,J.T. O'Sullivan,2007,qb,28,25-28,DET,7,55,4,0
DanOrlovsky32DET2015,Dan Orlovsky,2015,qb,32,29-32,DET,6,28,3,0
KyleOrton30DAL2012,Kyle Orton,2012,qb,30,29-32,DAL,5,8,1,0
BrockOsweiler24DEN2014,Brock Osweiler,2014,qb,24,< 24,DEN,3,121,4,0
DougPederson34GNB2002,Doug Pederson,2002,qb,34,32+,GNB,Undrafted,Undrafted,16,0
ChadPennington24NYJ2000,Chad Pennington,2000,qb,24,< 24,NYJ,1,51,1,0
ChadPennington33MIA2009,Chad Pennington,2009,qb,33,32+,MIA,1,51,3,3
ChadPennington25NYJ2001,Chad Pennington,2001,qb,25,25-28,NYJ,1,51,2,0
NathanPeterman24BUF2018,Nathan Peterman,2018,qb,24,< 24,BUF,6,47,3,1
BrycePetty26NYJ2017,Bryce Petty,2017,qb,26,25-28,NYJ,5,6,4,3
JonathanQuinn29CHI2004,Jonathan Quinn,2004,qb,29,29-32,CHI,4,143,5,3
JonathanQuinn26JAX2001,Jonathan Quinn,2001,qb,26,25-28,JAX,4,143,6,1
PatrickRamsey26WAS2005,Patrick Ramsey,2005,qb,26,25-28,WAS,1,102,4,1
PatrickRamsey28DEN2007,Patrick Ramsey,2007,qb,28,25-28,DEN,1,102,2,0
PhilipRivers23SDG2004,Philip Rivers,2004,qb,23,< 24,SDG,1,108,2,0
AaronRodgers24GNB2007,Aaron Rodgers,2007,qb,24,< 24,GNB,1,91,2,0
TonyRomo36DAL2016,Tony Romo,2016,qb,36,32+,DAL,Undrafted,Undrafted,1,0
SageRosenfels26MIA2004,Sage Rosenfels,2004,qb,26,25-28,MIA,5,10,3,1
SageRosenfels25MIA2003,Sage Rosenfels,2003,qb,25,25-28,MIA,5,10,2,0
MattSchaub25ATL2006,Matt Schaub,2006,qb,25,25-28,ATL,4,146,16,0
MattSchaub23ATL2004,Matt Schaub,2004,qb,23,< 24,ATL,4,146,6,1
ChrisSimms26TAM2006,Chris Simms,2006,qb,26,25-28,TAM,4,151,3,3
ChrisSimms24TAM2004,Chris Simms,2004,qb,24,< 24,TAM,4,151,5,2
MattSimms25NYJ2013,Matt Simms,2013,qb,25,25-28,NYJ,Undrafted,Undrafted,3,0
AlexSmith21SFO2005,Alex Smith,2005,qb,21,< 24,SFO,1,1,9,7
GenoSmith26NYJ2016,Geno Smith,2016,qb,26,25-28,NYJ,3,107,2,1
GenoSmith27NYG2017,Geno Smith,2017,qb,27,25-28,NYG,3,107,2,1
TroySmith24BAL2008,Troy Smith,2008,qb,24,< 24,BAL,6,48,6,0
JimSorgi27IND2007,Jim Sorgi,2007,qb,27,25-28,IND,7,60,4,0
BrianSt. Pierre30ARI2009,Brian St. Pierre,2009,qb,30,29-32,ARI,6,42,1,0
BrianSt. Pierre31CAR2010,Brian St. Pierre,2010,qb,31,29-32,CAR,6,42,1,1
DrewStanton24DET2008,Drew Stanton,2008,qb,24,< 24,DET,3,111,3,0
ClintStoerner23DAL2000,Clint Stoerner,2000,qb,23,< 24,DAL,Undrafted,Undrafted,1,0
AlexTanney28TEN2015,Alex Tanney,2015,qb,28,25-28,TEN,Undrafted,Undrafted,1,0
VinnyTestaverde43NWE2006,Vinny Testaverde,2006,qb,43,32+,NWE,1,1,3,0
VinnyTestaverde42NYJ2005,Vinny Testaverde,2005,qb,42,32+,NYJ,1,1,6,4
TylerThigpen252TM2009,Tyler Thigpen,2009,qb,25,25-28,2TM,8,79,2,0
LoganThomas23ARI2014,Logan Thomas,2014,qb,23,< 24,ARI,5,17,2,0
ScottTolzien29IND2016,Scott Tolzien,2016,qb,29,29-32,IND,Undrafted,Undrafted,3,1
ScottTolzien26GNB2013,Scott Tolzien,2013,qb,26,25-28,GNB,Undrafted,Undrafted,3,2
JeffTuel22BUF2013,Jeff Tuel,2013,qb,22,< 24,BUF,Undrafted,Undrafted,2,1
MarquesTuiasosopo26OAK2005,Marques Tuiasosopo,2005,qb,26,25-28,OAK,3,122,1,1
MarquesTuiasosopo27OAK2006,Marques Tuiasosopo,2006,qb,27,25-28,OAK,3,122,2,0
MichaelVick29PHI2009,Michael Vick,2009,qb,29,29-32,PHI,1,1,12,1
BillyVolek33SDG2009,Billy Volek,2009,qb,33,32+,SDG,Undrafted,Undrafted,4,0
SenecaWallace25SEA2005,Seneca Wallace,2005,qb,25,25-28,SEA,5,12,7,0
KurtWarner*32STL2003,Kurt Warner*,2003,qb,32,29-32,STL,Undrafted,Undrafted,2,1
ChrisWeinke35SFO2007,Chris Weinke,2007,qb,35,32+,SFO,5,8,2,1
ChrisWeinke33CAR2005,Chris Weinke,2005,qb,33,32+,CAR,5,8,3,0
CharlieWhitehurst29SEA2011,Charlie Whitehurst,2011,qb,29,29-32,SEA,4,139,3,2
CharlieWhitehurst34CLE2016,Charlie Whitehurst,2016,qb,34,32+,CLE,4,139,1,0
SpergonWynn23MIN2001,Spergon Wynn,2001,qb,23,< 24,MIN,7,53,3,2
VinceYoung25TEN2008,Vince Young,2008,qb,25,25-28,TEN,1,101,3,1
DerekAnderson30CAR2013,Derek Anderson,2013,qb,30,29-32,CAR,7,76,4,0
DerekAnderson28CAR2011,Derek Anderson,2011,qb,28,25-28,CAR,7,76,2,0
DerekAnderson34CAR2017,Derek Anderson,2017,qb,34,32+,CAR,7,76,3,0
DerekAnderson29CAR2012,Derek Anderson,2012,qb,29,29-32,CAR,7,76,2,0
DerekAnderson32CAR2015,Derek Anderson,2015,qb,32,29-32,CAR,7,76,3,0
DerekAnderson35BUF2018,Derek Anderson,2018,qb,35,32+,BUF,7,76,2,2
TonyBanks31HOU2004,Tony Banks,2004,qb,31,29-32,HOU,3,110,5,0
MattBarkley24PHI2014,Matt Barkley,2014,qb,24,< 24,PHI,5,152,1,0
MattBarkley23PHI2013,Matt Barkley,2013,qb,23,< 24,PHI,5,152,3,0
RichardBartel27ARI2010,Richard Bartel,2010,qb,27,25-28,ARI,Undrafted,Undrafted,1,0
BrettBasanez23CAR2006,Brett Basanez,2006,qb,23,< 24,CAR,Undrafted,Undrafted,1,0
CharlieBatch35PIT2009,Charlie Batch,2009,qb,35,32+,PIT,3,124,1,0
CharlieBatch29PIT2003,Charlie Batch,2003,qb,29,29-32,PIT,3,124,4,0
CharlieBatch37PIT2011,Charlie Batch,2011,qb,37,32+,PIT,3,124,4,1
BrockBerlin27STL2008,Brock Berlin,2008,qb,27,25-28,STL,Undrafted,Undrafted,1,0
BrockBerlin26STL2007,Brock Berlin,2007,qb,26,25-28,STL,Undrafted,Undrafted,1,1
JeffBlake31NOR2001,Jeff Blake,2001,qb,31,29-32,NOR,7,44,1,0
MattBlanchard25CAR2014,Matt Blanchard,2014,qb,25,25-28,CAR,Undrafted,Undrafted,0,NA
MattBlanchard23CHI2012,Matt Blanchard,2012,qb,23,< 24,CHI,Undrafted,Undrafted,0,NA
KyleBoller30OAK2011,Kyle Boller,2011,qb,30,29-32,OAK,1,57,2,1
KyleBoller29OAK2010,Kyle Boller,2010,qb,29,29-32,OAK,1,57,5,0
BrooksBollinger27MIN2006,Brooks Bollinger,2006,qb,27,25-28,MIN,7,66,2,0
BrooksBollinger25NYJ2004,Brooks Bollinger,2004,qb,25,25-28,NYJ,7,66,1,0
ToddBouman32NOR2004,Todd Bouman,2004,qb,32,29-32,NOR,Undrafted,Undrafted,16,0
ToddBouman30MIN2002,Todd Bouman,2002,qb,30,29-32,MIN,Undrafted,Undrafted,1,0
ToddBouman35STL2007,Todd Bouman,2007,qb,35,32+,STL,Undrafted,Undrafted,1,0
SamBradford27STL2014,Sam Bradford,2014,qb,27,25-28,STL,1,1,0,NA
TomBrady23NWE2000,Tom Brady,2000,qb,23,< 24,NWE,7,64,1,0
TomBrady31NWE2008,Tom Brady,2008,qb,31,29-32,NWE,7,64,1,1
TomBrandstater27STL2011,Tom Brandstater,2011,qb,27,25-28,STL,7,48,1,0
QuanBray23IND2016,Quan Bray,2016,qb,23,< 24,IND,Undrafted,Undrafted,6,0
TylerBray23KAN2014,Tyler Bray,2014,qb,23,< 24,KAN,Undrafted,Undrafted,0,NA
TylerBray26KAN2017,Tyler Bray,2017,qb,26,25-28,KAN,Undrafted,Undrafted,1,0
TeddyBridgewater26NOR2018,Teddy Bridgewater,2018,qb,26,25-28,NOR,1,102,2,0
TeddyBridgewater25MIN2017,Teddy Bridgewater,2017,qb,25,25-28,MIN,1,102,1,0
JacobyBrissett25IND2018,Jacoby Brissett,2018,qb,25,25-28,IND,4,147,2,0
JacobyBrissett23NWE2016,Jacoby Brissett,2016,qb,23,< 24,NWE,4,147,3,2
BubbyBrister38MIN2000,Bubby Brister,2000,qb,38,32+,MIN,4,127,2,0
BrianBrohm25BUF2010,Brian Brohm,2010,qb,25,25-28,BUF,3,120,1,1
BrianBrohm24BUF2009,Brian Brohm,2009,qb,24,< 24,BUF,3,120,2,1
DaveBrown31ARI2001,Dave Brown,2001,qb,31,29-32,ARI,1,1,1,0
LeviBrown23BUF2010,Levi Brown,2010,qb,23,< 24,BUF,8,73,1,0
TravisBrown26BUF2003,Travis Brown,2003,qb,26,25-28,BUF,Undrafted,Undrafted,2,0
TravisBrown23SEA2000,Travis Brown,2000,qb,23,< 24,SEA,Undrafted,Undrafted,1,0
MarkBrunell38NOR2008,Mark Brunell,2008,qb,38,32+,NOR,6,15,2,0
MarkBrunell41NYJ2011,Mark Brunell,2011,qb,41,32+,NYJ,6,15,16,0
MarkBrunell39NOR2009,Mark Brunell,2009,qb,39,32+,NOR,6,15,16,1
JoeCallahan24GNB2017,Joe Callahan,2017,qb,24,< 24,GNB,Undrafted,Undrafted,1,0
JasonCampbell33CIN2014,Jason Campbell,2014,qb,33,32+,CIN,1,96,4,0
RudyCarpenter25TAM2011,Rudy Carpenter,2011,qb,25,25-28,TAM,Undrafted,Undrafted,1,0
DavidCarr31SFO2010,David Carr,2010,qb,31,29-32,SFO,1,1,1,0
DavidCarr33NYG2012,David Carr,2012,qb,33,32+,NYG,1,1,2,0
MattCassel36DET2018,Matt Cassel,2018,qb,36,32+,DET,8,86,1,0
MattCassel25NWE2007,Matt Cassel,2007,qb,25,25-28,NWE,8,86,6,0
MattCassel24NWE2006,Matt Cassel,2006,qb,24,< 24,NWE,8,86,6,0
JimmyClausen25CAR2012,Jimmy Clausen,2012,qb,25,25-28,CAR,3,114,0,NA
KellenClemens25NYJ2008,Kellen Clemens,2008,qb,25,25-28,NYJ,3,115,2,0
KellenClemens31SDG2014,Kellen Clemens,2014,qb,31,29-32,SDG,3,115,2,0
KellenClemens34LAC2017,Kellen Clemens,2017,qb,34,32+,LAC,3,115,8,0
KellenClemens23NYJ2006,Kellen Clemens,2006,qb,23,< 24,NYJ,3,115,2,0
KellenClemens26NYJ2009,Kellen Clemens,2009,qb,26,25-28,NYJ,3,115,10,1
KellenClemens29STL2012,Kellen Clemens,2012,qb,29,29-32,STL,3,115,2,0
KellenClemens27NYJ2010,Kellen Clemens,2010,qb,27,25-28,NYJ,3,115,1,0
KellenClemens33SDG2016,Kellen Clemens,2016,qb,33,32+,SDG,3,115,12,0
B.J.Coleman24GNB2012,B.J. Coleman,2012,qb,24,< 24,GNB,8,93,0,NA
KerryCollins35TEN2007,Kerry Collins,2007,qb,35,32+,TEN,1,116,6,1
ToddCollins30KAN2001,Todd Collins,2001,qb,30,29-32,KAN,3,113,1,0
ToddCollins33KAN2004,Todd Collins,2004,qb,33,32+,KAN,3,113,2,0
ToddCollins34KAN2005,Todd Collins,2005,qb,34,32+,KAN,3,113,1,0
ToddCollins38WAS2009,Todd Collins,2009,qb,38,32+,WAS,3,113,3,0
ToddCollins32KAN2003,Todd Collins,2003,qb,32,29-32,KAN,3,113,5,0
ToddCollins35WAS2006,Todd Collins,2006,qb,35,32+,WAS,3,113,1,0
ToddCollins39CHI2010,Todd Collins,2010,qb,39,32+,CHI,3,113,2,1
ScottCovington26STL2002,Scott Covington,2002,qb,26,25-28,STL,8,94,1,1
DameyuneCraig26CAR2000,Dameyune Craig,2000,qb,26,25-28,CAR,Undrafted,Undrafted,4,0
DameyuneCraig27CAR2001,Dameyune Craig,2001,qb,27,25-28,CAR,Undrafted,Undrafted,2,0
BrodieCroyle23KAN2006,Brodie Croyle,2006,qb,23,< 24,KAN,4,142,2,0
BrodieCroyle27KAN2010,Brodie Croyle,2010,qb,27,25-28,KAN,4,142,2,1
BrodieCroyle25KAN2008,Brodie Croyle,2008,qb,25,25-28,KAN,4,142,2,2
ChaseDaniel25NOR2011,Chase Daniel,2011,qb,25,25-28,NOR,Undrafted,Undrafted,16,0
ChaseDaniel28KAN2014,Chase Daniel,2014,qb,28,25-28,KAN,Undrafted,Undrafted,3,1
ChaseDaniel31NOR2017,Chase Daniel,2017,qb,31,29-32,NOR,Undrafted,Undrafted,1,0
ChaseDaniel26NOR2012,Chase Daniel,2012,qb,26,25-28,NOR,Undrafted,Undrafted,16,0
ChaseDaniel29KAN2015,Chase Daniel,2015,qb,29,29-32,KAN,Undrafted,Undrafted,2,0
ChaseDaniel32CHI2018,Chase Daniel,2018,qb,32,29-32,CHI,Undrafted,Undrafted,2,0
ChaseDaniel24NOR2010,Chase Daniel,2010,qb,24,< 24,NOR,Undrafted,Undrafted,13,0
ChaseDaniel30PHI2016,Chase Daniel,2016,qb,30,29-32,PHI,Undrafted,Undrafted,1,0
B.J.Daniels26SEA2014,B.J. Daniels,2014,qb,26,25-28,SEA,8,89,0,NA
B.J.Daniels272TM2015,B.J. Daniels,2015,qb,27,25-28,2TM,8,89,8,0
RohanDavey24NWE2002,Rohan Davey,2002,qb,24,< 24,NWE,5,14,2,0
RohanDavey25NWE2003,Rohan Davey,2003,qb,25,25-28,NWE,5,14,1,0
RohanDavey26NWE2004,Rohan Davey,2004,qb,26,25-28,NWE,5,14,4,0
AustinDavis23STL2012,Austin Davis,2012,qb,23,< 24,STL,Undrafted,Undrafted,0,NA
AustinDavis28SEA2017,Austin Davis,2017,qb,28,25-28,SEA,Undrafted,Undrafted,3,0
DominiqueDavis25IND2014,Dominique Davis,2014,qb,25,25-28,IND,Undrafted,Undrafted,0,NA
DominiqueDavis23ATL2012,Dominique Davis,2012,qb,23,< 24,ATL,Undrafted,Undrafted,1,0
DominiqueDavis24ATL2013,Dominique Davis,2013,qb,24,< 24,ATL,Undrafted,Undrafted,1,0
JakeDelhomme27NOR2002,Jake Delhomme,2002,qb,27,25-28,NOR,Undrafted,Undrafted,4,0
KoyDetmer27PHI2000,Koy Detmer,2000,qb,27,25-28,PHI,8,71,16,0
KoyDetmer30PHI2003,Koy Detmer,2003,qb,30,29-32,PHI,8,71,16,0
KoyDetmer33PHI2006,Koy Detmer,2006,qb,33,32+,PHI,8,71,1,0
KoyDetmer28PHI2001,Koy Detmer,2001,qb,28,25-28,PHI,8,71,16,0
KoyDetmer31PHI2004,Koy Detmer,2004,qb,31,29-32,PHI,8,71,16,1
KoyDetmer32PHI2005,Koy Detmer,2005,qb,32,29-32,PHI,8,71,16,0
TyDetmer36DET2003,Ty Detmer,2003,qb,36,32+,DET,10,86,1,0
DennisDixon25PIT2010,Dennis Dixon,2010,qb,25,25-28,PIT,6,36,2,2
DennisDixon23PIT2008,Dennis Dixon,2008,qb,23,< 24,PIT,6,36,1,0
DennisDixon27BAL2012,Dennis Dixon,2012,qb,27,25-28,BAL,6,36,0,NA
DennisDixon29ARI2014,Dennis Dixon,2014,qb,29,29-32,ARI,6,36,0,NA
JoshuaDobbs23PIT2018,Joshua Dobbs,2018,qb,23,< 24,PIT,5,22,2,0
KenDorsey25CLE2006,Ken Dorsey,2006,qb,25,25-28,CLE,8,92,1,0
KenDorsey26CLE2007,Ken Dorsey,2007,qb,26,25-28,CLE,8,92,1,0
KenDorsey27CLE2008,Ken Dorsey,2008,qb,27,25-28,CLE,8,92,4,3
JeffDriskel25CIN2018,Jeff Driskel,2018,qb,25,25-28,CIN,7,71,1,0
ZacDysert24DEN2014,Zac Dysert,2014,qb,24,< 24,DEN,8,88,0,NA
TrentEdwards29PHI2012,Trent Edwards,2012,qb,29,29-32,PHI,4,148,1,0
DavidFales26CHI2016,David Fales,2016,qb,26,25-28,CHI,7,53,1,0
DavidFales24CHI2014,David Fales,2014,qb,24,< 24,CHI,7,53,0,NA
RandyFasani24CAR2002,Randy Fasani,2002,qb,24,< 24,CAR,6,23,4,1
RyanFitzpatrick24STL2006,Ryan Fitzpatrick,2006,qb,24,< 24,STL,8,97,1,0
RyanFitzpatrick25CIN2007,Ryan Fitzpatrick,2007,qb,25,25-28,CIN,8,97,1,0
DougFlutie40SDG2002,Doug Flutie,2002,qb,40,32+,SDG,2,100,1,0
DougFlutie43NWE2005,Doug Flutie,2005,qb,43,32+,NWE,2,100,5,0
MattFlynn27SEA2012,Matt Flynn,2012,qb,27,25-28,SEA,8,73,3,0
MattFlynn23GNB2008,Matt Flynn,2008,qb,23,< 24,GNB,8,73,7,0
MattFlynn29GNB2014,Matt Flynn,2014,qb,29,29-32,GNB,8,73,7,0
MattFlynn24GNB2009,Matt Flynn,2009,qb,24,< 24,GNB,8,73,15,0
GusFrerotte35STL2006,Gus Frerotte,2006,qb,35,32+,STL,8,63,1,0
GusFrerotte33MIN2004,Gus Frerotte,2004,qb,33,32+,MIN,8,63,16,0
JohnFriesz33NWE2000,John Friesz,2000,qb,33,32+,NWE,7,24,1,0
CharlieFrye26CLE2007,Charlie Frye,2007,qb,26,25-28,CLE,4,127,1,1
JeffGarcia39PHI2009,Jeff Garcia,2009,qb,39,32+,PHI,Undrafted,Undrafted,1,0
JimmyGaroppolo24NWE2015,Jimmy Garoppolo,2015,qb,24,< 24,NWE,3,125,5,0
JasonGarrett34NYG2000,Jason Garrett,2000,qb,34,32+,NYG,Undrafted,Undrafted,2,0
JeffGeorge34WAS2001,Jeff George,2001,qb,34,32+,WAS,1,1,2,2
GarrettGilbert232TM2014,Garrett Gilbert,2014,qb,23,< 24,2TM,7,77,0,NA
BruceGradkowski29CIN2012,Bruce Gradkowski,2012,qb,29,29-32,CIN,7,61,2,0
BruceGradkowski24TAM2007,Bruce Gradkowski,2007,qb,24,< 24,TAM,7,61,4,0
BruceGradkowski31PIT2014,Bruce Gradkowski,2014,qb,31,29-32,PIT,7,61,1,0
BruceGradkowski25CLE2008,Bruce Gradkowski,2008,qb,25,25-28,CLE,7,61,2,1
QuinnGray27JAX2006,Quinn Gray,2006,qb,27,25-28,JAX,Undrafted,Undrafted,2,0
GarrettGrayson24NOR2015,Garrett Grayson,2015,qb,24,< 24,NOR,4,134,1,0
TrentGreen38STL2008,Trent Green,2008,qb,38,32+,STL,9,83,3,1
RyanGriffin25NOR2014,Ryan Griffin,2014,qb,25,25-28,NOR,Undrafted,Undrafted,0,NA
RexGrossman29HOU2009,Rex Grossman,2009,qb,29,29-32,HOU,1,81,1,0
RexGrossman32WAS2012,Rex Grossman,2012,qb,32,29-32,WAS,1,81,0,NA
MattGutierrez25KAN2009,Matt Gutierrez,2009,qb,25,25-28,KAN,Undrafted,Undrafted,1,0
MattGutierrez23NWE2007,Matt Gutierrez,2007,qb,23,< 24,NWE,Undrafted,Undrafted,5,0
MarquesHagans25STL2007,Marques Hagans,2007,qb,25,25-28,STL,6,27,4,1
AndyHall25PHI2005,Andy Hall,2005,qb,25,25-28,PHI,7,54,1,0
GibranHamdan22WAS2003,Gibran Hamdan,2003,qb,22,< 24,WAS,8,87,1,0
JoeHamilton23TAM2000,Joe Hamilton,2000,qb,23,< 24,TAM,8,88,1,0
CalebHanie24CHI2009,Caleb Hanie,2009,qb,24,< 24,CHI,Undrafted,Undrafted,2,0
CalebHanie27DEN2012,Caleb Hanie,2012,qb,27,25-28,DEN,Undrafted,Undrafted,0,NA
CalebHanie25CHI2010,Caleb Hanie,2010,qb,25,25-28,CHI,Undrafted,Undrafted,2,0
ChandlerHarnish26MIN2014,Chandler Harnish,2014,qb,26,25-28,MIN,8,98,0,NA
ChandlerHarnish24IND2012,Chandler Harnish,2012,qb,24,< 24,IND,8,98,0,NA
GrahamHarrell27GNB2012,Graham Harrell,2012,qb,27,25-28,GNB,Undrafted,Undrafted,4,0
MarkHartsell27CHI2000,Mark Hartsell,2000,qb,27,25-28,CHI,Undrafted,Undrafted,1,0
MattHasselbeck38IND2013,Matt Hasselbeck,2013,qb,38,32+,IND,7,56,3,0
TimHasselbeck27NYG2005,Tim Hasselbeck,2005,qb,27,25-28,NYG,Undrafted,Undrafted,2,0
TimHasselbeck24PHI2002,Tim Hasselbeck,2002,qb,24,< 24,PHI,Undrafted,Undrafted,2,0
TimHasselbeck29ARI2007,Tim Hasselbeck,2007,qb,29,29-32,ARI,Undrafted,Undrafted,1,0
TaylorHeinicke24HOU2017,Taylor Heinicke,2017,qb,24,< 24,HOU,Undrafted,Undrafted,1,0
TaylorHeinicke25CAR2018,Taylor Heinicke,2018,qb,25,25-28,CAR,Undrafted,Undrafted,1,0
ChadHenne31JAX2016,Chad Henne,2016,qb,31,29-32,JAX,3,121,1,0
ChadHenne32JAX2017,Chad Henne,2017,qb,32,29-32,JAX,3,121,2,0
ChadHenne23MIA2008,Chad Henne,2008,qb,23,< 24,MIA,3,121,3,0
DrewHenson28DET2008,Drew Henson,2008,qb,28,25-28,DET,7,59,2,0
WillHerring31STL2014,Will Herring,2014,qb,31,29-32,STL,6,40,12,0
ShaunHill35MIN2015,Shaun Hill,2015,qb,35,32+,MIN,Undrafted,Undrafted,3,0
ShaunHill33DET2013,Shaun Hill,2013,qb,33,32+,DET,Undrafted,Undrafted,1,0
ShaunHill36MIN2016,Shaun Hill,2016,qb,36,32+,MIN,Undrafted,Undrafted,3,1
ShaunHill31DET2011,Shaun Hill,2011,qb,31,29-32,DET,Undrafted,Undrafted,2,0
ShaunHill25MIN2005,Shaun Hill,2005,qb,25,25-28,MIN,Undrafted,Undrafted,1,0
TaysomHill28NOR2018,Taysom Hill,2018,qb,28,25-28,NOR,Undrafted,Undrafted,7,1
TaysomHill27NOR2017,Taysom Hill,2017,qb,27,25-28,NOR,Undrafted,Undrafted,5,0
KevinHogan24CLE2016,Kevin Hogan,2016,qb,24,< 24,CLE,6,41,4,0
BrianHoyer24NWE2009,Brian Hoyer,2009,qb,24,< 24,NWE,Undrafted,Undrafted,5,0
BrianHoyer33NWE2018,Brian Hoyer,2018,qb,33,32+,NWE,Undrafted,Undrafted,2,0
BrianHoyer26NWE2011,Brian Hoyer,2011,qb,26,25-28,NWE,Undrafted,Undrafted,3,0
BobbyHoying28OAK2000,Bobby Hoying,2000,qb,28,25-28,OAK,4,142,4,0
BrockHuard27IND2003,Brock Huard,2003,qb,27,25-28,IND,4,136,2,0
DamonHuard29NWE2002,Damon Huard,2002,qb,29,29-32,NWE,Undrafted,Undrafted,2,0
DamonHuard30NWE2003,Damon Huard,2003,qb,30,29-32,NWE,Undrafted,Undrafted,2,0
BrettHundley23GNB2016,Brett Hundley,2016,qb,23,< 24,GNB,6,30,4,0
ToddHusak22WAS2000,Todd Husak,2000,qb,22,< 24,WAS,7,68,1,0
ChadHutchinson26DAL2003,Chad Hutchinson,2003,qb,26,25-28,DAL,Undrafted,Undrafted,1,0
JariousJackson23DEN2000,Jarious Jackson,2000,qb,23,< 24,DEN,8,77,2,0
JariousJackson26DEN2003,Jarious Jackson,2003,qb,26,25-28,DEN,8,77,1,1
JariousJackson24DEN2001,Jarious Jackson,2001,qb,24,< 24,DEN,8,77,1,0
JariousJackson25DEN2002,Jarious Jackson,2002,qb,25,25-28,DEN,8,77,1,0
TarvarisJackson31SEA2014,Tarvaris Jackson,2014,qb,31,29-32,SEA,3,126,1,0
TarvarisJackson32SEA2015,Tarvaris Jackson,2015,qb,32,29-32,SEA,3,126,4,0
BradJohnson39DAL2007,Brad Johnson,2007,qb,39,32+,DAL,10,85,16,0
DougJohnson27TEN2004,Doug Johnson,2004,qb,27,25-28,TEN,Undrafted,Undrafted,2,0
JoshJohnson24TAM2010,Josh Johnson,2010,qb,24,< 24,TAM,6,39,11,0
JoshJohnson27CIN2013,Josh Johnson,2013,qb,27,25-28,CIN,6,39,2,0
JoshJohnson28SFO2014,Josh Johnson,2014,qb,28,25-28,SFO,6,39,0,NA
JoshJohnson26CLE2012,Josh Johnson,2012,qb,26,25-28,CLE,6,39,1,0
RobJohnson302TM2003,Rob Johnson,2003,qb,30,29-32,2TM,5,153,4,0
CardaleJones24BUF2016,Cardale Jones,2016,qb,24,< 24,BUF,5,25,1,0
LandryJones24PIT2013,Landry Jones,2013,qb,24,< 24,PIT,5,13,1,0
LandryJones25PIT2014,Landry Jones,2014,qb,25,25-28,PIT,5,13,0,NA
ColinKaepernick24SFO2011,Colin Kaepernick,2011,qb,24,< 24,SFO,3,105,3,0
MikeKafka24PHI2011,Mike Kafka,2011,qb,24,< 24,PHI,5,18,4,0
MikeKafka27TAM2014,Mike Kafka,2014,qb,27,25-28,TAM,5,18,0,NA
CaseKeenum24HOU2012,Case Keenum,2012,qb,24,< 24,HOU,Undrafted,Undrafted,0,NA
ChadKelly24DEN2018,Chad Kelly,2018,qb,24,< 24,DEN,8,98,1,0
CodyKessler24CLE2017,Cody Kessler,2017,qb,24,< 24,CLE,4,149,3,0
ShaunKing24TAM2001,Shaun King,2001,qb,24,< 24,TAM,3,117,3,0
ShaunKing25TAM2002,Shaun King,2002,qb,25,25-28,TAM,3,117,3,1
KliffKingsbury26NYJ2005,Kliff Kingsbury,2005,qb,26,25-28,NYJ,7,67,1,0
G.J.Kinne26PHI2014,G.J. Kinne,2014,qb,26,25-28,PHI,Undrafted,Undrafted,0,NA
JonKitna33CIN2005,Jon Kitna,2005,qb,33,32+,CIN,Undrafted,Undrafted,3,0
DeShoneKizer22GNB2018,DeShone Kizer,2018,qb,22,< 24,GNB,3,118,1,0
KevinKolb24PHI2008,Kevin Kolb,2008,qb,24,< 24,PHI,3,105,6,0
KevinKolb23PHI2007,Kevin Kolb,2007,qb,23,< 24,PHI,3,105,1,0
ByronLeftwich30PIT2010,Byron Leftwich,2010,qb,30,29-32,PIT,1,130,1,0
ByronLeftwich32PIT2012,Byron Leftwich,2012,qb,32,29-32,PIT,1,130,2,1
MattLeinart29OAK2012,Matt Leinart,2012,qb,29,29-32,OAK,1,2,2,0
MattLeinart26ARI2009,Matt Leinart,2009,qb,26,25-28,ARI,1,2,8,1
CleoLemon26SDG2005,Cleo Lemon,2005,qb,26,25-28,SDG,Undrafted,Undrafted,1,0
CleoLemon29JAX2008,Cleo Lemon,2008,qb,29,29-32,JAX,Undrafted,Undrafted,2,0
JeffLewis27CAR2000,Jeff Lewis,2000,qb,27,25-28,CAR,5,3,5,0
RyanLindley23ARI2012,Ryan Lindley,2012,qb,23,< 24,ARI,7,54,6,4
JaredLorenzen26NYG2007,Jared Lorenzen,2007,qb,26,25-28,NYG,Undrafted,Undrafted,2,0
JaredLorenzen25NYG2006,Jared Lorenzen,2006,qb,25,25-28,NYG,Undrafted,Undrafted,2,0
J.P.Losman28OAK2009,J.P. Losman,2009,qb,28,25-28,OAK,1,81,1,0
J.P.Losman23BUF2004,J.P. Losman,2004,qb,23,< 24,BUF,1,81,4,0
J.P.Losman30MIA2011,J.P. Losman,2011,qb,30,29-32,MIA,1,81,2,0
RayLucas29MIA2001,Ray Lucas,2001,qb,29,29-32,MIA,Undrafted,Undrafted,10,0
RayLucas28NYJ2000,Ray Lucas,2000,qb,28,25-28,NYJ,Undrafted,Undrafted,7,0
MattLytle25SEA2000,Matt Lytle,2000,qb,25,25-28,SEA,Undrafted,Undrafted,1,0
PatrickMahomes22KAN2017,Patrick Mahomes,2017,qb,22,< 24,KAN,1,2,1,1
RyanMallett24NWE2012,Ryan Mallett,2012,qb,24,< 24,NWE,4,133,4,0
RyanMallett28BAL2016,Ryan Mallett,2016,qb,28,25-28,BAL,4,133,4,0
SeanMannion24LAR2016,Sean Mannion,2016,qb,24,< 24,LAR,4,145,1,0
SeanMannion25LAR2017,Sean Mannion,2017,qb,25,25-28,LAR,4,145,5,1
SeanMannion23STL2015,Sean Mannion,2015,qb,23,< 24,STL,4,145,1,0
SeanMannion26LAR2018,Sean Mannion,2018,qb,26,25-28,LAR,4,145,1,0
EJManuel26BUF2016,EJ Manuel,2016,qb,26,25-28,BUF,1,38,6,1
JohnnyManziel22CLE2014,Johnny Manziel,2014,qb,22,< 24,CLE,1,81,5,2
IngleMartin24GNB2006,Ingle Martin,2006,qb,24,< 24,GNB,6,31,1,0
JamieMartin34STL2004,Jamie Martin,2004,qb,34,32+,STL,Undrafted,Undrafted,1,0
JamieMartin37NOR2007,Jamie Martin,2007,qb,37,32+,NOR,Undrafted,Undrafted,3,0
JamieMartin31STL2001,Jamie Martin,2001,qb,31,29-32,STL,Undrafted,Undrafted,5,0
TeeMartin23PIT2001,Tee Martin,2001,qb,23,< 24,PIT,6,42,1,0
TeeMartin25OAK2003,Tee Martin,2003,qb,25,25-28,OAK,6,42,2,0
MattMauck26TEN2005,Matt Mauck,2005,qb,26,25-28,TEN,8,84,2,1
A.J.McCarron26CIN2016,A.J. McCarron,2016,qb,26,25-28,CIN,6,43,1,0
A.J.McCarron24CIN2014,A.J. McCarron,2014,qb,24,< 24,CIN,6,43,0,NA
A.J.McCarron27CIN2017,A.J. McCarron,2017,qb,27,25-28,CIN,6,43,3,0
JoshMcCown23ARI2002,Josh McCown,2002,qb,23,< 24,ARI,4,139,2,0
JoshMcCown29CAR2008,Josh McCown,2008,qb,29,29-32,CAR,4,139,2,0
JoshMcCown33CHI2012,Josh McCown,2012,qb,33,32+,CHI,4,139,0,NA
JoshMcCown27DET2006,Josh McCown,2006,qb,27,25-28,DET,4,139,2,0
JoshMcCown30CAR2009,Josh McCown,2009,qb,30,29-32,CAR,4,139,1,0
LukeMcCown29JAX2010,Luke McCown,2010,qb,29,29-32,JAX,5,8,1,0
LukeMcCown32NOR2013,Luke McCown,2013,qb,32,29-32,NOR,5,8,16,0
LukeMcCown27TAM2008,Luke McCown,2008,qb,27,25-28,TAM,5,8,2,0
LukeMcCown30JAX2011,Luke McCown,2011,qb,30,29-32,JAX,5,8,4,2
LukeMcCown33NOR2014,Luke McCown,2014,qb,33,32+,NOR,5,8,16,0
LukeMcCown28JAX2009,Luke McCown,2009,qb,28,25-28,JAX,5,8,3,0
LukeMcCown31ATL2012,Luke McCown,2012,qb,31,29-32,ATL,5,8,2,0
LukeMcCown34NOR2015,Luke McCown,2015,qb,34,32+,NOR,5,8,8,1
ColtMcCoy32WAS2018,Colt McCoy,2018,qb,32,29-32,WAS,4,142,1,0
ColtMcCoy27SFO2013,Colt McCoy,2013,qb,27,25-28,SFO,4,142,4,0
ColtMcCoy31WAS2017,Colt McCoy,2017,qb,31,29-32,WAS,4,142,1,0
MattMcGloin27OAK2016,Matt McGloin,2016,qb,27,25-28,OAK,Undrafted,Undrafted,3,1
MikeMcMahon24DET2003,Mike McMahon,2003,qb,24,< 24,DET,6,32,3,0
MikeMcMahon25DET2004,Mike McMahon,2004,qb,25,25-28,DET,6,32,1,0
ScottMitchell33CIN2001,Scott Mitchell,2001,qb,33,32+,CIN,5,149,1,0
KellenMoore26DET2014,Kellen Moore,2014,qb,26,25-28,DET,Undrafted,Undrafted,0,NA
KellenMoore24DET2012,Kellen Moore,2012,qb,24,< 24,DET,Undrafted,Undrafted,0,NA
LanceMoore26NOR2009,Lance Moore,2009,qb,26,25-28,NOR,Undrafted,Undrafted,7,0
MattMoore30MIA2014,Matt Moore,2014,qb,30,29-32,MIA,Undrafted,Undrafted,2,0
MattMoore31MIA2015,Matt Moore,2015,qb,31,29-32,MIA,Undrafted,Undrafted,1,0
MattMoore29MIA2013,Matt Moore,2013,qb,29,29-32,MIA,Undrafted,Undrafted,1,0
MosesMoreno25SDG2000,Moses Moreno,2000,qb,25,25-28,SDG,8,87,6,2
StephenMorris22JAX2014,Stephen Morris,2014,qb,22,< 24,JAX,Undrafted,Undrafted,0,NA
TylerMurphy23PIT2015,Tyler Murphy,2015,qb,23,< 24,PIT,Undrafted,Undrafted,2,0
AaronMurray24KAN2014,Aaron Murray,2014,qb,24,< 24,KAN,6,42,0,NA
CraigNall24GNB2003,Craig Nall,2003,qb,24,< 24,GNB,6,43,1,0
RyanNassib24NYG2014,Ryan Nassib,2014,qb,24,< 24,NYG,5,12,4,0
KevinO'Connell23NWE2008,Kevin O'Connell,2008,qb,23,< 24,NWE,4,150,2,0
NeilO'Donnell36TEN2002,Neil O'Donnell,2002,qb,36,32+,TEN,4,131,4,0
J.T.O'Sullivan25GNB2004,J.T. O'Sullivan,2004,qb,25,25-28,GNB,7,55,1,0
J.T.O'Sullivan30CIN2009,J.T. O'Sullivan,2009,qb,30,29-32,CIN,7,55,3,0
DanOrlovsky30TAM2013,Dan Orlovsky,2013,qb,30,29-32,TAM,6,28,2,0
DanOrlovsky22DET2005,Dan Orlovsky,2005,qb,22,< 24,DET,6,28,2,0
DanOrlovsky31DET2014,Dan Orlovsky,2014,qb,31,29-32,DET,6,28,0,NA
DanOrlovsky29TAM2012,Dan Orlovsky,2012,qb,29,29-32,TAM,6,28,1,0
DanOrlovsky27HOU2010,Dan Orlovsky,2010,qb,27,25-28,HOU,6,28,1,0
BrockOsweiler22DEN2012,Brock Osweiler,2012,qb,22,< 24,DEN,3,121,5,0
BrockOsweiler23DEN2013,Brock Osweiler,2013,qb,23,< 24,DEN,3,121,4,0
CurtisPainter28NYG2013,Curtis Painter,2013,qb,28,25-28,NYG,7,67,3,0
CurtisPainter24IND2009,Curtis Painter,2009,qb,24,< 24,IND,7,67,2,0
TylerPalko27KAN2010,Tyler Palko,2010,qb,27,25-28,KAN,Undrafted,Undrafted,2,0
JessePalmer24NYG2002,Jesse Palmer,2002,qb,24,< 24,NYG,5,19,2,0
JordanPalmer24CIN2008,Jordan Palmer,2008,qb,24,< 24,CIN,7,70,3,0
JordanPalmer30TEN2014,Jordan Palmer,2014,qb,30,29-32,TEN,7,70,1,0
JordanPalmer26CIN2010,Jordan Palmer,2010,qb,26,25-28,CIN,7,70,1,0
JordanPalmer28JAX2012,Jordan Palmer,2012,qb,28,25-28,JAX,7,70,0,NA
DougPederson35GNB2003,Doug Pederson,2003,qb,35,32+,GNB,Undrafted,Undrafted,16,0
DougPederson33GNB2001,Doug Pederson,2001,qb,33,32+,GNB,Undrafted,Undrafted,16,0
DougPederson36GNB2004,Doug Pederson,2004,qb,36,32+,GNB,Undrafted,Undrafted,4,0
RodneyPeete35OAK2001,Rodney Peete,2001,qb,35,32+,OAK,7,26,1,0
RodneyPeete38CAR2004,Rodney Peete,2004,qb,38,32+,CAR,7,26,1,0
RodneyPeete37CAR2003,Rodney Peete,2003,qb,37,32+,CAR,7,26,1,1
ChadPennington34MIA2010,Chad Pennington,2010,qb,34,32+,MIA,1,51,1,1
CodyPickett25SFO2005,Cody Pickett,2005,qb,25,25-28,SFO,8,79,5,2
CodyPickett24SFO2004,Cody Pickett,2004,qb,24,< 24,SFO,8,79,1,0
TonyPike24CAR2010,Tony Pike,2010,qb,24,< 24,CAR,7,69,1,0
ChristianPonder26MIN2014,Christian Ponder,2014,qb,26,25-28,MIN,1,16,2,1
TerrellePryor22OAK2011,Terrelle Pryor,2011,qb,22,< 24,OAK,4,1,1,0
RyanQuigley23NYJ2013,Ryan Quigley,2013,qb,23,< 24,NYJ,Undrafted,Undrafted,14,0
BradyQuinn23CLE2007,Brady Quinn,2007,qb,23,< 24,CLE,1,81,1,0
JonathanQuinn27KAN2002,Jonathan Quinn,2002,qb,27,25-28,KAN,4,143,1,0
JonathanQuinn25JAX2000,Jonathan Quinn,2000,qb,25,25-28,JAX,4,143,1,0
DaveRagone24HOU2003,Dave Ragone,2003,qb,24,< 24,HOU,4,144,2,2
PatrickRamsey29DEN2008,Patrick Ramsey,2008,qb,29,29-32,DEN,1,102,1,0
PatrickRamsey27NYJ2006,Patrick Ramsey,2006,qb,27,25-28,NYJ,1,102,1,0
TimRattay23SFO2000,Tim Rattay,2000,qb,23,< 24,SFO,8,75,1,0
TimRattay24SFO2001,Tim Rattay,2001,qb,24,< 24,SFO,8,75,3,0
ChrisRedman23BAL2000,Chris Redman,2000,qb,23,< 24,BAL,4,134,2,0
ChrisRedman26BAL2003,Chris Redman,2003,qb,26,25-28,BAL,4,134,2,0
ChrisRedman33ATL2010,Chris Redman,2010,qb,33,32+,ATL,4,134,2,0
ChrisRedman24BAL2001,Chris Redman,2001,qb,24,< 24,BAL,4,134,1,0
ChrisRedman34ATL2011,Chris Redman,2011,qb,34,32+,ATL,4,134,5,0
SeanRenfree25ATL2015,Sean Renfree,2015,qb,25,25-28,ATL,8,95,2,0
SeanRenfree24ATL2014,Sean Renfree,2014,qb,24,< 24,ATL,8,95,0,NA
PhilipRivers24SDG2005,Philip Rivers,2005,qb,24,< 24,SDG,1,108,2,0
AaronRodgers23GNB2006,Aaron Rodgers,2006,qb,23,< 24,GNB,1,91,2,0
AaronRodgers22GNB2005,Aaron Rodgers,2005,qb,22,< 24,GNB,1,91,3,0
TonyRomo25DAL2005,Tony Romo,2005,qb,25,25-28,DAL,Undrafted,Undrafted,16,0
TonyRomo24DAL2004,Tony Romo,2004,qb,24,< 24,DAL,Undrafted,Undrafted,6,0
SageRosenfels32NYG2010,Sage Rosenfels,2010,qb,32,29-32,NYG,5,10,12,0
SageRosenfels24MIA2002,Sage Rosenfels,2002,qb,24,< 24,MIA,5,10,4,0
JeffRowe23CIN2007,Jeff Rowe,2007,qb,23,< 24,CIN,6,33,2,0
JakeRudock24DET2017,Jake Rudock,2017,qb,24,< 24,DET,7,58,3,0
CooperRush24DAL2017,Cooper Rush,2017,qb,24,< 24,DAL,Undrafted,Undrafted,2,0
CooperRush25DAL2018,Cooper Rush,2018,qb,25,25-28,DAL,Undrafted,Undrafted,1,0
MarkRypien39IND2001,Mark Rypien,2001,qb,39,32+,IND,7,29,4,0
MarkSanchez30DAL2016,Mark Sanchez,2016,qb,30,29-32,DAL,1,116,2,0
CorySauter28CHI2002,Cory Sauter,2002,qb,28,25-28,CHI,Undrafted,Undrafted,1,0
TomSavage24HOU2014,Tom Savage,2014,qb,24,< 24,HOU,5,22,2,0
TomSavage26HOU2016,Tom Savage,2016,qb,26,25-28,HOU,5,22,3,2
MattSchaub33OAK2014,Matt Schaub,2014,qb,33,32+,OAK,4,146,11,0
MattSchaub37ATL2018,Matt Schaub,2018,qb,37,32+,ATL,4,146,2,0
MattSchaub35ATL2016,Matt Schaub,2016,qb,35,32+,ATL,4,146,4,0
ConnorShaw23CLE2014,Connor Shaw,2014,qb,23,< 24,CLE,Undrafted,Undrafted,1,1
TrevorSiemian24DEN2015,Trevor Siemian,2015,qb,24,< 24,DEN,8,97,1,0
ChrisSimms29DEN2009,Chris Simms,2009,qb,29,29-32,DEN,4,151,3,1
ChrisSimms28TEN2008,Chris Simms,2008,qb,28,25-28,TEN,4,151,1,0
MattSimms26NYJ2014,Matt Simms,2014,qb,26,25-28,NYJ,Undrafted,Undrafted,1,0
AkiliSmith26CIN2001,Akili Smith,2001,qb,26,25-28,CIN,1,101,2,1
AkiliSmith27CIN2002,Akili Smith,2002,qb,27,25-28,CIN,1,101,1,1
BradSmith24NYJ2007,Brad Smith,2007,qb,24,< 24,NYJ,5,6,16,9
BradSmith28BUF2011,Brad Smith,2011,qb,28,25-28,BUF,5,6,15,5
BradSmith23NYJ2006,Brad Smith,2006,qb,23,< 24,NYJ,5,6,16,3
BradSmith29BUF2012,Brad Smith,2012,qb,29,29-32,BUF,5,6,15,2
GenoSmith28LAC2018,Geno Smith,2018,qb,28,25-28,LAC,3,107,2,0
RustySmith23TEN2010,Rusty Smith,2010,qb,23,< 24,TEN,7,49,2,1
RustySmith25TEN2012,Rusty Smith,2012,qb,25,25-28,TEN,7,49,1,0
TroySmith25BAL2009,Troy Smith,2009,qb,25,25-28,BAL,6,48,4,0
BradSorensen262TM2014,Brad Sorensen,2014,qb,26,25-28,2TM,8,82,0,NA
JimSorgi28IND2008,Jim Sorgi,2008,qb,28,25-28,IND,7,60,1,0
JimSorgi26IND2006,Jim Sorgi,2006,qb,26,25-28,IND,7,60,1,0
JimSorgi29IND2009,Jim Sorgi,2009,qb,29,29-32,IND,7,60,1,0
BrianSt. Pierre25PIT2004,Brian St. Pierre,2004,qb,25,25-28,PIT,6,42,1,0
DrewStanton28IND2012,Drew Stanton,2012,qb,28,25-28,IND,3,111,0,NA
DrewStanton25DET2009,Drew Stanton,2009,qb,25,25-28,DET,3,111,3,1
DrewStanton31ARI2015,Drew Stanton,2015,qb,31,29-32,ARI,3,111,7,0
NickStephens25DAL2012,Nick Stephens,2012,qb,25,25-28,DAL,Undrafted,Undrafted,0,NA
KordellStewart32BAL2004,Kordell Stewart,2004,qb,32,29-32,BAL,3,124,2,0
KordellStewart33BAL2005,Kordell Stewart,2005,qb,33,32+,BAL,3,124,1,0
NateSudfeld24PHI2017,Nate Sudfeld,2017,qb,24,< 24,PHI,7,56,1,0
AlexTanney25KAN2012,Alex Tanney,2012,qb,25,25-28,KAN,Undrafted,Undrafted,0,NA
AlexTanney27TEN2014,Alex Tanney,2014,qb,27,25-28,TEN,Undrafted,Undrafted,0,NA
TyrodTaylor24BAL2013,Tyrod Taylor,2013,qb,24,< 24,BAL,7,52,3,0
TyrodTaylor22BAL2011,Tyrod Taylor,2011,qb,22,< 24,BAL,7,52,3,0
TyrodTaylor25BAL2014,Tyrod Taylor,2014,qb,25,25-28,BAL,7,52,1,0
TyrodTaylor23BAL2012,Tyrod Taylor,2012,qb,23,< 24,BAL,7,52,7,0
TimTebow25NYJ2012,Tim Tebow,2012,qb,25,25-28,NYJ,1,96,12,2
TylerThigpen30CLE2014,Tyler Thigpen,2014,qb,30,29-32,CLE,8,79,0,NA
TylerThigpen27BUF2011,Tyler Thigpen,2011,qb,27,25-28,BUF,8,79,3,0
TylerThigpen28BUF2012,Tyler Thigpen,2012,qb,28,25-28,BUF,8,79,4,0
TylerThigpen23KAN2007,Tyler Thigpen,2007,qb,23,< 24,KAN,8,79,1,0
LoganThomas26BUF2017,Logan Thomas,2017,qb,26,25-28,BUF,5,17,12,2
KevinThompson23CLE2000,Kevin Thompson,2000,qb,23,< 24,CLE,Undrafted,Undrafted,1,0
ScottTolzien30IND2017,Scott Tolzien,2017,qb,30,29-32,IND,Undrafted,Undrafted,1,1
ScottTolzien28GNB2015,Scott Tolzien,2015,qb,28,25-28,GNB,Undrafted,Undrafted,3,0
JeffTuel23BUF2014,Jeff Tuel,2014,qb,23,< 24,BUF,Undrafted,Undrafted,0,NA
MarquesTuiasosopo22OAK2001,Marques Tuiasosopo,2001,qb,22,< 24,OAK,3,122,1,0
MarquesTuiasosopo23OAK2002,Marques Tuiasosopo,2002,qb,23,< 24,OAK,3,122,3,0
MarquesTuiasosopo24OAK2003,Marques Tuiasosopo,2003,qb,24,< 24,OAK,3,122,4,1
MarquesTuiasosopo29OAK2008,Marques Tuiasosopo,2008,qb,29,29-32,OAK,3,122,2,0
TomTupa34NYJ2000,Tom Tupa,2000,qb,34,32+,NYJ,4,128,16,0
TomTupa35NYJ2001,Tom Tupa,2001,qb,35,32+,NYJ,4,128,15,0
AlexVan Pelt32BUF2002,Alex Van Pelt,2002,qb,32,29-32,BUF,9,78,2,0
AlexVan Pelt30BUF2000,Alex Van Pelt,2000,qb,30,29-32,BUF,9,78,1,0
AlexVan Pelt33BUF2003,Alex Van Pelt,2003,qb,33,32+,BUF,9,78,6,0
BradleeVan Pelt25DEN2005,Bradlee Van Pelt,2005,qb,25,25-28,DEN,8,97,3,0
DustinVaughan23DAL2014,Dustin Vaughan,2014,qb,23,< 24,DAL,Undrafted,Undrafted,0,NA
MarcusVick22MIA2006,Marcus Vick,2006,qb,22,< 24,MIA,Undrafted,Undrafted,1,0
BillyVolek30SDG2006,Billy Volek,2006,qb,30,29-32,SDG,Undrafted,Undrafted,1,0
BillyVolek34SDG2010,Billy Volek,2010,qb,34,32+,SDG,Undrafted,Undrafted,3,0
BillyVolek31SDG2007,Billy Volek,2007,qb,31,29-32,SDG,Undrafted,Undrafted,5,0
BillyVolek35SDG2011,Billy Volek,2011,qb,35,32+,SDG,Undrafted,Undrafted,2,0
BillyVolek25TEN2001,Billy Volek,2001,qb,25,25-28,TEN,Undrafted,Undrafted,1,0
SenecaWallace33GNB2013,Seneca Wallace,2013,qb,33,32+,GNB,5,12,2,1
AndrewWalter26OAK2008,Andrew Walter,2008,qb,26,25-28,OAK,4,129,2,1
AndrewWalter25OAK2007,Andrew Walter,2007,qb,25,25-28,OAK,4,129,1,0
JoeWebb29CAR2015,Joe Webb,2015,qb,29,29-32,CAR,7,64,16,0
JoeWebb32HOU2018,Joe Webb,2018,qb,32,29-32,HOU,7,64,8,0
JoeWebb26MIN2012,Joe Webb,2012,qb,26,25-28,MIN,7,64,1,0
JoeWebb30CAR2016,Joe Webb,2016,qb,30,29-32,CAR,7,64,14,0
JoeWebb24MIN2010,Joe Webb,2010,qb,24,< 24,MIN,7,64,5,2
JoeWebb28CAR2014,Joe Webb,2014,qb,28,25-28,CAR,7,64,7,0
JoeWebb31BUF2017,Joe Webb,2017,qb,31,29-32,BUF,7,64,16,0
BrandonWeeden35HOU2018,Brandon Weeden,2018,qb,35,32+,HOU,1,81,1,0
ChrisWeinke30CAR2002,Chris Weinke,2002,qb,30,29-32,CAR,5,8,6,1
KeithWenning23BAL2014,Keith Wenning,2014,qb,23,< 24,BAL,7,61,0,NA
PatWhite23MIA2009,Pat White,2009,qb,23,< 24,MIA,3,112,13,0
CharlieWhitehurst24SDG2006,Charlie Whitehurst,2006,qb,24,< 24,SDG,4,139,2,0
CharlieWhitehurst30SDG2012,Charlie Whitehurst,2012,qb,30,29-32,SDG,4,139,0,NA
CharlieWhitehurst332TM2015,Charlie Whitehurst,2015,qb,33,32+,2TM,4,139,5,0
CharlieWhitehurst31SDG2013,Charlie Whitehurst,2013,qb,31,29-32,SDG,4,139,2,0
DerrickWilliams24DET2010,Derrick Williams,2010,qb,24,< 24,DET,4,140,7,1
ToryWoodbury23NYJ2001,Tory Woodbury,2001,qb,23,< 24,NYJ,Undrafted,Undrafted,10,0
ToryWoodbury24NYJ2002,Tory Woodbury,2002,qb,24,< 24,NYJ,Undrafted,Undrafted,2,0
AnthonyWright24DAL2000,Anthony Wright,2000,qb,24,< 24,DAL,Undrafted,Undrafted,4,2
AnthonyWright30CIN2006,Anthony Wright,2006,qb,30,29-32,CIN,Undrafted,Undrafted,4,0
AnthonyWright31NYG2007,Anthony Wright,2007,qb,31,29-32,NYG,Undrafted,Undrafted,3,0
DannyWuerffel26GNB2000,Danny Wuerffel,2000,qb,26,25-28,GNB,5,153,1,0
DannyWuerffel27CHI2001,Danny Wuerffel,2001,qb,27,25-28,CHI,5,153,1,0
SpergonWynn22CLE2000,Spergon Wynn,2000,qb,22,< 24,CLE,7,53,7,1
T.J.Yates27ATL2014,T.J. Yates,2014,qb,27,25-28,ATL,6,34,1,0
T.J.Yates25HOU2012,T.J. Yates,2012,qb,25,25-28,HOU,6,34,4,0
T.J.Yates26HOU2013,T.J. Yates,2013,qb,26,25-28,HOU,6,34,3,0
T.J.Yates29MIA2016,T.J. Yates,2016,qb,29,29-32,MIA,6,34,0,0
EricZeier28TAM2000,Eric Zeier,2000,qb,28,25-28,TAM,4,141,3,0
FlozellAdams32DAL2007,Flozell Adams,2007,ol,32,29-32,DAL,4,186,16,16
FlozellAdams33DAL2008,Flozell Adams,2008,ol,33,32+,DAL,4,186,16,16
FlozellAdams34DAL2009,Flozell Adams,2009,ol,34,32+,DAL,4,186,16,16
FlozellAdams35PIT2010,Flozell Adams,2010,ol,35,32+,PIT,4,186,16,16
FlozellAdams25DAL2000,Flozell Adams,2000,ol,25,25-28,DAL,4,186,16,16
FlozellAdams26DAL2001,Flozell Adams,2001,ol,26,25-28,DAL,4,186,16,16
FlozellAdams27DAL2002,Flozell Adams,2002,ol,27,25-28,DAL,4,186,16,16
FlozellAdams28DAL2003,Flozell Adams,2003,ol,28,25-28,DAL,4,186,16,16
FlozellAdams29DAL2004,Flozell Adams,2004,ol,29,29-32,DAL,4,186,16,16
FlozellAdams31DAL2006,Flozell Adams,2006,ol,31,29-32,DAL,4,186,16,16
BrandenAlbert27KAN2011,Branden Albert,2011,ol,27,25-28,KAN,1,56,16,16
LarryAllen*30DAL2001,Larry Allen*,2001,ol,30,29-32,DAL,4,195,16,16
LarryAllen*32DAL2003,Larry Allen*,2003,ol,32,29-32,DAL,4,195,16,16
LarryAllen*33DAL2004,Larry Allen*,2004,ol,33,32+,DAL,4,195,16,16
LarryAllen*34DAL2005,Larry Allen*,2005,ol,34,32+,DAL,4,195,16,16
LarryAllen*36SFO2007,Larry Allen*,2007,ol,36,32+,SFO,4,195,16,16
LarryAllen*29DAL2000,Larry Allen*,2000,ol,29,29-32,DAL,4,195,16,16
EugeneAmano29TEN2011,Eugene Amano,2011,ol,29,29-32,TEN,9,150,16,16
EugeneAmano26TEN2008,Eugene Amano,2008,ol,26,25-28,TEN,9,150,16,16
BennieAnderson25BAL2002,Bennie Anderson,2002,ol,25,25-28,BAL,Undrafted,Undrafted,16,16
WillieAnderson29CIN2004,Willie Anderson,2004,ol,29,29-32,CIN,1,3,16,16
WillieAnderson30CIN2005,Willie Anderson,2005,ol,30,29-32,CIN,1,3,16,16
WillieAnderson31CIN2006,Willie Anderson,2006,ol,31,29-32,CIN,1,3,16,16
WillieAnderson25CIN2000,Willie Anderson,2000,ol,25,25-28,CIN,1,3,16,16
WillieAnderson26CIN2001,Willie Anderson,2001,ol,26,25-28,CIN,1,3,16,16
WillieAnderson27CIN2002,Willie Anderson,2002,ol,27,25-28,CIN,1,3,16,16
WillieAnderson28CIN2003,Willie Anderson,2003,ol,28,25-28,CIN,1,3,16,16
DavidAndrews24NWE2016,David Andrews,2016,ol,24,< 24,NWE,Undrafted,Undrafted,16,16
ShawnAndrews23PHI2005,Shawn Andrews,2005,ol,23,< 24,PHI,1,67,16,16
ShawnAndrews24PHI2006,Shawn Andrews,2006,ol,24,< 24,PHI,1,67,16,16
JoeAndruzzi26NWE2001,Joe Andruzzi,2001,ol,26,25-28,NWE,Undrafted,Undrafted,16,16
JoeAndruzzi28NWE2003,Joe Andruzzi,2003,ol,28,25-28,NWE,Undrafted,Undrafted,16,16
JoeAndruzzi29NWE2004,Joe Andruzzi,2004,ol,29,29-32,NWE,Undrafted,Undrafted,16,16
BruceArmstrong35NWE2000,Bruce Armstrong,2000,ol,35,32+,NWE,1,141,16,16
JonAsamoah23KAN2011,Jon Asamoah,2011,ol,23,< 24,KAN,5,218,16,16
DavidBaas28SFO2009,David Baas,2009,ol,28,25-28,SFO,4,181,16,16
DavidBaas29SFO2010,David Baas,2010,ol,29,29-32,SFO,4,181,16,16
DavidBaas31NYG2012,David Baas,2012,ol,31,29-32,NYG,4,181,16,16
JeffBackus26DET2003,Jeff Backus,2003,ol,26,25-28,DET,1,88,16,16
JeffBackus27DET2004,Jeff Backus,2004,ol,27,25-28,DET,1,88,16,16
JeffBackus28DET2005,Jeff Backus,2005,ol,28,25-28,DET,1,88,16,16
JeffBackus29DET2006,Jeff Backus,2006,ol,29,29-32,DET,1,88,16,16
JeffBackus30DET2007,Jeff Backus,2007,ol,30,29-32,DET,1,88,16,16
JeffBackus31DET2008,Jeff Backus,2008,ol,31,29-32,DET,1,88,16,16
JeffBackus32DET2009,Jeff Backus,2009,ol,32,29-32,DET,1,88,16,16
JeffBackus33DET2010,Jeff Backus,2010,ol,33,32+,DET,1,88,16,16
JeffBackus34DET2011,Jeff Backus,2011,ol,34,32+,DET,1,88,16,16
JeffBackus24DET2001,Jeff Backus,2001,ol,24,< 24,DET,1,88,16,16
JeffBackus25DET2002,Jeff Backus,2002,ol,25,25-28,DET,1,88,16,16
SamBaker25ATL2010,Sam Baker,2010,ol,25,25-28,ATL,1,120,16,16
SamBaker27ATL2012,Sam Baker,2012,ol,27,25-28,ATL,1,120,16,16
DavidBakhtiari25GNB2016,David Bakhtiari,2016,ol,25,25-28,GNB,6,12,16,16
DavidBakhtiari22GNB2013,David Bakhtiari,2013,ol,22,< 24,GNB,6,12,16,16
DavidBakhtiari23GNB2014,David Bakhtiari,2014,ol,23,< 24,GNB,6,12,16,16
AllenBarbre31PHI2015,Allen Barbre,2015,ol,31,29-32,PHI,6,23,16,16
JoeBarksdale26STL2014,Joe Barksdale,2014,ol,26,25-28,STL,5,245,16,16
JoeBarksdale27SDG2015,Joe Barksdale,2015,ol,27,25-28,SDG,5,245,16,16
KhalifBarnes26JAX2008,Khalif Barnes,2008,ol,26,25-28,JAX,4,202,16,16
KhalifBarnes29OAK2011,Khalif Barnes,2011,ol,29,29-32,OAK,4,202,16,16
KhalifBarnes31OAK2013,Khalif Barnes,2013,ol,31,29-32,OAK,4,202,16,16
TimBarnes27STL2015,Tim Barnes,2015,ol,27,25-28,STL,Undrafted,Undrafted,16,16
TimBarnes28LAR2016,Tim Barnes,2016,ol,28,25-28,LAR,Undrafted,Undrafted,16,16
AlexBarron24STL2006,Alex Barron,2006,ol,24,< 24,STL,1,99,16,16
AlexBarron25STL2007,Alex Barron,2007,ol,25,25-28,STL,1,99,16,16
AlexBarron27STL2009,Alex Barron,2009,ol,27,25-28,STL,1,99,16,16
KelvinBeachum25PIT2014,Kelvin Beachum,2014,ol,25,25-28,PIT,9,159,16,16
KelvinBeachum28NYJ2017,Kelvin Beachum,2017,ol,28,25-28,NYJ,9,159,16,16
ZaneBeadles25DEN2011,Zane Beadles,2011,ol,25,25-28,DEN,4,194,16,16
ZaneBeadles26DEN2012,Zane Beadles,2012,ol,26,25-28,DEN,4,194,16,16
ZaneBeadles27DEN2013,Zane Beadles,2013,ol,27,25-28,DEN,4,194,16,16
ZaneBeadles28JAX2014,Zane Beadles,2014,ol,28,25-28,JAX,4,194,16,16
ZaneBeadles29JAX2015,Zane Beadles,2015,ol,29,29-32,JAX,4,194,16,16
ZaneBeadles30SFO2016,Zane Beadles,2016,ol,30,29-32,SFO,4,194,16,16
WillBeatty28NYG2013,Will Beatty,2013,ol,28,25-28,NYG,4,211,16,16
WillBeatty29NYG2014,Will Beatty,2014,ol,29,29-32,NYG,4,211,16,16
JoshBeekman25CHI2008,Josh Beekman,2008,ol,25,25-28,CHI,6,36,16,16
ByronBell26TEN2015,Byron Bell,2015,ol,26,25-28,TEN,Undrafted,Undrafted,16,16
DemetressBell26BUF2010,Demetress Bell,2010,ol,26,25-28,BUF,9,129,16,16
JacobBell26TEN2007,Jacob Bell,2007,ol,26,25-28,TEN,7,44,16,16
JacobBell29STL2010,Jacob Bell,2010,ol,29,29-32,STL,7,44,16,16
LeCharlesBentley25NOR2004,LeCharles Bentley,2004,ol,25,25-28,NOR,4,193,16,16
JoeBerger33MIN2015,Joe Berger,2015,ol,33,32+,MIN,8,117,16,16
JoeBerger35MIN2017,Joe Berger,2017,ol,35,32+,MIN,8,117,16,16
MackenzyBernadeau26DAL2012,Mackenzy Bernadeau,2012,ol,26,25-28,DAL,9,162,16,16
EricBeverly27DET2001,Eric Beverly,2001,ol,27,25-28,DET,Undrafted,Undrafted,16,16
MattBirk32MIN2008,Matt Birk,2008,ol,32,29-32,MIN,8,81,16,16
MattBirk33BAL2009,Matt Birk,2009,ol,33,32+,BAL,8,81,16,16
MattBirk34BAL2010,Matt Birk,2010,ol,34,32+,BAL,8,81,16,16
MattBirk35BAL2011,Matt Birk,2011,ol,35,32+,BAL,8,81,16,16
MattBirk36BAL2012,Matt Birk,2012,ol,36,32+,BAL,8,81,16,16
MattBirk24MIN2000,Matt Birk,2000,ol,24,< 24,MIN,8,81,16,16
MattBirk25MIN2001,Matt Birk,2001,ol,25,25-28,MIN,8,81,16,16
MattBirk26MIN2002,Matt Birk,2002,ol,26,25-28,MIN,8,81,16,16
MattBirk27MIN2003,Matt Birk,2003,ol,27,25-28,MIN,8,81,16,16
MattBirk30MIN2006,Matt Birk,2006,ol,30,29-32,MIN,8,81,16,16
MattBirk31MIN2007,Matt Birk,2007,ol,31,29-32,MIN,8,81,16,16
JoelBitonio23CLE2014,Joel Bitonio,2014,ol,23,< 24,CLE,4,183,16,16
JoelBitonio26CLE2017,Joel Bitonio,2017,ol,26,25-28,CLE,4,183,16,16
JustinBlalock25ATL2008,Justin Blalock,2008,ol,25,25-28,ATL,4,187,16,16
JustinBlalock26ATL2009,Justin Blalock,2009,ol,26,25-28,ATL,4,187,16,16
JustinBlalock27ATL2010,Justin Blalock,2010,ol,27,25-28,ATL,4,187,16,16
JustinBlalock28ATL2011,Justin Blalock,2011,ol,28,25-28,ATL,4,187,16,16
JustinBlalock29ATL2012,Justin Blalock,2012,ol,29,29-32,ATL,4,187,16,16
JustinBlalock30ATL2013,Justin Blalock,2013,ol,30,29-32,ATL,4,187,16,16
ChrisBober27NYG2003,Chris Bober,2003,ol,27,25-28,NYG,Undrafted,Undrafted,16,16
RussellBodine25CIN2017,Russell Bodine,2017,ol,25,25-28,CIN,6,15,16,16
RussellBodine22CIN2014,Russell Bodine,2014,ol,22,< 24,CIN,6,15,16,16
RussellBodine23CIN2015,Russell Bodine,2015,ol,23,< 24,CIN,6,15,16,16
RussellBodine24CIN2016,Russell Bodine,2016,ol,24,< 24,CIN,6,15,16,16
ClintBoling28CIN2017,Clint Boling,2017,ol,28,25-28,CIN,6,5,16,16
ClintBoling23CIN2012,Clint Boling,2012,ol,23,< 24,CIN,6,5,16,16
ClintBoling25CIN2014,Clint Boling,2014,ol,25,25-28,CIN,6,5,16,16
ClintBoling26CIN2015,Clint Boling,2015,ol,26,25-28,CIN,6,5,16,16
GarettBolles25DEN2017,Garett Bolles,2017,ol,25,25-28,DEN,1,109,16,16
AlexBoone25SFO2012,Alex Boone,2012,ol,25,25-28,SFO,Undrafted,Undrafted,16,16
AlexBoone26SFO2013,Alex Boone,2013,ol,26,25-28,SFO,Undrafted,Undrafted,16,16
KevinBoothe29NYG2012,Kevin Boothe,2012,ol,29,29-32,NYG,8,84,16,16
KevinBoothe30NYG2013,Kevin Boothe,2013,ol,30,29-32,NYG,8,84,16,16
TonyBoselli28JAX2000,Tony Boselli,2000,ol,28,25-28,JAX,1,108,16,16
RichBraham31CIN2001,Rich Braham,2001,ol,31,29-32,CIN,5,227,16,16
MikeBrisiel25HOU2008,Mike Brisiel,2008,ol,25,25-28,HOU,Undrafted,Undrafted,16,16
JustinBritt23SEA2014,Justin Britt,2014,ol,23,< 24,SEA,4,214,16,16
JustinBritt24SEA2015,Justin Britt,2015,ol,24,< 24,SEA,4,214,16,16
JustinBritt26SEA2017,Justin Britt,2017,ol,26,25-28,SEA,4,214,16,16
BlakeBrockermeyer28CHI2001,Blake Brockermeyer,2001,ol,28,25-28,CHI,1,174,16,16
BrandonBrooks28PHI2017,Brandon Brooks,2017,ol,28,25-28,PHI,5,227,16,16
DuaneBrown23HOU2008,Duane Brown,2008,ol,23,< 24,HOU,1,167,16,16
DuaneBrown24HOU2009,Duane Brown,2009,ol,24,< 24,HOU,1,167,16,16
DuaneBrown26HOU2011,Duane Brown,2011,ol,26,25-28,HOU,1,167,16,16
DuaneBrown27HOU2012,Duane Brown,2012,ol,27,25-28,HOU,1,167,16,16
DuaneBrown29HOU2014,Duane Brown,2014,ol,29,29-32,HOU,1,167,16,16
JamonBrown24LAR2017,Jamon Brown,2017,ol,24,< 24,LAR,5,223,16,16
JasonBrown25BAL2008,Jason Brown,2008,ol,25,25-28,BAL,6,29,16,16
JasonBrown26STL2009,Jason Brown,2009,ol,26,25-28,STL,6,29,16,16
JasonBrown27STL2010,Jason Brown,2010,ol,27,25-28,STL,6,29,16,16
JasonBrown24BAL2007,Jason Brown,2007,ol,24,< 24,BAL,6,29,16,16
LeviBrown24ARI2008,Levi Brown,2008,ol,24,< 24,ARI,1,199,16,16
LeviBrown25ARI2009,Levi Brown,2009,ol,25,25-28,ARI,1,199,16,16
LeviBrown26ARI2010,Levi Brown,2010,ol,26,25-28,ARI,1,199,16,16
LeviBrown27ARI2011,Levi Brown,2011,ol,27,25-28,ARI,1,199,16,16
LomasBrown37NYG2000,Lomas Brown,2000,ol,37,32+,NYG,1,210,16,16
LomasBrown38NYG2001,Lomas Brown,2001,ol,38,32+,NYG,1,210,16,16
RayBrown39SFO2001,Ray Brown,2001,ol,39,32+,SFO,10,111,16,16
RayBrown40DET2002,Ray Brown,2002,ol,40,32+,DET,10,111,16,16
RayBrown41DET2003,Ray Brown,2003,ol,41,32+,DET,10,111,16,16
RayBrown38SFO2000,Ray Brown,2000,ol,38,32+,SFO,10,111,16,16
RubenBrown28BUF2000,Ruben Brown,2000,ol,28,25-28,BUF,1,46,16,16
RubenBrown29BUF2001,Ruben Brown,2001,ol,29,29-32,BUF,1,46,16,16
RubenBrown30BUF2002,Ruben Brown,2002,ol,30,29-32,BUF,1,46,16,16
RubenBrown34CHI2006,Ruben Brown,2006,ol,34,32+,CHI,1,46,16,16
TrentBrown23SFO2016,Trent Brown,2016,ol,23,< 24,SFO,9,156,16,16
DanBuenning24TAM2005,Dan Buenning,2005,ol,24,< 24,TAM,6,10,16,16
BryanBulaga27GNB2016,Bryan Bulaga,2016,ol,27,25-28,GNB,1,141,16,16
JermonBushrod32MIA2016,Jermon Bushrod,2016,ol,32,29-32,MIA,6,30,16,16
JermonBushrod26NOR2010,Jermon Bushrod,2010,ol,26,25-28,NOR,6,30,16,16
JermonBushrod27NOR2011,Jermon Bushrod,2011,ol,27,25-28,NOR,6,30,16,16
JermonBushrod28NOR2012,Jermon Bushrod,2012,ol,28,25-28,NOR,6,30,16,16
JermonBushrod29CHI2013,Jermon Bushrod,2013,ol,29,29-32,CHI,6,30,16,16
BradButler24BUF2007,Brad Butler,2007,ol,24,< 24,BUF,7,49,16,16
KellyButler23DET2005,Kelly Butler,2005,ol,23,< 24,DET,8,80,16,16
A.J.Cann25JAX2016,A.J. Cann,2016,ol,25,25-28,JAX,5,217,16,16
VernonCarey25MIA2006,Vernon Carey,2006,ol,25,25-28,MIA,1,99,16,16
VernonCarey26MIA2007,Vernon Carey,2007,ol,26,25-28,MIA,1,99,16,16
VernonCarey27MIA2008,Vernon Carey,2008,ol,27,25-28,MIA,1,99,16,16
VernonCarey28MIA2009,Vernon Carey,2009,ol,28,25-28,MIA,1,99,16,16
CooperCarlisle35OAK2012,Cooper Carlisle,2012,ol,35,32+,OAK,6,16,16,16
CooperCarlisle28DEN2005,Cooper Carlisle,2005,ol,28,25-28,DEN,6,16,16,16
CooperCarlisle29DEN2006,Cooper Carlisle,2006,ol,29,29-32,DEN,6,16,16,16
CooperCarlisle30OAK2007,Cooper Carlisle,2007,ol,30,29-32,OAK,6,16,16,16
CooperCarlisle32OAK2009,Cooper Carlisle,2009,ol,32,29-32,OAK,6,16,16,16
CooperCarlisle33OAK2010,Cooper Carlisle,2010,ol,33,32+,OAK,6,16,16,16
CooperCarlisle34OAK2011,Cooper Carlisle,2011,ol,34,32+,OAK,6,16,16,16
JamesCarpenter26NYJ2015,James Carpenter,2015,ol,26,25-28,NYJ,1,161,16,16
JamesCarpenter27NYJ2016,James Carpenter,2016,ol,27,25-28,NYJ,1,161,16,16
JamesCarpenter28NYJ2017,James Carpenter,2017,ol,28,25-28,NYJ,1,161,16,16
AnthonyCastonzo25IND2013,Anthony Castonzo,2013,ol,25,25-28,IND,1,130,16,16
AnthonyCastonzo26IND2014,Anthony Castonzo,2014,ol,26,25-28,IND,1,130,16,16
AnthonyCastonzo28IND2016,Anthony Castonzo,2016,ol,28,25-28,IND,1,130,16,16
AnthonyCastonzo29IND2017,Anthony Castonzo,2017,ol,29,29-32,IND,1,130,16,16
AnthonyCastonzo24IND2012,Anthony Castonzo,2012,ol,24,< 24,IND,1,130,16,16
RogerChanoine25CLE2001,Roger Chanoine,2001,ol,25,25-28,CLE,Undrafted,Undrafted,16,16
GosderCherilus28DET2012,Gosder Cherilus,2012,ol,28,25-28,DET,1,77,16,16
GosderCherilus29IND2013,Gosder Cherilus,2013,ol,29,29-32,IND,1,77,16,16
ChrisChester28WAS2011,Chris Chester,2011,ol,28,25-28,WAS,4,206,16,16
ChrisChester29WAS2012,Chris Chester,2012,ol,29,29-32,WAS,4,206,16,16
ChrisChester30WAS2013,Chris Chester,2013,ol,30,29-32,WAS,4,206,16,16
ChrisChester31WAS2014,Chris Chester,2014,ol,31,29-32,WAS,4,206,16,16
ChrisChester32ATL2015,Chris Chester,2015,ol,32,29-32,ATL,4,206,16,16
ChrisChester33ATL2016,Chris Chester,2016,ol,33,32+,ATL,4,206,16,16
JeffChristy31TAM2000,Jeff Christy,2000,ol,31,29-32,TAM,6,244,16,16
JeffChristy33TAM2002,Jeff Christy,2002,ol,33,32+,TAM,6,244,16,16
TysonClabo30ATL2011,Tyson Clabo,2011,ol,30,29-32,ATL,Undrafted,Undrafted,16,16
TysonClabo31ATL2012,Tyson Clabo,2012,ol,31,29-32,ATL,Undrafted,Undrafted,16,16
TysonClabo27ATL2008,Tyson Clabo,2008,ol,27,25-28,ATL,Undrafted,Undrafted,16,16
TysonClabo28ATL2009,Tyson Clabo,2009,ol,28,25-28,ATL,Undrafted,Undrafted,16,16
TysonClabo29ATL2010,Tyson Clabo,2010,ol,29,29-32,ATL,Undrafted,Undrafted,16,16
RyanClady22DEN2008,Ryan Clady,2008,ol,22,< 24,DEN,1,24,16,16
RyanClady23DEN2009,Ryan Clady,2009,ol,23,< 24,DEN,1,24,16,16
RyanClady24DEN2010,Ryan Clady,2010,ol,24,< 24,DEN,1,24,16,16
RyanClady25DEN2011,Ryan Clady,2011,ol,25,25-28,DEN,1,24,16,16
RyanClady26DEN2012,Ryan Clady,2012,ol,26,25-28,DEN,1,24,16,16
RyanClady28DEN2014,Ryan Clady,2014,ol,28,25-28,DEN,1,24,16,16
TravisClaridge22ATL2000,Travis Claridge,2000,ol,22,< 24,ATL,4,185,16,16
TravisClaridge24ATL2002,Travis Claridge,2002,ol,24,< 24,ATL,4,185,16,16
JeromeyClary25SDG2008,Jeromey Clary,2008,ol,25,25-28,SDG,8,96,16,16
JeromeyClary27SDG2010,Jeromey Clary,2010,ol,27,25-28,SDG,8,96,16,16
JeromeyClary28SDG2011,Jeromey Clary,2011,ol,28,25-28,SDG,8,96,16,16
AnthonyClement27ARI2003,Anthony Clement,2003,ol,27,25-28,ARI,4,184,16,16
AnthonyClement30NYJ2006,Anthony Clement,2006,ol,30,29-32,NYJ,4,184,16,16
AnthonyClement31NYJ2007,Anthony Clement,2007,ol,31,29-32,NYJ,4,184,16,16
AnthonyClement24ARI2000,Anthony Clement,2000,ol,24,< 24,ARI,4,184,16,16
AnthonyClement25ARI2001,Anthony Clement,2001,ol,25,25-28,ARI,4,184,16,16
T.J.Clemmings24MIN2015,T.J. Clemmings,2015,ol,24,< 24,MIN,6,14,16,16
ChadClifton31GNB2007,Chad Clifton,2007,ol,31,29-32,GNB,4,193,16,16
ChadClifton34GNB2010,Chad Clifton,2010,ol,34,32+,GNB,4,193,16,16
ChadClifton27GNB2003,Chad Clifton,2003,ol,27,25-28,GNB,4,193,16,16
ChadClifton28GNB2004,Chad Clifton,2004,ol,28,25-28,GNB,4,193,16,16
ChadClifton29GNB2005,Chad Clifton,2005,ol,29,29-32,GNB,4,193,16,16
NickCole25PHI2009,Nick Cole,2009,ol,25,25-28,PHI,Undrafted,Undrafted,16,16
BenColeman29SDG2000,Ben Coleman,2000,ol,29,29-32,SDG,4,180,16,16
CoseyColeman23TAM2001,Cosey Coleman,2001,ol,23,< 24,TAM,4,201,16,16
CoseyColeman25TAM2003,Cosey Coleman,2003,ol,25,25-28,TAM,4,201,16,16
CoseyColeman26TAM2004,Cosey Coleman,2004,ol,26,25-28,TAM,4,201,16,16
ShonColeman26CLE2017,Shon Coleman,2017,ol,26,25-28,CLE,5,227,16,16
DarynColledge26GNB2008,Daryn Colledge,2008,ol,26,25-28,GNB,4,196,16,16
DarynColledge27GNB2009,Daryn Colledge,2009,ol,27,25-28,GNB,4,196,16,16
DarynColledge28GNB2010,Daryn Colledge,2010,ol,28,25-28,GNB,4,196,16,16
DarynColledge29ARI2011,Daryn Colledge,2011,ol,29,29-32,ARI,4,196,16,16
DarynColledge30ARI2012,Daryn Colledge,2012,ol,30,29-32,ARI,4,196,16,16
DarynColledge31ARI2013,Daryn Colledge,2013,ol,31,29-32,ARI,4,196,16,16
CalvinCollins26ATL2000,Calvin Collins,2000,ol,26,25-28,ATL,8,89,16,16
La'elCollins24DAL2017,La'el Collins,2017,ol,24,< 24,DAL,Undrafted,Undrafted,16,16
MoCollins24OAK2000,Mo Collins,2000,ol,24,< 24,OAK,1,141,16,16
MarcColombo28DAL2006,Marc Colombo,2006,ol,28,25-28,DAL,1,174,16,16
MarcColombo29DAL2007,Marc Colombo,2007,ol,29,29-32,DAL,1,174,16,16
MarcColombo30DAL2008,Marc Colombo,2008,ol,30,29-32,DAL,1,174,16,16
MarcColombo33MIA2011,Marc Colombo,2011,ol,33,32+,MIA,1,174,16,16
WillieColon25PIT2008,Willie Colon,2008,ol,25,25-28,PIT,6,37,16,16
WillieColon26PIT2009,Willie Colon,2009,ol,26,25-28,PIT,6,37,16,16
WillieColon30NYJ2013,Willie Colon,2013,ol,30,29-32,NYJ,6,37,16,16
WillieColon31NYJ2014,Willie Colon,2014,ol,31,29-32,NYJ,6,37,16,16
WillieColon24PIT2007,Willie Colon,2007,ol,24,< 24,PIT,6,37,16,16
MikeCompton30DET2000,Mike Compton,2000,ol,30,29-32,DET,5,218,16,16
MikeCompton31NWE2001,Mike Compton,2001,ol,31,29-32,NWE,5,218,16,16
MikeCompton32NWE2002,Mike Compton,2002,ol,32,29-32,NWE,5,218,16,16
BillConaty28BUF2001,Bill Conaty,2001,ol,28,25-28,BUF,Undrafted,Undrafted,16,16
JackConklin22TEN2016,Jack Conklin,2016,ol,22,< 24,TEN,1,231,16,16
JackConklin23TEN2017,Jack Conklin,2017,ol,23,< 24,TEN,1,231,16,16
DanConnolly31NWE2013,Dan Connolly,2013,ol,31,29-32,NWE,Undrafted,Undrafted,16,16
KyleCook26CIN2009,Kyle Cook,2009,ol,26,25-28,CIN,Undrafted,Undrafted,16,16
KyleCook27CIN2010,Kyle Cook,2010,ol,27,25-28,CIN,Undrafted,Undrafted,16,16
KyleCook28CIN2011,Kyle Cook,2011,ol,28,25-28,CIN,Undrafted,Undrafted,16,16
KyleCook30CIN2013,Kyle Cook,2013,ol,30,29-32,CIN,Undrafted,Undrafted,16,16
RyanCook24MIN2007,Ryan Cook,2007,ol,24,< 24,MIN,4,201,16,16
PhilCosta24DAL2011,Phil Costa,2011,ol,24,< 24,DAL,Undrafted,Undrafted,16,16
HarveyDahl27ATL2008,Harvey Dahl,2008,ol,27,25-28,ATL,Undrafted,Undrafted,16,16
HarveyDahl29ATL2010,Harvey Dahl,2010,ol,29,29-32,ATL,Undrafted,Undrafted,16,16
HarveyDahl30STL2011,Harvey Dahl,2011,ol,30,29-32,STL,Undrafted,Undrafted,16,16
AnthonyDavis23SFO2012,Anthony Davis,2012,ol,23,< 24,SFO,1,13,16,16
AnthonyDavis24SFO2013,Anthony Davis,2013,ol,24,< 24,SFO,1,13,16,16
AnthonyDavis25TAM2005,Anthony Davis,2005,ol,25,25-28,TAM,Undrafted,Undrafted,16,16
AnthonyDavis26TAM2006,Anthony Davis,2006,ol,26,25-28,TAM,Undrafted,Undrafted,16,16
AnthonyDavis21SFO2010,Anthony Davis,2010,ol,21,< 24,SFO,1,13,16,16
AnthonyDavis22SFO2011,Anthony Davis,2011,ol,22,< 24,SFO,1,13,16,16
LeonardDavis28ARI2006,Leonard Davis,2006,ol,28,25-28,ARI,1,108,16,16
LeonardDavis29DAL2007,Leonard Davis,2007,ol,29,29-32,DAL,1,108,16,16
LeonardDavis30DAL2008,Leonard Davis,2008,ol,30,29-32,DAL,1,108,16,16
LeonardDavis31DAL2009,Leonard Davis,2009,ol,31,29-32,DAL,1,108,16,16
LeonardDavis32DAL2010,Leonard Davis,2010,ol,32,29-32,DAL,1,108,16,16
LeonardDavis23ARI2001,Leonard Davis,2001,ol,23,< 24,ARI,1,108,16,16
BrianDe La Puente27NOR2012,Brian De La Puente,2012,ol,27,25-28,NOR,Undrafted,Undrafted,16,16
BrianDe La Puente28NOR2013,Brian De La Puente,2013,ol,28,25-28,NOR,Undrafted,Undrafted,16,16
DavidDeCastro24PIT2014,David DeCastro,2014,ol,24,< 24,PIT,1,151,16,16
DavidDeCastro25PIT2015,David DeCastro,2015,ol,25,25-28,PIT,1,151,16,16
DavidDeCastro26PIT2016,David DeCastro,2016,ol,26,25-28,PIT,1,151,16,16
TaylorDecker23DET2016,Taylor Decker,2016,ol,23,< 24,DET,1,67,16,16
DerrickDeese31SFO2001,Derrick Deese,2001,ol,31,29-32,SFO,Undrafted,Undrafted,16,16
DerrickDeese34TAM2004,Derrick Deese,2004,ol,34,32+,TAM,Undrafted,Undrafted,16,16
RickDeMulling26IND2003,Rick DeMulling,2003,ol,26,25-28,IND,9,131,16,16
DavidDiehl31NYG2011,David Diehl,2011,ol,31,29-32,NYG,7,68,16,16
DavidDiehl23NYG2003,David Diehl,2003,ol,23,< 24,NYG,7,68,16,16
DavidDiehl24NYG2004,David Diehl,2004,ol,24,< 24,NYG,7,68,16,16
DavidDiehl25NYG2005,David Diehl,2005,ol,25,25-28,NYG,7,68,16,16
DavidDiehl26NYG2006,David Diehl,2006,ol,26,25-28,NYG,7,68,16,16
DavidDiehl27NYG2007,David Diehl,2007,ol,27,25-28,NYG,7,68,16,16
DavidDiehl28NYG2008,David Diehl,2008,ol,28,25-28,NYG,7,68,16,16
DavidDiehl29NYG2009,David Diehl,2009,ol,29,29-32,NYG,7,68,16,16
KrisDielman26SDG2007,Kris Dielman,2007,ol,26,25-28,SDG,Undrafted,Undrafted,16,16
KrisDielman28SDG2009,Kris Dielman,2009,ol,28,25-28,SDG,Undrafted,Undrafted,16,16
RyanDiem25IND2004,Ryan Diem,2004,ol,25,25-28,IND,6,22,16,16
RyanDiem29IND2008,Ryan Diem,2008,ol,29,29-32,IND,6,22,16,16
RyanDiem31IND2010,Ryan Diem,2010,ol,31,29-32,IND,6,22,16,16
RyanDiem23IND2002,Ryan Diem,2002,ol,23,< 24,IND,6,22,16,16
EvanDietrich-Smith27GNB2013,Evan Dietrich-Smith,2013,ol,27,25-28,GNB,Undrafted,Undrafted,16,16
GennaroDiNapoli27TEN2002,Gennaro DiNapoli,2002,ol,27,25-28,TEN,6,12,16,16
DavidDixon31MIN2000,David Dixon,2000,ol,31,29-32,MIN,11,144,16,16
DavidDixon34MIN2003,David Dixon,2003,ol,34,32+,MIN,11,144,16,16
DavidDixon35MIN2004,David Dixon,2004,ol,35,32+,MIN,11,144,16,16
DerrickDockery24WAS2004,Derrick Dockery,2004,ol,24,< 24,WAS,5,233,16,16
DerrickDockery25WAS2005,Derrick Dockery,2005,ol,25,25-28,WAS,5,233,16,16
DerrickDockery26WAS2006,Derrick Dockery,2006,ol,26,25-28,WAS,5,233,16,16
DerrickDockery27BUF2007,Derrick Dockery,2007,ol,27,25-28,BUF,5,233,16,16
DerrickDockery28BUF2008,Derrick Dockery,2008,ol,28,25-28,BUF,5,233,16,16
DerrickDockery29WAS2009,Derrick Dockery,2009,ol,29,29-32,WAS,5,233,16,16
KevinDonnalley32MIA2000,Kevin Donnalley,2000,ol,32,29-32,MIA,5,230,16,16
KevinDonnalley34CAR2002,Kevin Donnalley,2002,ol,34,32+,CAR,5,230,16,16
KevinDonnalley35CAR2003,Kevin Donnalley,2003,ol,35,32+,CAR,5,230,16,16
DemarDotson28TAM2013,Demar Dotson,2013,ol,28,25-28,TAM,Undrafted,Undrafted,16,16
DemarDotson29TAM2014,Demar Dotson,2014,ol,29,29-32,TAM,Undrafted,Undrafted,16,16
KingDunlap29SDG2014,King Dunlap,2014,ol,29,29-32,SDG,9,142,16,16
SteveEdwards24CHI2003,Steve Edwards,2003,ol,24,< 24,CHI,Undrafted,Undrafted,16,16
TraiEssex27PIT2009,Trai Essex,2009,ol,27,25-28,PIT,5,246,16,16
JahriEvans33NOR2016,Jahri Evans,2016,ol,33,32+,NOR,6,11,16,16
JahriEvans23NOR2006,Jahri Evans,2006,ol,23,< 24,NOR,6,11,16,16
JahriEvans24NOR2007,Jahri Evans,2007,ol,24,< 24,NOR,6,11,16,16
JahriEvans25NOR2008,Jahri Evans,2008,ol,25,25-28,NOR,6,11,16,16
JahriEvans26NOR2009,Jahri Evans,2009,ol,26,25-28,NOR,6,11,16,16
JahriEvans27NOR2010,Jahri Evans,2010,ol,27,25-28,NOR,6,11,16,16
JahriEvans28NOR2011,Jahri Evans,2011,ol,28,25-28,NOR,6,11,16,16
JahriEvans29NOR2012,Jahri Evans,2012,ol,29,29-32,NOR,6,11,16,16
JahriEvans31NOR2014,Jahri Evans,2014,ol,31,29-32,NOR,6,11,16,16
JasonFabini26NYJ2000,Jason Fabini,2000,ol,26,25-28,NYJ,6,15,16,16
JasonFabini27NYJ2001,Jason Fabini,2001,ol,27,25-28,NYJ,6,15,16,16
JasonFabini28NYJ2002,Jason Fabini,2002,ol,28,25-28,NYJ,6,15,16,16
JasonFabini29NYJ2003,Jason Fabini,2003,ol,29,29-32,NYJ,6,15,16,16
JasonFabini30NYJ2004,Jason Fabini,2004,ol,30,29-32,NYJ,6,15,16,16
JeffFaine25NOR2006,Jeff Faine,2006,ol,25,25-28,NOR,1,120,16,16
JeffFaine27TAM2008,Jeff Faine,2008,ol,27,25-28,TAM,1,120,16,16
PaulFanaika27ARI2013,Paul Fanaika,2013,ol,27,25-28,ARI,9,123,16,16
AlanFaneca28PIT2004,Alan Faneca,2004,ol,28,25-28,PIT,1,167,16,16
AlanFaneca29PIT2005,Alan Faneca,2005,ol,29,29-32,PIT,1,167,16,16
AlanFaneca30PIT2006,Alan Faneca,2006,ol,30,29-32,PIT,1,167,16,16
AlanFaneca31PIT2007,Alan Faneca,2007,ol,31,29-32,PIT,1,167,16,16
AlanFaneca32NYJ2008,Alan Faneca,2008,ol,32,29-32,NYJ,1,167,16,16
AlanFaneca33NYJ2009,Alan Faneca,2009,ol,33,32+,NYJ,1,167,16,16
AlanFaneca34ARI2010,Alan Faneca,2010,ol,34,32+,ARI,1,167,16,16
AlanFaneca24PIT2000,Alan Faneca,2000,ol,24,< 24,PIT,1,167,16,16
AlanFaneca26PIT2002,Alan Faneca,2002,ol,26,25-28,PIT,1,167,16,16
AlanFaneca27PIT2003,Alan Faneca,2003,ol,27,25-28,PIT,1,167,16,16
D'BrickashawFerguson28NYJ2011,D'Brickashaw Ferguson,2011,ol,28,25-28,NYJ,1,188,16,16
D'BrickashawFerguson29NYJ2012,D'Brickashaw Ferguson,2012,ol,29,29-32,NYJ,1,188,16,16
D'BrickashawFerguson30NYJ2013,D'Brickashaw Ferguson,2013,ol,30,29-32,NYJ,1,188,16,16
D'BrickashawFerguson31NYJ2014,D'Brickashaw Ferguson,2014,ol,31,29-32,NYJ,1,188,16,16
D'BrickashawFerguson32NYJ2015,D'Brickashaw Ferguson,2015,ol,32,29-32,NYJ,1,188,16,16
D'BrickashawFerguson23NYJ2006,D'Brickashaw Ferguson,2006,ol,23,< 24,NYJ,1,188,16,16
D'BrickashawFerguson24NYJ2007,D'Brickashaw Ferguson,2007,ol,24,< 24,NYJ,1,188,16,16
D'BrickashawFerguson25NYJ2008,D'Brickashaw Ferguson,2008,ol,25,25-28,NYJ,1,188,16,16
D'BrickashawFerguson26NYJ2009,D'Brickashaw Ferguson,2009,ol,26,25-28,NYJ,1,188,16,16
D'BrickashawFerguson27NYJ2010,D'Brickashaw Ferguson,2010,ol,27,25-28,NYJ,1,188,16,16
DaveFiore27SFO2001,Dave Fiore,2001,ol,27,25-28,SFO,Undrafted,Undrafted,16,16
MarkFischer26WAS2000,Mark Fischer,2000,ol,26,25-28,WAS,7,47,16,16
EricFisher23KAN2014,Eric Fisher,2014,ol,23,< 24,KAN,1,2,16,16
EricFisher25KAN2016,Eric Fisher,2016,ol,25,25-28,KAN,1,2,16,16
MikeFlanagan28GNB2001,Mike Flanagan,2001,ol,28,25-28,GNB,5,243,16,16
MikeFlanagan30GNB2003,Mike Flanagan,2003,ol,30,29-32,GNB,5,243,16,16
EreckFlowers22NYG2016,Ereck Flowers,2016,ol,22,< 24,NYG,1,242,16,16
D.J.Fluker23SDG2014,D.J. Fluker,2014,ol,23,< 24,SDG,1,13,16,16
D.J.Fluker25SDG2016,D.J. Fluker,2016,ol,25,25-28,SDG,1,13,16,16
MikeFlynn26BAL2000,Mike Flynn,2000,ol,26,25-28,BAL,Undrafted,Undrafted,16,16
MikeFlynn27BAL2001,Mike Flynn,2001,ol,27,25-28,BAL,Undrafted,Undrafted,16,16
MikeFlynn29BAL2003,Mike Flynn,2003,ol,29,29-32,BAL,Undrafted,Undrafted,16,16
MikeFlynn31BAL2005,Mike Flynn,2005,ol,31,29-32,BAL,Undrafted,Undrafted,16,16
MikeFlynn32BAL2006,Mike Flynn,2006,ol,32,29-32,BAL,Undrafted,Undrafted,16,16
SpencerFolau29NOR2002,Spencer Folau,2002,ol,29,29-32,NOR,Undrafted,Undrafted,16,16
ToniuFonoti23SDG2004,Toniu Fonoti,2004,ol,23,< 24,SDG,4,187,16,16
JerryFontenot34NOR2000,Jerry Fontenot,2000,ol,34,32+,NOR,5,215,16,16
JerryFontenot35NOR2001,Jerry Fontenot,2001,ol,35,32+,NOR,5,215,16,16
JerryFontenot36NOR2002,Jerry Fontenot,2002,ol,36,32+,NOR,5,215,16,16
JerryFontenot37NOR2003,Jerry Fontenot,2003,ol,37,32+,NOR,5,215,16,16
KynanForney25ATL2003,Kynan Forney,2003,ol,25,25-28,ATL,9,129,16,16
KynanForney26ATL2004,Kynan Forney,2004,ol,26,25-28,ATL,9,129,16,16
KynanForney27ATL2005,Kynan Forney,2005,ol,27,25-28,ATL,9,129,16,16
RomanFortin33SDG2000,Roman Fortin,2000,ol,33,32+,SDG,10,113,16,16
GeorgeFoster24DEN2004,George Foster,2004,ol,24,< 24,DEN,1,109,16,16
GeorgeFoster25DEN2005,George Foster,2005,ol,25,25-28,DEN,1,109,16,16
RamonFoster26PIT2012,Ramon Foster,2012,ol,26,25-28,PIT,Undrafted,Undrafted,16,16
RamonFoster29PIT2015,Ramon Foster,2015,ol,29,29-32,PIT,Undrafted,Undrafted,16,16
MelvinFowler27BUF2006,Melvin Fowler,2006,ol,27,25-28,BUF,5,227,16,16
MelvinFowler28BUF2007,Melvin Fowler,2007,ol,28,25-28,BUF,5,227,16,16
HankFraley25PHI2002,Hank Fraley,2002,ol,25,25-28,PHI,Undrafted,Undrafted,16,16
HankFraley26PHI2003,Hank Fraley,2003,ol,26,25-28,PHI,Undrafted,Undrafted,16,16
HankFraley27PHI2004,Hank Fraley,2004,ol,27,25-28,PHI,Undrafted,Undrafted,16,16
HankFraley29CLE2006,Hank Fraley,2006,ol,29,29-32,CLE,Undrafted,Undrafted,16,16
HankFraley30CLE2007,Hank Fraley,2007,ol,30,29-32,CLE,Undrafted,Undrafted,16,16
HankFraley31CLE2008,Hank Fraley,2008,ol,31,29-32,CLE,Undrafted,Undrafted,16,16
OrlandoFranklin29SDG2016,Orlando Franklin,2016,ol,29,29-32,SDG,4,195,16,16
OrlandoFranklin24DEN2011,Orlando Franklin,2011,ol,24,< 24,DEN,4,195,16,16
OrlandoFranklin25DEN2012,Orlando Franklin,2012,ol,25,25-28,DEN,4,195,16,16
OrlandoFranklin27DEN2014,Orlando Franklin,2014,ol,27,25-28,DEN,4,195,16,16
TravisFrederick22DAL2013,Travis Frederick,2013,ol,22,< 24,DAL,1,179,16,16
TravisFrederick23DAL2014,Travis Frederick,2014,ol,23,< 24,DAL,1,179,16,16
TravisFrederick24DAL2015,Travis Frederick,2015,ol,24,< 24,DAL,1,179,16,16
TravisFrederick25DAL2016,Travis Frederick,2016,ol,25,25-28,DAL,1,179,16,16
TravisFrederick26DAL2017,Travis Frederick,2017,ol,26,25-28,DAL,1,179,16,16
DougFree32DAL2016,Doug Free,2016,ol,32,29-32,DAL,6,27,16,16
DougFree26DAL2010,Doug Free,2010,ol,26,25-28,DAL,6,27,16,16
DougFree27DAL2011,Doug Free,2011,ol,27,25-28,DAL,6,27,16,16
DougFree28DAL2012,Doug Free,2012,ol,28,25-28,DAL,6,27,16,16
DougFree29DAL2013,Doug Free,2013,ol,29,29-32,DAL,6,27,16,16
DougFree31DAL2015,Doug Free,2015,ol,31,29-32,DAL,6,27,16,16
ZachFulton23KAN2014,Zach Fulton,2014,ol,23,< 24,KAN,8,102,16,16
BrandonFusco24MIN2012,Brandon Fusco,2012,ol,24,< 24,MIN,8,80,16,16
BrandonFusco27MIN2015,Brandon Fusco,2015,ol,27,25-28,MIN,8,80,16,16
BrandonFusco29SFO2017,Brandon Fusco,2017,ol,29,29-32,SFO,8,80,16,16
RobertGallery25OAK2005,Robert Gallery,2005,ol,25,25-28,OAK,1,108,16,16
RobertGallery27OAK2007,Robert Gallery,2007,ol,27,25-28,OAK,1,108,16,16
RobertGallery28OAK2008,Robert Gallery,2008,ol,28,25-28,OAK,1,108,16,16
MikeGandy26BUF2005,Mike Gandy,2005,ol,26,25-28,BUF,5,218,16,16
MikeGandy27BUF2006,Mike Gandy,2006,ol,27,25-28,BUF,5,218,16,16
MikeGandy28ARI2007,Mike Gandy,2007,ol,28,25-28,ARI,5,218,16,16
MikeGandy29ARI2008,Mike Gandy,2008,ol,29,29-32,ARI,5,218,16,16
WayneGandy29PIT2000,Wayne Gandy,2000,ol,29,29-32,PIT,1,56,16,16
WayneGandy31PIT2002,Wayne Gandy,2002,ol,31,29-32,PIT,1,56,16,16
WayneGandy32NOR2003,Wayne Gandy,2003,ol,32,29-32,NOR,1,56,16,16
WayneGandy33NOR2004,Wayne Gandy,2004,ol,33,32+,NOR,1,56,16,16
WayneGandy34NOR2005,Wayne Gandy,2005,ol,34,32+,NOR,1,56,16,16
WayneGandy35ATL2006,Wayne Gandy,2006,ol,35,32+,ATL,1,56,16,16
FrankGarcia28CAR2000,Frank Garcia,2000,ol,28,25-28,CAR,6,38,16,16
MaxGarcia26DEN2017,Max Garcia,2017,ol,26,25-28,DEN,6,39,16,16
MaxGarcia25DEN2016,Max Garcia,2016,ol,25,25-28,DEN,6,39,16,16
KelvinGarmon25DAL2001,Kelvin Garmon,2001,ol,25,25-28,DAL,9,155,16,16
KelvinGarmon27SDG2003,Kelvin Garmon,2003,ol,27,25-28,SDG,9,155,16,16
RobertoGarza30CHI2009,Roberto Garza,2009,ol,30,29-32,CHI,6,252,16,16
RobertoGarza32CHI2011,Roberto Garza,2011,ol,32,29-32,CHI,6,252,16,16
RobertoGarza33CHI2012,Roberto Garza,2012,ol,33,32+,CHI,6,252,16,16
RobertoGarza34CHI2013,Roberto Garza,2013,ol,34,32+,CHI,6,252,16,16
RobertoGarza27CHI2006,Roberto Garza,2006,ol,27,25-28,CHI,6,252,16,16
RobertoGarza28CHI2007,Roberto Garza,2007,ol,28,25-28,CHI,6,252,16,16
RobertoGarza29CHI2008,Roberto Garza,2008,ol,29,29-32,CHI,6,252,16,16
EricGhiaciuc27CIN2008,Eric Ghiaciuc,2008,ol,27,25-28,CIN,6,23,16,16
BrenoGiacomini27SEA2012,Breno Giacomini,2012,ol,27,25-28,SEA,7,57,16,16
BrenoGiacomini29NYJ2014,Breno Giacomini,2014,ol,29,29-32,NYJ,7,57,16,16
BrenoGiacomini30NYJ2015,Breno Giacomini,2015,ol,30,29-32,NYJ,7,57,16,16
BrenoGiacomini32HOU2017,Breno Giacomini,2017,ol,32,29-32,HOU,7,57,16,16
AaronGibson26CHI2003,Aaron Gibson,2003,ol,26,25-28,CHI,1,170,16,16
MarcusGilbert25PIT2013,Marcus Gilbert,2013,ol,25,25-28,PIT,4,213,16,16
MarcusGilbert27PIT2015,Marcus Gilbert,2015,ol,27,25-28,PIT,4,213,16,16
GarryGilliam25SEA2015,Garry Gilliam,2015,ol,25,25-28,SEA,Undrafted,Undrafted,16,16
GrahamGlasgow25DET2017,Graham Glasgow,2017,ol,25,25-28,DET,5,248,16,16
CordyGlenn24BUF2013,Cordy Glenn,2013,ol,24,< 24,BUF,4,190,16,16
CordyGlenn25BUF2014,Cordy Glenn,2014,ol,25,25-28,BUF,4,190,16,16
CordyGlenn26BUF2015,Cordy Glenn,2015,ol,26,25-28,BUF,4,190,16,16
TarikGlenn24IND2000,Tarik Glenn,2000,ol,24,< 24,IND,1,99,16,16
TarikGlenn25IND2001,Tarik Glenn,2001,ol,25,25-28,IND,1,99,16,16
TarikGlenn26IND2002,Tarik Glenn,2002,ol,26,25-28,IND,1,99,16,16
TarikGlenn28IND2004,Tarik Glenn,2004,ol,28,25-28,IND,1,99,16,16
TarikGlenn29IND2005,Tarik Glenn,2005,ol,29,29-32,IND,1,99,16,16
TarikGlenn30IND2006,Tarik Glenn,2006,ol,30,29-32,IND,1,99,16,16
MarkGlowinski24SEA2016,Mark Glowinski,2016,ol,24,< 24,SEA,6,40,16,16
MikeGoff28SDG2004,Mike Goff,2004,ol,28,25-28,SDG,5,229,16,16
MikeGoff29SDG2005,Mike Goff,2005,ol,29,29-32,SDG,5,229,16,16
MikeGoff30SDG2006,Mike Goff,2006,ol,30,29-32,SDG,5,229,16,16
MikeGoff31SDG2007,Mike Goff,2007,ol,31,29-32,SDG,5,229,16,16
MikeGoff32SDG2008,Mike Goff,2008,ol,32,29-32,SDG,5,229,16,16
MikeGoff24CIN2000,Mike Goff,2000,ol,24,< 24,CIN,5,229,16,16
MikeGoff25CIN2001,Mike Goff,2001,ol,25,25-28,CIN,5,229,16,16
MikeGoff27CIN2003,Mike Goff,2003,ol,27,25-28,CIN,5,229,16,16
AdamGoldberg30STL2010,Adam Goldberg,2010,ol,30,29-32,STL,Undrafted,Undrafted,16,16
JonathanGoodwin32NOR2010,Jonathan Goodwin,2010,ol,32,29-32,NOR,7,61,16,16
JonathanGoodwin33SFO2011,Jonathan Goodwin,2011,ol,33,32+,SFO,7,61,16,16
JonathanGoodwin34SFO2012,Jonathan Goodwin,2012,ol,34,32+,SFO,7,61,16,16
JonathanGoodwin35SFO2013,Jonathan Goodwin,2013,ol,35,32+,SFO,7,61,16,16
JonathanGoodwin31NOR2009,Jonathan Goodwin,2009,ol,31,29-32,NOR,7,61,16,16
GinoGradkowski25BAL2013,Gino Gradkowski,2013,ol,25,25-28,BAL,6,251,16,16
ScottGragg28SFO2000,Scott Gragg,2000,ol,28,25-28,SFO,4,204,16,16
ScottGragg29SFO2001,Scott Gragg,2001,ol,29,29-32,SFO,4,204,16,16
ScottGragg30SFO2002,Scott Gragg,2002,ol,30,29-32,SFO,4,204,16,16
ScottGragg32SFO2004,Scott Gragg,2004,ol,32,29-32,SFO,4,204,16,16
DeMingoGraham28SDG2001,DeMingo Graham,2001,ol,28,25-28,SDG,Undrafted,Undrafted,16,16
ChrisGray30SEA2000,Chris Gray,2000,ol,30,29-32,SEA,7,38,16,16
ChrisGray31SEA2001,Chris Gray,2001,ol,31,29-32,SEA,7,38,16,16
ChrisGray32SEA2002,Chris Gray,2002,ol,32,29-32,SEA,7,38,16,16
ChrisGray33SEA2003,Chris Gray,2003,ol,33,32+,SEA,7,38,16,16
ChrisGray34SEA2004,Chris Gray,2004,ol,34,32+,SEA,7,38,16,16
ChrisGray35SEA2005,Chris Gray,2005,ol,35,32+,SEA,7,38,16,16
ChrisGray37SEA2007,Chris Gray,2007,ol,37,32+,SEA,7,38,16,16
JohnGreco29CLE2014,John Greco,2014,ol,29,29-32,CLE,5,215,16,16
CornellGreen32OAK2008,Cornell Green,2008,ol,32,29-32,OAK,Undrafted,Undrafted,16,16
JordanGross33CAR2013,Jordan Gross,2013,ol,33,32+,CAR,1,231,16,16
JordanGross23CAR2003,Jordan Gross,2003,ol,23,< 24,CAR,1,231,16,16
JordanGross24CAR2004,Jordan Gross,2004,ol,24,< 24,CAR,1,231,16,16
JordanGross25CAR2005,Jordan Gross,2005,ol,25,25-28,CAR,1,231,16,16
JordanGross26CAR2006,Jordan Gross,2006,ol,26,25-28,CAR,1,231,16,16
JordanGross27CAR2007,Jordan Gross,2007,ol,27,25-28,CAR,1,231,16,16
JordanGross30CAR2010,Jordan Gross,2010,ol,30,29-32,CAR,1,231,16,16
JordanGross32CAR2012,Jordan Gross,2012,ol,32,29-32,CAR,1,231,16,16
JakeGrove26OAK2006,Jake Grove,2006,ol,26,25-28,OAK,4,194,16,16
BenGrubbs28NOR2012,Ben Grubbs,2012,ol,28,25-28,NOR,1,174,16,16
BenGrubbs29NOR2013,Ben Grubbs,2013,ol,29,29-32,NOR,1,174,16,16
BenGrubbs30NOR2014,Ben Grubbs,2014,ol,30,29-32,NOR,1,174,16,16
BenGrubbs24BAL2008,Ben Grubbs,2008,ol,24,< 24,BAL,1,174,16,16
BenGrubbs25BAL2009,Ben Grubbs,2009,ol,25,25-28,BAL,1,174,16,16
BenGrubbs26BAL2010,Ben Grubbs,2010,ol,26,25-28,BAL,1,174,16,16
AndreGurode28DAL2006,Andre Gurode,2006,ol,28,25-28,DAL,4,185,16,16
AndreGurode30DAL2008,Andre Gurode,2008,ol,30,29-32,DAL,4,185,16,16
AndreGurode31DAL2009,Andre Gurode,2009,ol,31,29-32,DAL,4,185,16,16
AndreGurode32DAL2010,Andre Gurode,2010,ol,32,29-32,DAL,4,185,16,16
RexHadnot23MIA2005,Rex Hadnot,2005,ol,23,< 24,MIA,8,82,16,16
RexHadnot24MIA2006,Rex Hadnot,2006,ol,24,< 24,MIA,8,82,16,16
RexHadnot25MIA2007,Rex Hadnot,2007,ol,25,25-28,MIA,8,82,16,16
RexHadnot29ARI2011,Rex Hadnot,2011,ol,29,29-32,ARI,8,82,16,16
BenHamilton28DEN2005,Ben Hamilton,2005,ol,28,25-28,DEN,6,17,16,16
BenHamilton29DEN2006,Ben Hamilton,2006,ol,29,29-32,DEN,6,17,16,16
BenHamilton31DEN2008,Ben Hamilton,2008,ol,31,29-32,DEN,6,17,16,16
BenHamilton25DEN2002,Ben Hamilton,2002,ol,25,25-28,DEN,6,17,16,16
BenHamilton26DEN2003,Ben Hamilton,2003,ol,26,25-28,DEN,6,17,16,16
BenHamilton27DEN2004,Ben Hamilton,2004,ol,27,25-28,DEN,6,17,16,16
GeoffHangartner27BUF2009,Geoff Hangartner,2009,ol,27,25-28,BUF,7,76,16,16
GeoffHangartner29CAR2011,Geoff Hangartner,2011,ol,29,29-32,CAR,7,76,16,16
NickHardwick25SDG2006,Nick Hardwick,2006,ol,25,25-28,SDG,5,216,16,16
NickHardwick29SDG2010,Nick Hardwick,2010,ol,29,29-32,SDG,5,216,16,16
NickHardwick30SDG2011,Nick Hardwick,2011,ol,30,29-32,SDG,5,216,16,16
NickHardwick31SDG2012,Nick Hardwick,2012,ol,31,29-32,SDG,5,216,16,16
NickHardwick32SDG2013,Nick Hardwick,2013,ol,32,29-32,SDG,5,216,16,16
KwameHarris23SFO2005,Kwame Harris,2005,ol,23,< 24,SFO,1,167,16,16
KwameHarris24SFO2006,Kwame Harris,2006,ol,24,< 24,SFO,1,167,16,16
LeroyHarris27TEN2011,Leroy Harris,2011,ol,27,25-28,TEN,6,19,16,16
MikeHarris27MIN2015,Mike Harris,2015,ol,27,25-28,MIN,Undrafted,Undrafted,16,16
RyanHarris30DEN2015,Ryan Harris,2015,ol,30,29-32,DEN,5,221,16,16
RyanHarris23DEN2008,Ryan Harris,2008,ol,23,< 24,DEN,5,221,16,16
JeffHartings28DET2000,Jeff Hartings,2000,ol,28,25-28,DET,1,141,16,16
JeffHartings29PIT2001,Jeff Hartings,2001,ol,29,29-32,PIT,1,141,16,16
JeffHartings31PIT2003,Jeff Hartings,2003,ol,31,29-32,PIT,1,141,16,16
JeffHartings32PIT2004,Jeff Hartings,2004,ol,32,29-32,PIT,1,141,16,16
JeffHartings33PIT2005,Jeff Hartings,2005,ol,33,32+,PIT,1,141,16,16
JustinHartwig27TEN2005,Justin Hartwig,2005,ol,27,25-28,TEN,8,96,16,16
JustinHartwig30PIT2008,Justin Hartwig,2008,ol,30,29-32,PIT,8,96,16,16
JustinHartwig31PIT2009,Justin Hartwig,2009,ol,31,29-32,PIT,8,96,16,16
JustinHartwig25TEN2003,Justin Hartwig,2003,ol,25,25-28,TEN,8,96,16,16
EricHeitmann24SFO2004,Eric Heitmann,2004,ol,24,< 24,SFO,9,150,16,16
EricHeitmann25SFO2005,Eric Heitmann,2005,ol,25,25-28,SFO,9,150,16,16
EricHeitmann27SFO2007,Eric Heitmann,2007,ol,27,25-28,SFO,9,150,16,16
EricHeitmann28SFO2008,Eric Heitmann,2008,ol,28,25-28,SFO,9,150,16,16
EricHeitmann29SFO2009,Eric Heitmann,2009,ol,29,29-32,SFO,9,150,16,16
MarioHenderson25OAK2009,Mario Henderson,2009,ol,25,25-28,OAK,5,244,16,16
SeantrelHenderson22BUF2014,Seantrel Henderson,2014,ol,22,< 24,BUF,9,148,16,16
ToddHerremans24PHI2006,Todd Herremans,2006,ol,24,< 24,PHI,6,31,16,16
ToddHerremans29PHI2011,Todd Herremans,2011,ol,29,29-32,PHI,6,31,16,16
ToddHerremans31PHI2013,Todd Herremans,2013,ol,31,29-32,PHI,6,31,16,16
AnthonyHerrera28MIN2008,Anthony Herrera,2008,ol,28,25-28,MIN,Undrafted,Undrafted,16,16
StephonHeyer25WAS2009,Stephon Heyer,2009,ol,25,25-28,WAS,Undrafted,Undrafted,16,16
MontraeHolland27DEN2007,Montrae Holland,2007,ol,27,25-28,DEN,6,6,16,16
BradHopkins33TEN2003,Brad Hopkins,2003,ol,33,32+,TEN,1,35,16,16
AustinHoward25NYJ2012,Austin Howard,2012,ol,25,25-28,NYJ,Undrafted,Undrafted,16,16
AustinHoward26NYJ2013,Austin Howard,2013,ol,26,25-28,NYJ,Undrafted,Undrafted,16,16
AustinHoward27OAK2014,Austin Howard,2014,ol,27,25-28,OAK,Undrafted,Undrafted,16,16
AustinHoward30BAL2017,Austin Howard,2017,ol,30,29-32,BAL,Undrafted,Undrafted,16,16
RodneyHudson25KAN2014,Rodney Hudson,2014,ol,25,25-28,KAN,4,205,16,16
RodneyHudson27OAK2016,Rodney Hudson,2016,ol,27,25-28,OAK,4,205,16,16
RodneyHudson28OAK2017,Rodney Hudson,2017,ol,28,25-28,OAK,4,205,16,16
WayneHunter30NYJ2011,Wayne Hunter,2011,ol,30,29-32,NYJ,5,224,16,16
JamesHurst26BAL2017,James Hurst,2017,ol,26,25-28,BAL,Undrafted,Undrafted,16,16
SteveHutchinson24SEA2001,Steve Hutchinson,2001,ol,24,< 24,SEA,1,77,16,16
SteveHutchinson26SEA2003,Steve Hutchinson,2003,ol,26,25-28,SEA,1,77,16,16
SteveHutchinson27SEA2004,Steve Hutchinson,2004,ol,27,25-28,SEA,1,77,16,16
SteveHutchinson28SEA2005,Steve Hutchinson,2005,ol,28,25-28,SEA,1,77,16,16
SteveHutchinson29MIN2006,Steve Hutchinson,2006,ol,29,29-32,MIN,1,77,16,16
SteveHutchinson30MIN2007,Steve Hutchinson,2007,ol,30,29-32,MIN,1,77,16,16
SteveHutchinson31MIN2008,Steve Hutchinson,2008,ol,31,29-32,MIN,1,77,16,16
SteveHutchinson32MIN2009,Steve Hutchinson,2009,ol,32,29-32,MIN,1,77,16,16
GermainIfedi23SEA2017,Germain Ifedi,2017,ol,23,< 24,SEA,1,179,16,16
RichieIncognito32BUF2015,Richie Incognito,2015,ol,32,29-32,BUF,5,233,16,16
RichieIncognito33BUF2016,Richie Incognito,2016,ol,33,32+,BUF,5,233,16,16
RichieIncognito34BUF2017,Richie Incognito,2017,ol,34,32+,BUF,5,233,16,16
RichieIncognito23STL2006,Richie Incognito,2006,ol,23,< 24,STL,5,233,16,16
RichieIncognito27MIA2010,Richie Incognito,2010,ol,27,25-28,MIA,5,233,16,16
RichieIncognito29MIA2012,Richie Incognito,2012,ol,29,29-32,MIA,5,233,16,16
MikeIupati23SFO2010,Mike Iupati,2010,ol,23,< 24,SFO,1,77,16,16
MikeIupati24SFO2011,Mike Iupati,2011,ol,24,< 24,SFO,1,77,16,16
MikeIupati25SFO2012,Mike Iupati,2012,ol,25,25-28,SFO,1,77,16,16
GabeJackson24OAK2015,Gabe Jackson,2015,ol,24,< 24,OAK,5,233,16,16
GabeJackson25OAK2016,Gabe Jackson,2016,ol,25,25-28,OAK,5,233,16,16
JamaalJackson26PHI2006,Jamaal Jackson,2006,ol,26,25-28,PHI,Undrafted,Undrafted,16,16
JamaalJackson27PHI2007,Jamaal Jackson,2007,ol,27,25-28,PHI,Undrafted,Undrafted,16,16
JamaalJackson28PHI2008,Jamaal Jackson,2008,ol,28,25-28,PHI,Undrafted,Undrafted,16,16
KendylJacox26SDG2001,Kendyl Jacox,2001,ol,26,25-28,SDG,Undrafted,Undrafted,16,16
KendylJacox27NOR2002,Kendyl Jacox,2002,ol,27,25-28,NOR,Undrafted,Undrafted,16,16
Ja'WuanJames22MIA2014,Ja'Wuan James,2014,ol,22,< 24,MIA,1,99,16,16
Ja'WuanJames24MIA2016,Ja'Wuan James,2016,ol,24,< 24,MIA,1,99,16,16
JenoJames26CAR2003,Jeno James,2003,ol,26,25-28,CAR,8,91,16,16
JenoJames28MIA2005,Jeno James,2005,ol,28,25-28,MIA,8,91,16,16
JonJansen26WAS2002,Jon Jansen,2002,ol,26,25-28,WAS,4,185,16,16
JonJansen27WAS2003,Jon Jansen,2003,ol,27,25-28,WAS,4,185,16,16
JonJansen29WAS2005,Jon Jansen,2005,ol,29,29-32,WAS,4,185,16,16
JonJansen24WAS2000,Jon Jansen,2000,ol,24,< 24,WAS,4,185,16,16
JonJansen25WAS2001,Jon Jansen,2001,ol,25,25-28,WAS,4,185,16,16
KerryJenkins27NYJ2000,Kerry Jenkins,2000,ol,27,25-28,NYJ,Undrafted,Undrafted,16,16
KerryJenkins28NYJ2001,Kerry Jenkins,2001,ol,28,25-28,NYJ,Undrafted,Undrafted,16,16
RyanJensen26BAL2017,Ryan Jensen,2017,ol,26,25-28,BAL,8,113,16,16
JohnJerry26MIA2012,John Jerry,2012,ol,26,25-28,MIA,5,224,16,16
JohnJerry27MIA2013,John Jerry,2013,ol,27,25-28,MIA,5,224,16,16
JohnJerry28NYG2014,John Jerry,2014,ol,28,25-28,NYG,5,224,16,16
JohnJerry30NYG2016,John Jerry,2016,ol,30,29-32,NYG,5,224,16,16
JohnJerry31NYG2017,John Jerry,2017,ol,31,29-32,NYG,5,224,16,16
LukeJoeckel23JAX2014,Luke Joeckel,2014,ol,23,< 24,JAX,1,108,16,16
AlJohnson26DAL2005,Al Johnson,2005,ol,26,25-28,DAL,4,186,16,16
CharlieJohnson24IND2008,Charlie Johnson,2008,ol,24,< 24,IND,8,107,16,16
CharlieJohnson27MIN2011,Charlie Johnson,2011,ol,27,25-28,MIN,8,107,16,16
CharlieJohnson28MIN2012,Charlie Johnson,2012,ol,28,25-28,MIN,8,107,16,16
LaneJohnson23PHI2013,Lane Johnson,2013,ol,23,< 24,PHI,1,188,16,16
LaneJohnson25PHI2015,Lane Johnson,2015,ol,25,25-28,PHI,1,188,16,16
AdrianJones24NYJ2005,Adrian Jones,2005,ol,24,< 24,NYJ,6,38,16,16
BenJones25HOU2014,Ben Jones,2014,ol,25,25-28,HOU,6,252,16,16
BenJones26HOU2015,Ben Jones,2015,ol,26,25-28,HOU,6,252,16,16
BenJones27TEN2016,Ben Jones,2016,ol,27,25-28,TEN,6,252,16,16
BenJones28TEN2017,Ben Jones,2017,ol,28,25-28,TEN,6,252,16,16
LeviJones24CIN2003,Levi Jones,2003,ol,24,< 24,CIN,1,3,16,16
LeviJones25CIN2004,Levi Jones,2004,ol,25,25-28,CIN,1,3,16,16
TonyJones34DEN2000,Tony Jones,2000,ol,34,32+,DEN,Undrafted,Undrafted,16,16
WalterJones*26SEA2000,Walter Jones*,2000,ol,26,25-28,SEA,1,210,16,16
WalterJones*27SEA2001,Walter Jones*,2001,ol,27,25-28,SEA,1,210,16,16
WalterJones*29SEA2003,Walter Jones*,2003,ol,29,29-32,SEA,1,210,16,16
WalterJones*30SEA2004,Walter Jones*,2004,ol,30,29-32,SEA,1,210,16,16
WalterJones*32SEA2006,Walter Jones*,2006,ol,32,29-32,SEA,1,210,16,16
DavinJoseph24TAM2007,Davin Joseph,2007,ol,24,< 24,TAM,1,141,16,16
DavinJoseph26TAM2009,Davin Joseph,2009,ol,26,25-28,TAM,1,141,16,16
DavinJoseph28TAM2011,Davin Joseph,2011,ol,28,25-28,TAM,1,141,16,16
DavinJoseph30TAM2013,Davin Joseph,2013,ol,30,29-32,TAM,1,141,16,16
WinstonJustice25PHI2009,Winston Justice,2009,ol,25,25-28,PHI,4,187,16,16
MattKalil23MIN2012,Matt Kalil,2012,ol,23,< 24,MIN,1,188,16,16
MattKalil24MIN2013,Matt Kalil,2013,ol,24,< 24,MIN,1,188,16,16
MattKalil25MIN2014,Matt Kalil,2014,ol,25,25-28,MIN,1,188,16,16
MattKalil26MIN2015,Matt Kalil,2015,ol,26,25-28,MIN,1,188,16,16
MattKalil28CAR2017,Matt Kalil,2017,ol,28,25-28,CAR,1,188,16,16
RyanKalil24CAR2009,Ryan Kalil,2009,ol,24,< 24,CAR,4,209,16,16
RyanKalil25CAR2010,Ryan Kalil,2010,ol,25,25-28,CAR,4,209,16,16
RyanKalil26CAR2011,Ryan Kalil,2011,ol,26,25-28,CAR,4,209,16,16
RyanKalil28CAR2013,Ryan Kalil,2013,ol,28,25-28,CAR,4,209,16,16
RyanKalil29CAR2014,Ryan Kalil,2014,ol,29,29-32,CAR,4,209,16,16
JasonKelce28PHI2015,Jason Kelce,2015,ol,28,25-28,PHI,8,101,16,16
JasonKelce29PHI2016,Jason Kelce,2016,ol,29,29-32,PHI,8,101,16,16
JasonKelce30PHI2017,Jason Kelce,2017,ol,30,29-32,PHI,8,101,16,16
JasonKelce24PHI2011,Jason Kelce,2011,ol,24,< 24,PHI,8,101,16,16
JasonKelce26PHI2013,Jason Kelce,2013,ol,26,25-28,PHI,8,101,16,16
RyanKelly23IND2016,Ryan Kelly,2016,ol,23,< 24,IND,1,88,16,16
ChrisKemoeatu25PIT2008,Chris Kemoeatu,2008,ol,25,25-28,PIT,8,114,16,16
PeteKendall32NYJ2005,Pete Kendall,2005,ol,32,29-32,NYJ,1,120,16,16
PeteKendall34WAS2007,Pete Kendall,2007,ol,34,32+,WAS,1,120,16,16
PeteKendall35WAS2008,Pete Kendall,2008,ol,35,32+,WAS,1,120,16,16
PeteKendall27SEA2000,Pete Kendall,2000,ol,27,25-28,SEA,1,120,16,16
LincolnKennedy29OAK2000,Lincoln Kennedy,2000,ol,29,29-32,OAK,1,242,16,16
DanielKilgore30SFO2017,Daniel Kilgore,2017,ol,30,29-32,SFO,7,71,16,16
JoshKline28TEN2017,Josh Kline,2017,ol,28,25-28,TEN,Undrafted,Undrafted,16,16
DanKoppen29NWE2008,Dan Koppen,2008,ol,29,29-32,NWE,7,72,16,16
DanKoppen30NWE2009,Dan Koppen,2009,ol,30,29-32,NWE,7,72,16,16
DanKoppen31NWE2010,Dan Koppen,2010,ol,31,29-32,NWE,7,72,16,16
DanKoppen25NWE2004,Dan Koppen,2004,ol,25,25-28,NWE,7,72,16,16
DanKoppen27NWE2006,Dan Koppen,2006,ol,27,25-28,NWE,7,72,16,16
KyleKosier26SFO2004,Kyle Kosier,2004,ol,26,25-28,SFO,9,159,16,16
KyleKosier28DAL2006,Kyle Kosier,2006,ol,28,25-28,DAL,9,159,16,16
KyleKosier29DAL2007,Kyle Kosier,2007,ol,29,29-32,DAL,9,159,16,16
KyleKosier31DAL2009,Kyle Kosier,2009,ol,31,29-32,DAL,9,159,16,16
KyleKosier33DAL2011,Kyle Kosier,2011,ol,33,32+,DAL,9,159,16,16
OlinKreutz28CHI2005,Olin Kreutz,2005,ol,28,25-28,CHI,5,214,16,16
OlinKreutz29CHI2006,Olin Kreutz,2006,ol,29,29-32,CHI,5,214,16,16
OlinKreutz30CHI2007,Olin Kreutz,2007,ol,30,29-32,CHI,5,214,16,16
OlinKreutz31CHI2008,Olin Kreutz,2008,ol,31,29-32,CHI,5,214,16,16
OlinKreutz32CHI2009,Olin Kreutz,2009,ol,32,29-32,CHI,5,214,16,16
OlinKreutz33CHI2010,Olin Kreutz,2010,ol,33,32+,CHI,5,214,16,16
OlinKreutz24CHI2001,Olin Kreutz,2001,ol,24,< 24,CHI,5,214,16,16
OlinKreutz26CHI2003,Olin Kreutz,2003,ol,26,25-28,CHI,5,214,16,16
OlinKreutz27CHI2004,Olin Kreutz,2004,ol,27,25-28,CHI,5,214,16,16
ChrisKuper29DEN2011,Chris Kuper,2011,ol,29,29-32,DEN,7,69,16,16
ChrisKuper26DEN2008,Chris Kuper,2008,ol,26,25-28,DEN,7,69,16,16
CorbinLacina32MIN2002,Corbin Lacina,2002,ol,32,29-32,MIN,8,74,16,16
T.J.Lang24GNB2011,T.J. Lang,2011,ol,24,< 24,GNB,6,12,16,16
T.J.Lang26GNB2013,T.J. Lang,2013,ol,26,25-28,GNB,6,12,16,16
T.J.Lang27GNB2014,T.J. Lang,2014,ol,27,25-28,GNB,6,12,16,16
TedLarsen27ARI2014,Ted Larsen,2014,ol,27,25-28,ARI,8,115,16,16
ShawnLauvao24CLE2011,Shawn Lauvao,2011,ol,24,< 24,CLE,5,245,16,16
ShawnLauvao25CLE2012,Shawn Lauvao,2012,ol,25,25-28,CLE,5,245,16,16
RonaldLeary24DAL2013,Ronald Leary,2013,ol,24,< 24,DAL,Undrafted,Undrafted,16,16
MattLehr24DAL2003,Matt Lehr,2003,ol,24,< 24,DAL,7,43,16,16
CharlesLeno25CHI2016,Charles Leno,2016,ol,25,25-28,CHI,9,157,16,16
CharlesLeno26CHI2017,Charles Leno,2017,ol,26,25-28,CHI,9,157,16,16
MattLepsis26DEN2000,Matt Lepsis,2000,ol,26,25-28,DEN,Undrafted,Undrafted,16,16
MattLepsis27DEN2001,Matt Lepsis,2001,ol,27,25-28,DEN,Undrafted,Undrafted,16,16
MattLepsis29DEN2003,Matt Lepsis,2003,ol,29,29-32,DEN,Undrafted,Undrafted,16,16
MattLepsis30DEN2004,Matt Lepsis,2004,ol,30,29-32,DEN,Undrafted,Undrafted,16,16
MattLepsis31DEN2005,Matt Lepsis,2005,ol,31,29-32,DEN,Undrafted,Undrafted,16,16
MattLepsis33DEN2007,Matt Lepsis,2007,ol,33,32+,DEN,Undrafted,Undrafted,16,16
AndyLevitre23BUF2009,Andy Levitre,2009,ol,23,< 24,BUF,4,201,16,16
AndyLevitre24BUF2010,Andy Levitre,2010,ol,24,< 24,BUF,4,201,16,16
AndyLevitre25BUF2011,Andy Levitre,2011,ol,25,25-28,BUF,4,201,16,16
AndyLevitre26BUF2012,Andy Levitre,2012,ol,26,25-28,BUF,4,201,16,16
AndyLevitre27TEN2013,Andy Levitre,2013,ol,27,25-28,TEN,4,201,16,16
AndyLevitre28TEN2014,Andy Levitre,2014,ol,28,25-28,TEN,4,201,16,16
AndyLevitre29ATL2015,Andy Levitre,2015,ol,29,29-32,ATL,4,201,16,16
AndyLevitre30ATL2016,Andy Levitre,2016,ol,30,29-32,ATL,4,201,16,16
TaylorLewan25TEN2016,Taylor Lewan,2016,ol,25,25-28,TEN,1,13,16,16
TaylorLewan26TEN2017,Taylor Lewan,2017,ol,26,25-28,TEN,1,13,16,16
KoryLichtensteiger29WAS2014,Kory Lichtensteiger,2014,ol,29,29-32,WAS,6,11,16,16
KoryLichtensteiger27WAS2012,Kory Lichtensteiger,2012,ol,27,25-28,WAS,6,11,16,16
KoryLichtensteiger28WAS2013,Kory Lichtensteiger,2013,ol,28,25-28,WAS,6,11,16,16
MattLight24NWE2002,Matt Light,2002,ol,24,< 24,NWE,4,197,16,16
MattLight25NWE2003,Matt Light,2003,ol,25,25-28,NWE,4,197,16,16
MattLight26NWE2004,Matt Light,2004,ol,26,25-28,NWE,4,197,16,16
MattLight28NWE2006,Matt Light,2006,ol,28,25-28,NWE,4,197,16,16
MattLight29NWE2007,Matt Light,2007,ol,29,29-32,NWE,4,197,16,16
MattLight30NWE2008,Matt Light,2008,ol,30,29-32,NWE,4,197,16,16
MattLight32NWE2010,Matt Light,2010,ol,32,29-32,NWE,4,197,16,16
RyanLilja26IND2007,Ryan Lilja,2007,ol,26,25-28,IND,Undrafted,Undrafted,16,16
RyanLilja28IND2009,Ryan Lilja,2009,ol,28,25-28,IND,Undrafted,Undrafted,16,16
RyanLilja24IND2005,Ryan Lilja,2005,ol,24,< 24,IND,Undrafted,Undrafted,16,16
EverettLindsay30CLE2000,Everett Lindsay,2000,ol,30,29-32,CLE,7,39,16,16
JeffLinkenbach24IND2011,Jeff Linkenbach,2011,ol,24,< 24,IND,Undrafted,Undrafted,16,16
CoreyLinsley23GNB2014,Corey Linsley,2014,ol,23,< 24,GNB,7,69,16,16
CoreyLinsley26GNB2017,Corey Linsley,2017,ol,26,25-28,GNB,7,69,16,16
NateLivings28CIN2010,Nate Livings,2010,ol,28,25-28,CIN,Undrafted,Undrafted,16,16
NateLivings292TM2011,Nate Livings,2011,ol,29,29-32,2TM,Undrafted,Undrafted,16,16
NateLivings30DAL2012,Nate Livings,2012,ol,30,29-32,DAL,Undrafted,Undrafted,16,16
ChrisLiwienski27MIN2002,Chris Liwienski,2002,ol,27,25-28,MIN,9,117,16,16
ChrisLiwienski28MIN2003,Chris Liwienski,2003,ol,28,25-28,MIN,9,117,16,16
ChrisLiwienski29MIN2004,Chris Liwienski,2004,ol,29,29-32,MIN,9,117,16,16
ChrisLiwienski26MIN2001,Chris Liwienski,2001,ol,26,25-28,MIN,9,117,16,16
PhilLoadholt24MIN2010,Phil Loadholt,2010,ol,24,< 24,MIN,4,204,16,16
PhilLoadholt25MIN2011,Phil Loadholt,2011,ol,25,25-28,MIN,4,204,16,16
PhilLoadholt26MIN2012,Phil Loadholt,2012,ol,26,25-28,MIN,4,204,16,16
SeanLocklear24SEA2005,Sean Locklear,2005,ol,24,< 24,SEA,5,236,16,16
SeanLocklear26SEA2007,Sean Locklear,2007,ol,26,25-28,SEA,5,236,16,16
JakeLong23MIA2008,Jake Long,2008,ol,23,< 24,MIA,1,2,16,16
JakeLong24MIA2009,Jake Long,2009,ol,24,< 24,MIA,1,2,16,16
JakeLong25MIA2010,Jake Long,2010,ol,25,25-28,MIA,1,2,16,16
KevinLong25TEN2000,Kevin Long,2000,ol,25,25-28,TEN,9,140,16,16
KyleLong25CHI2013,Kyle Long,2013,ol,25,25-28,CHI,1,109,16,16
KyleLong27CHI2015,Kyle Long,2015,ol,27,25-28,CHI,1,109,16,16
DeuceLutui25ARI2008,Deuce Lutui,2008,ol,25,25-28,ARI,4,190,16,16
DeuceLutui26ARI2009,Deuce Lutui,2009,ol,26,25-28,ARI,4,190,16,16
DeuceLutui27ARI2010,Deuce Lutui,2010,ol,27,25-28,ARI,4,190,16,16
AlexMack30CLE2015,Alex Mack,2015,ol,30,29-32,CLE,1,120,16,16
AlexMack31ATL2016,Alex Mack,2016,ol,31,29-32,ATL,1,120,16,16
AlexMack32ATL2017,Alex Mack,2017,ol,32,29-32,ATL,1,120,16,16
AlexMack24CLE2009,Alex Mack,2009,ol,24,< 24,CLE,1,120,16,16
AlexMack25CLE2010,Alex Mack,2010,ol,25,25-28,CLE,1,120,16,16
AlexMack26CLE2011,Alex Mack,2011,ol,26,25-28,CLE,1,120,16,16
AlexMack27CLE2012,Alex Mack,2012,ol,27,25-28,CLE,1,120,16,16
AlexMack28CLE2013,Alex Mack,2013,ol,28,25-28,CLE,1,120,16,16
SeanMahan25TAM2005,Sean Mahan,2005,ol,25,25-28,TAM,7,75,16,16
SeanMahan27PIT2007,Sean Mahan,2007,ol,27,25-28,PIT,7,75,16,16
GregMancz24HOU2016,Greg Mancz,2016,ol,24,< 24,HOU,Undrafted,Undrafted,16,16
NickMangold22NYJ2006,Nick Mangold,2006,ol,22,< 24,NYJ,1,174,16,16
NickMangold23NYJ2007,Nick Mangold,2007,ol,23,< 24,NYJ,1,174,16,16
NickMangold24NYJ2008,Nick Mangold,2008,ol,24,< 24,NYJ,1,174,16,16
NickMangold25NYJ2009,Nick Mangold,2009,ol,25,25-28,NYJ,1,174,16,16
NickMangold26NYJ2010,Nick Mangold,2010,ol,26,25-28,NYJ,1,174,16,16
NickMangold28NYJ2012,Nick Mangold,2012,ol,28,25-28,NYJ,1,174,16,16
NickMangold29NYJ2013,Nick Mangold,2013,ol,29,29-32,NYJ,1,174,16,16
LoganMankins23NWE2005,Logan Mankins,2005,ol,23,< 24,NWE,1,180,16,16
LoganMankins24NWE2006,Logan Mankins,2006,ol,24,< 24,NWE,1,180,16,16
LoganMankins25NWE2007,Logan Mankins,2007,ol,25,25-28,NWE,1,180,16,16
LoganMankins26NWE2008,Logan Mankins,2008,ol,26,25-28,NWE,1,180,16,16
LoganMankins27NWE2009,Logan Mankins,2009,ol,27,25-28,NWE,1,180,16,16
LoganMankins31NWE2013,Logan Mankins,2013,ol,31,29-32,NWE,1,180,16,16
LoganMankins32TAM2014,Logan Mankins,2014,ol,32,29-32,TAM,1,180,16,16
VinceManuwai24JAX2004,Vince Manuwai,2004,ol,24,< 24,JAX,5,223,16,16
VinceManuwai25JAX2005,Vince Manuwai,2005,ol,25,25-28,JAX,5,223,16,16
VinceManuwai26JAX2006,Vince Manuwai,2006,ol,26,25-28,JAX,5,223,16,16
VinceManuwai29JAX2009,Vince Manuwai,2009,ol,29,29-32,JAX,5,223,16,16
AliMarpet23TAM2016,Ali Marpet,2016,ol,23,< 24,TAM,4,212,16,16
JonathanMartin23MIA2012,Jonathan Martin,2012,ol,23,< 24,MIA,4,191,16,16
ZackMartin24DAL2014,Zack Martin,2014,ol,24,< 24,DAL,1,67,16,16
ZackMartin25DAL2015,Zack Martin,2015,ol,25,25-28,DAL,1,67,16,16
ZackMartin26DAL2016,Zack Martin,2016,ol,26,25-28,DAL,1,67,16,16
ZackMartin27DAL2017,Zack Martin,2017,ol,27,25-28,DAL,1,67,16,16
ShaqMason24NWE2017,Shaq Mason,2017,ol,24,< 24,NWE,6,37,16,16
BobbyMassie23ARI2012,Bobby Massie,2012,ol,23,< 24,ARI,6,16,16,16
BobbyMassie25ARI2014,Bobby Massie,2014,ol,25,25-28,ARI,6,16,16,16
EvanMathis31PHI2012,Evan Mathis,2012,ol,31,29-32,PHI,5,230,16,16
EvanMathis32PHI2013,Evan Mathis,2013,ol,32,29-32,PHI,5,230,16,16
BruceMatthews*39TEN2000,Bruce Matthews*,2000,ol,39,32+,TEN,1,242,16,16
BruceMatthews*40TEN2001,Bruce Matthews*,2001,ol,40,32+,TEN,1,242,16,16
JakeMatthews23ATL2015,Jake Matthews,2015,ol,23,< 24,ATL,1,210,16,16
JakeMatthews24ATL2016,Jake Matthews,2016,ol,24,< 24,ATL,1,210,16,16
JakeMatthews25ATL2017,Jake Matthews,2017,ol,25,25-28,ATL,1,210,16,16
KevinMawae38TEN2009,Kevin Mawae,2009,ol,38,32+,TEN,4,184,16,16
KevinMawae29NYJ2000,Kevin Mawae,2000,ol,29,29-32,NYJ,4,184,16,16
KevinMawae30NYJ2001,Kevin Mawae,2001,ol,30,29-32,NYJ,4,184,16,16
KevinMawae31NYJ2002,Kevin Mawae,2002,ol,31,29-32,NYJ,4,184,16,16
KevinMawae32NYJ2003,Kevin Mawae,2003,ol,32,29-32,NYJ,4,184,16,16
KevinMawae33NYJ2004,Kevin Mawae,2004,ol,33,32+,NYJ,4,184,16,16
KevinMawae35TEN2006,Kevin Mawae,2006,ol,35,32+,TEN,4,184,16,16
JermaneMayberry27PHI2000,Jermane Mayberry,2000,ol,27,25-28,PHI,1,161,16,16
JermaneMayberry29PHI2002,Jermane Mayberry,2002,ol,29,29-32,PHI,1,161,16,16
ToddMcClure33ATL2010,Todd McClure,2010,ol,33,32+,ATL,9,148,16,16
ToddMcClure35ATL2012,Todd McClure,2012,ol,35,32+,ATL,9,148,16,16
ToddMcClure25ATL2002,Todd McClure,2002,ol,25,25-28,ATL,9,148,16,16
ToddMcClure26ATL2003,Todd McClure,2003,ol,26,25-28,ATL,9,148,16,16
ToddMcClure27ATL2004,Todd McClure,2004,ol,27,25-28,ATL,9,148,16,16
ToddMcClure28ATL2005,Todd McClure,2005,ol,28,25-28,ATL,9,148,16,16
ToddMcClure29ATL2006,Todd McClure,2006,ol,29,29-32,ATL,9,148,16,16
ToddMcClure30ATL2007,Todd McClure,2007,ol,30,29-32,ATL,9,148,16,16
ToddMcClure31ATL2008,Todd McClure,2008,ol,31,29-32,ATL,9,148,16,16
ToddMcClure32ATL2009,Todd McClure,2009,ol,32,29-32,ATL,9,148,16,16
AndyMcCollum30STL2000,Andy McCollum,2000,ol,30,29-32,STL,Undrafted,Undrafted,16,16
AndyMcCollum31STL2001,Andy McCollum,2001,ol,31,29-32,STL,Undrafted,Undrafted,16,16
AndyMcCollum32STL2002,Andy McCollum,2002,ol,32,29-32,STL,Undrafted,Undrafted,16,16
AndyMcCollum33STL2003,Andy McCollum,2003,ol,33,32+,STL,Undrafted,Undrafted,16,16
AndyMcCollum34STL2004,Andy McCollum,2004,ol,34,32+,STL,Undrafted,Undrafted,16,16
AndyMcCollum35STL2005,Andy McCollum,2005,ol,35,32+,STL,Undrafted,Undrafted,16,16
RandallMcDaniel*37TAM2001,Randall McDaniel*,2001,ol,37,32+,TAM,1,99,16,16
RandallMcDaniel*36TAM2000,Randall McDaniel*,2000,ol,36,32+,TAM,1,99,16,16
StockarMcDougle26DET2003,Stockar McDougle,2003,ol,26,25-28,DET,1,109,16,16
StockarMcDougle27DET2004,Stockar McDougle,2004,ol,27,25-28,DET,1,109,16,16
MikeMcGlynn27IND2012,Mike McGlynn,2012,ol,27,25-28,IND,6,12,16,16
DamionMcIntosh28MIA2005,Damion McIntosh,2005,ol,28,25-28,MIA,5,235,16,16
DamionMcIntosh31KAN2008,Damion McIntosh,2008,ol,31,29-32,KAN,5,235,16,16
KareemMcKenzie28NYG2007,Kareem McKenzie,2007,ol,28,25-28,NYG,5,230,16,16
KareemMcKenzie29NYG2008,Kareem McKenzie,2008,ol,29,29-32,NYG,5,230,16,16
KareemMcKenzie31NYG2010,Kareem McKenzie,2010,ol,31,29-32,NYG,5,230,16,16
KareemMcKenzie32NYG2011,Kareem McKenzie,2011,ol,32,29-32,NYG,5,230,16,16
KareemMcKenzie23NYJ2002,Kareem McKenzie,2002,ol,23,< 24,NYJ,5,230,16,16
KareemMcKenzie24NYJ2003,Kareem McKenzie,2003,ol,24,< 24,NYJ,5,230,16,16
KareemMcKenzie25NYJ2004,Kareem McKenzie,2004,ol,25,25-28,NYJ,5,230,16,16
SethMcKinney25MIA2004,Seth McKinney,2004,ol,25,25-28,MIA,5,243,16,16
SteveMcKinney30HOU2005,Steve McKinney,2005,ol,30,29-32,HOU,6,246,16,16
SteveMcKinney25IND2000,Steve McKinney,2000,ol,25,25-28,IND,6,246,16,16
SteveMcKinney27HOU2002,Steve McKinney,2002,ol,27,25-28,HOU,6,246,16,16
SteveMcKinney28HOU2003,Steve McKinney,2003,ol,28,25-28,HOU,6,246,16,16
SteveMcKinney29HOU2004,Steve McKinney,2004,ol,29,29-32,HOU,6,246,16,16
BryantMcKinnie24MIN2003,Bryant McKinnie,2003,ol,24,< 24,MIN,1,220,16,16
BryantMcKinnie25MIN2004,Bryant McKinnie,2004,ol,25,25-28,MIN,1,220,16,16
BryantMcKinnie26MIN2005,Bryant McKinnie,2005,ol,26,25-28,MIN,1,220,16,16
BryantMcKinnie27MIN2006,Bryant McKinnie,2006,ol,27,25-28,MIN,1,220,16,16
BryantMcKinnie28MIN2007,Bryant McKinnie,2007,ol,28,25-28,MIN,1,220,16,16
BryantMcKinnie30MIN2009,Bryant McKinnie,2009,ol,30,29-32,MIN,1,220,16,16
BryantMcKinnie31MIN2010,Bryant McKinnie,2010,ol,31,29-32,MIN,1,220,16,16
BryantMcKinnie32BAL2011,Bryant McKinnie,2011,ol,32,29-32,BAL,1,220,16,16
MarcusMcNeill23SDG2006,Marcus McNeill,2006,ol,23,< 24,SDG,4,200,16,16
MarcusMcNeill24SDG2007,Marcus McNeill,2007,ol,24,< 24,SDG,4,200,16,16
MarcusMcNeill26SDG2009,Marcus McNeill,2009,ol,26,25-28,SDG,4,200,16,16
PaulMcQuistan29SEA2012,Paul McQuistan,2012,ol,29,29-32,SEA,5,219,16,16
AdamMeadows26IND2000,Adam Meadows,2000,ol,26,25-28,IND,4,197,16,16
BradMeester26JAX2003,Brad Meester,2003,ol,26,25-28,JAX,4,211,16,16
BradMeester27JAX2004,Brad Meester,2004,ol,27,25-28,JAX,4,211,16,16
BradMeester29JAX2006,Brad Meester,2006,ol,29,29-32,JAX,4,211,16,16
BradMeester32JAX2009,Brad Meester,2009,ol,32,29-32,JAX,4,211,16,16
BradMeester33JAX2010,Brad Meester,2010,ol,33,32+,JAX,4,211,16,16
BradMeester34JAX2011,Brad Meester,2011,ol,34,32+,JAX,4,211,16,16
BradMeester35JAX2012,Brad Meester,2012,ol,35,32+,JAX,4,211,16,16
BradMeester36JAX2013,Brad Meester,2013,ol,36,32+,JAX,4,211,16,16
BradMeester23JAX2000,Brad Meester,2000,ol,23,< 24,JAX,4,211,16,16
BradMeester24JAX2001,Brad Meester,2001,ol,24,< 24,JAX,4,211,16,16
BradMeester25JAX2002,Brad Meester,2002,ol,25,25-28,JAX,4,211,16,16
JackMewhort24IND2015,Jack Mewhort,2015,ol,24,< 24,IND,4,209,16,16
FrankMiddleton26TAM2000,Frank Middleton,2000,ol,26,25-28,TAM,5,213,16,16
FrankMiddleton28OAK2002,Frank Middleton,2002,ol,28,25-28,OAK,5,213,16,16
BubbaMiller27PHI2000,Bubba Miller,2000,ol,27,25-28,PHI,Undrafted,Undrafted,16,16
FredMiller27TEN2000,Fred Miller,2000,ol,27,25-28,TEN,7,48,16,16
FredMiller28TEN2001,Fred Miller,2001,ol,28,25-28,TEN,7,48,16,16
FredMiller29TEN2002,Fred Miller,2002,ol,29,29-32,TEN,7,48,16,16
FredMiller30TEN2003,Fred Miller,2003,ol,30,29-32,TEN,7,48,16,16
FredMiller31TEN2004,Fred Miller,2004,ol,31,29-32,TEN,7,48,16,16
FredMiller33CHI2006,Fred Miller,2006,ol,33,32+,CHI,7,48,16,16
JohnMiller23BUF2016,John Miller,2016,ol,23,< 24,BUF,5,233,16,16
JordanMills23CHI2013,Jordan Mills,2013,ol,23,< 24,CHI,7,71,16,16
JordanMills26BUF2016,Jordan Mills,2016,ol,26,25-28,BUF,7,71,16,16
JordanMills27BUF2017,Jordan Mills,2017,ol,27,25-28,BUF,7,71,16,16
JeffMitchell28CAR2002,Jeff Mitchell,2002,ol,28,25-28,CAR,7,40,16,16
JeffMitchell30CAR2004,Jeff Mitchell,2004,ol,30,29-32,CAR,7,40,16,16
JeffMitchell31CAR2005,Jeff Mitchell,2005,ol,31,29-32,CAR,7,40,16,16
EugeneMonroe25JAX2012,Eugene Monroe,2012,ol,25,25-28,JAX,1,231,16,16
WillMontgomery28WAS2011,Will Montgomery,2011,ol,28,25-28,WAS,9,146,16,16
WillMontgomery29WAS2012,Will Montgomery,2012,ol,29,29-32,WAS,9,146,16,16
WillMontgomery30WAS2013,Will Montgomery,2013,ol,30,29-32,WAS,9,146,16,16
BrandonMoore32NYJ2012,Brandon Moore,2012,ol,32,29-32,NYJ,Undrafted,Undrafted,16,16
BrandonMoore25NYJ2005,Brandon Moore,2005,ol,25,25-28,NYJ,Undrafted,Undrafted,16,16
BrandonMoore26NYJ2006,Brandon Moore,2006,ol,26,25-28,NYJ,Undrafted,Undrafted,16,16
BrandonMoore27NYJ2007,Brandon Moore,2007,ol,27,25-28,NYJ,Undrafted,Undrafted,16,16
BrandonMoore28NYJ2008,Brandon Moore,2008,ol,28,25-28,NYJ,Undrafted,Undrafted,16,16
BrandonMoore29NYJ2009,Brandon Moore,2009,ol,29,29-32,NYJ,Undrafted,Undrafted,16,16
BrandonMoore30NYJ2010,Brandon Moore,2010,ol,30,29-32,NYJ,Undrafted,Undrafted,16,16
BrandonMoore31NYJ2011,Brandon Moore,2011,ol,31,29-32,NYJ,Undrafted,Undrafted,16,16
LarryMoore25IND2000,Larry Moore,2000,ol,25,25-28,IND,Undrafted,Undrafted,16,16
LarryMoore27WAS2002,Larry Moore,2002,ol,27,25-28,WAS,Undrafted,Undrafted,16,16
MitchMorse24KAN2016,Mitch Morse,2016,ol,24,< 24,KAN,4,198,16,16
MorganMoses24WAS2015,Morgan Moses,2015,ol,24,< 24,WAS,5,216,16,16
MorganMoses25WAS2016,Morgan Moses,2016,ol,25,25-28,WAS,5,216,16,16
MorganMoses26WAS2017,Morgan Moses,2017,ol,26,25-28,WAS,5,216,16,16
EdwinMulitalo26BAL2000,Edwin Mulitalo,2000,ol,26,25-28,BAL,6,34,16,16
ChrisMyers26DEN2007,Chris Myers,2007,ol,26,25-28,DEN,8,110,16,16
ChrisMyers27HOU2008,Chris Myers,2008,ol,27,25-28,HOU,8,110,16,16
ChrisMyers28HOU2009,Chris Myers,2009,ol,28,25-28,HOU,8,110,16,16
ChrisMyers29HOU2010,Chris Myers,2010,ol,29,29-32,HOU,8,110,16,16
ChrisMyers30HOU2011,Chris Myers,2011,ol,30,29-32,HOU,8,110,16,16
ChrisMyers31HOU2012,Chris Myers,2012,ol,31,29-32,HOU,8,110,16,16
ChrisMyers32HOU2013,Chris Myers,2013,ol,32,29-32,HOU,8,110,16,16
ChrisMyers33HOU2014,Chris Myers,2014,ol,33,32+,HOU,8,110,16,16
ChrisNaeole29JAX2003,Chris Naeole,2003,ol,29,29-32,JAX,1,3,16,16
ChrisNaeole30JAX2004,Chris Naeole,2004,ol,30,29-32,JAX,1,3,16,16
ChrisNaeole32JAX2006,Chris Naeole,2006,ol,32,29-32,JAX,1,3,16,16
ChrisNaeole26NOR2000,Chris Naeole,2000,ol,26,25-28,NOR,1,3,16,16
ChrisNaeole27NOR2001,Chris Naeole,2001,ol,27,25-28,NOR,1,3,16,16
ChrisNaeole28JAX2002,Chris Naeole,2002,ol,28,25-28,JAX,1,3,16,16
JamieNails25BUF2000,Jamie Nails,2000,ol,25,25-28,BUF,6,25,16,16
TomNalen29DEN2000,Tom Nalen,2000,ol,29,29-32,DEN,9,128,16,16
TomNalen30DEN2001,Tom Nalen,2001,ol,30,29-32,DEN,9,128,16,16
TomNalen32DEN2003,Tom Nalen,2003,ol,32,29-32,DEN,9,128,16,16
TomNalen33DEN2004,Tom Nalen,2004,ol,33,32+,DEN,9,128,16,16
TomNalen34DEN2005,Tom Nalen,2005,ol,34,32+,DEN,9,128,16,16
TomNalen35DEN2006,Tom Nalen,2006,ol,35,32+,DEN,9,128,16,16
SteveNeal29NWE2005,Steve Neal,2005,ol,29,29-32,NWE,Undrafted,Undrafted,16,16
DanNeil27DEN2000,Dan Neil,2000,ol,27,25-28,DEN,5,217,16,16
DanNeil29DEN2002,Dan Neil,2002,ol,29,29-32,DEN,5,217,16,16
JamarNesbit24CAR2000,Jamar Nesbit,2000,ol,24,< 24,CAR,Undrafted,Undrafted,16,16
JamarNesbit25CAR2001,Jamar Nesbit,2001,ol,25,25-28,CAR,Undrafted,Undrafted,16,16
JamarNesbit30NOR2006,Jamar Nesbit,2006,ol,30,29-32,NOR,Undrafted,Undrafted,16,16
JamarNesbit31NOR2007,Jamar Nesbit,2007,ol,31,29-32,NOR,Undrafted,Undrafted,16,16
JeremyNewberry24SFO2000,Jeremy Newberry,2000,ol,24,< 24,SFO,4,208,16,16
JeremyNewberry26SFO2002,Jeremy Newberry,2002,ol,26,25-28,SFO,4,208,16,16
JeremyNewberry27SFO2003,Jeremy Newberry,2003,ol,27,25-28,SFO,4,208,16,16
MarshallNewhouse24GNB2012,Marshall Newhouse,2012,ol,24,< 24,GNB,7,76,16,16
DerekNewton26HOU2013,Derek Newton,2013,ol,26,25-28,HOU,9,124,16,16
DerekNewton27HOU2014,Derek Newton,2014,ol,27,25-28,HOU,9,124,16,16
DerekNewton28HOU2015,Derek Newton,2015,ol,28,25-28,HOU,9,124,16,16
CarlNicks24NOR2009,Carl Nicks,2009,ol,24,< 24,NOR,7,72,16,16
CarlNicks25NOR2010,Carl Nicks,2010,ol,25,25-28,NOR,7,72,16,16
CarlNicks26NOR2011,Carl Nicks,2011,ol,26,25-28,NOR,7,72,16,16
RudyNiswanger27KAN2009,Rudy Niswanger,2009,ol,27,25-28,KAN,Undrafted,Undrafted,16,16
AndrewNorwell25CAR2016,Andrew Norwell,2016,ol,25,25-28,CAR,Undrafted,Undrafted,16,16
AndrewNorwell26CAR2017,Andrew Norwell,2017,ol,26,25-28,CAR,Undrafted,Undrafted,16,16
TomNutten29STL2000,Tom Nutten,2000,ol,29,29-32,STL,9,132,16,16
UcheNwaneri26JAX2010,Uche Nwaneri,2010,ol,26,25-28,JAX,7,55,16,16
UcheNwaneri27JAX2011,Uche Nwaneri,2011,ol,27,25-28,JAX,7,55,16,16
UcheNwaneri29JAX2013,Uche Nwaneri,2013,ol,29,29-32,JAX,7,55,16,16
MattO'Dwyer30CIN2002,Matt O'Dwyer,2002,ol,30,29-32,CIN,4,181,16,16
ShaunO'Hara28NYG2005,Shaun O'Hara,2005,ol,28,25-28,NYG,Undrafted,Undrafted,16,16
ShaunO'Hara30NYG2007,Shaun O'Hara,2007,ol,30,29-32,NYG,Undrafted,Undrafted,16,16
ShaunO'Hara31NYG2008,Shaun O'Hara,2008,ol,31,29-32,NYG,Undrafted,Undrafted,16,16
ShaunO'Hara32NYG2009,Shaun O'Hara,2009,ol,32,29-32,NYG,Undrafted,Undrafted,16,16
ShaunO'Hara25CLE2002,Shaun O'Hara,2002,ol,25,25-28,CLE,Undrafted,Undrafted,16,16
RomanOben32SDG2004,Roman Oben,2004,ol,32,29-32,SDG,5,216,16,16
RomanOben28CLE2000,Roman Oben,2000,ol,28,25-28,CLE,5,216,16,16
RomanOben30TAM2002,Roman Oben,2002,ol,30,29-32,TAM,5,216,16,16
JonathanOgden*27BAL2001,Jonathan Ogden*,2001,ol,27,25-28,BAL,1,188,16,16
JonathanOgden*28BAL2002,Jonathan Ogden*,2002,ol,28,25-28,BAL,1,188,16,16
JonathanOgden*29BAL2003,Jonathan Ogden*,2003,ol,29,29-32,BAL,1,188,16,16
JonathanOgden*31BAL2005,Jonathan Ogden*,2005,ol,31,29-32,BAL,1,188,16,16
MichaelOher23BAL2009,Michael Oher,2009,ol,23,< 24,BAL,1,141,16,16
MichaelOher24BAL2010,Michael Oher,2010,ol,24,< 24,BAL,1,141,16,16
MichaelOher25BAL2011,Michael Oher,2011,ol,25,25-28,BAL,1,141,16,16
MichaelOher26BAL2012,Michael Oher,2012,ol,26,25-28,BAL,1,141,16,16
MichaelOher27BAL2013,Michael Oher,2013,ol,27,25-28,BAL,1,141,16,16
MichaelOher29CAR2015,Michael Oher,2015,ol,29,29-32,CAR,1,141,16,16
RussellOkung29DEN2016,Russell Okung,2016,ol,29,29-32,DEN,1,210,16,16
ShaneOlivea23SDG2004,Shane Olivea,2004,ol,23,< 24,SDG,9,119,16,16
ShaneOlivea25SDG2006,Shane Olivea,2006,ol,25,25-28,SDG,9,119,16,16
BenjiOlson25TEN2000,Benji Olson,2000,ol,25,25-28,TEN,7,45,16,16
BenjiOlson26TEN2001,Benji Olson,2001,ol,26,25-28,TEN,7,45,16,16
BenjiOlson27TEN2002,Benji Olson,2002,ol,27,25-28,TEN,7,45,16,16
BenjiOlson28TEN2003,Benji Olson,2003,ol,28,25-28,TEN,7,45,16,16
BenjiOlson30TEN2005,Benji Olson,2005,ol,30,29-32,TEN,7,45,16,16
PatrickOmameh25TAM2014,Patrick Omameh,2014,ol,25,25-28,TAM,Undrafted,Undrafted,16,16
FrankOmiyale28CHI2010,Frank Omiyale,2010,ol,28,25-28,CHI,7,71,16,16
KelechiOsemele28OAK2017,Kelechi Osemele,2017,ol,28,25-28,OAK,4,211,16,16
KelechiOsemele23BAL2012,Kelechi Osemele,2012,ol,23,< 24,BAL,4,211,16,16
JerryOstroski30BUF2000,Jerry Ostroski,2000,ol,30,29-32,BUF,2,171,16,16
OrlandoPace*25STL2000,Orlando Pace*,2000,ol,25,25-28,STL,1,2,16,16
OrlandoPace*26STL2001,Orlando Pace*,2001,ol,26,25-28,STL,1,2,16,16
OrlandoPace*28STL2003,Orlando Pace*,2003,ol,28,25-28,STL,1,2,16,16
OrlandoPace*29STL2004,Orlando Pace*,2004,ol,29,29-32,STL,1,2,16,16
OrlandoPace*30STL2005,Orlando Pace*,2005,ol,30,29-32,STL,1,2,16,16
SolomonPage24DAL2000,Solomon Page,2000,ol,24,< 24,DAL,4,205,16,16
MattParadis27DEN2016,Matt Paradis,2016,ol,27,25-28,DEN,8,117,16,16
MattParadis28DEN2017,Matt Paradis,2017,ol,28,25-28,DEN,8,117,16,16
MattParadis26DEN2015,Matt Paradis,2015,ol,26,25-28,DEN,8,117,16,16
VaughnParker29SDG2000,Vaughn Parker,2000,ol,29,29-32,SDG,4,213,16,16
VaughnParker30SDG2001,Vaughn Parker,2001,ol,30,29-32,SDG,4,213,16,16
JermeyParnell30JAX2016,Jermey Parnell,2016,ol,30,29-32,JAX,Undrafted,Undrafted,16,16
TonyPashos26BAL2006,Tony Pashos,2006,ol,26,25-28,BAL,7,81,16,16
TonyPashos28JAX2008,Tony Pashos,2008,ol,28,25-28,JAX,7,81,16,16
AustinPasztor26CLE2016,Austin Pasztor,2016,ol,26,25-28,CLE,Undrafted,Undrafted,16,16
ErikPears31BUF2013,Erik Pears,2013,ol,31,29-32,BUF,Undrafted,Undrafted,16,16
ErikPears32BUF2014,Erik Pears,2014,ol,32,29-32,BUF,Undrafted,Undrafted,16,16
ErikPears33SFO2015,Erik Pears,2015,ol,33,32+,SFO,Undrafted,Undrafted,16,16
ErikPears25DEN2007,Erik Pears,2007,ol,25,25-28,DEN,Undrafted,Undrafted,16,16
ErikPears29BUF2011,Erik Pears,2011,ol,29,29-32,BUF,Undrafted,Undrafted,16,16
MikePearson23JAX2003,Mike Pearson,2003,ol,23,< 24,JAX,4,189,16,16
DonaldPenn25TAM2008,Donald Penn,2008,ol,25,25-28,TAM,Undrafted,Undrafted,16,16
DonaldPenn26TAM2009,Donald Penn,2009,ol,26,25-28,TAM,Undrafted,Undrafted,16,16
DonaldPenn27TAM2010,Donald Penn,2010,ol,27,25-28,TAM,Undrafted,Undrafted,16,16
DonaldPenn28TAM2011,Donald Penn,2011,ol,28,25-28,TAM,Undrafted,Undrafted,16,16
DonaldPenn29TAM2012,Donald Penn,2012,ol,29,29-32,TAM,Undrafted,Undrafted,16,16
DonaldPenn30TAM2013,Donald Penn,2013,ol,30,29-32,TAM,Undrafted,Undrafted,16,16
DonaldPenn31OAK2014,Donald Penn,2014,ol,31,29-32,OAK,Undrafted,Undrafted,16,16
DonaldPenn32OAK2015,Donald Penn,2015,ol,32,29-32,OAK,Undrafted,Undrafted,16,16
DonaldPenn33OAK2016,Donald Penn,2016,ol,33,32+,OAK,Undrafted,Undrafted,16,16
ToddPerry32MIA2002,Todd Perry,2002,ol,32,29-32,MIA,6,250,16,16
ToddPerry30CHI2000,Todd Perry,2000,ol,30,29-32,CHI,6,250,16,16
ToddPerry31MIA2001,Todd Perry,2001,ol,31,29-32,MIA,6,250,16,16
StephenPeterman28DET2010,Stephen Peterman,2010,ol,28,25-28,DET,5,235,16,16
StephenPeterman29DET2011,Stephen Peterman,2011,ol,29,29-32,DET,5,235,16,16
StephenPeterman30DET2012,Stephen Peterman,2012,ol,30,29-32,DET,5,235,16,16
JasonPeters32PHI2014,Jason Peters,2014,ol,32,29-32,PHI,Undrafted,Undrafted,16,16
JasonPeters34PHI2016,Jason Peters,2016,ol,34,32+,PHI,Undrafted,Undrafted,16,16
JasonPeters24BUF2006,Jason Peters,2006,ol,24,< 24,BUF,Undrafted,Undrafted,16,16
JasonPeters31PHI2013,Jason Peters,2013,ol,31,29-32,PHI,Undrafted,Undrafted,16,16
LukePetitgout26NYG2002,Luke Petitgout,2002,ol,26,25-28,NYG,1,99,16,16
LukePetitgout28NYG2004,Luke Petitgout,2004,ol,28,25-28,NYG,1,99,16,16
LukePetitgout24NYG2000,Luke Petitgout,2000,ol,24,< 24,NYG,1,99,16,16
LukePetitgout25NYG2001,Luke Petitgout,2001,ol,25,25-28,NYG,1,99,16,16
RobPetitti23DAL2005,Rob Petitti,2005,ol,23,< 24,DAL,8,119,16,16
ZachPiller27TEN2003,Zach Piller,2003,ol,27,25-28,TEN,5,233,16,16
ZachPiller29TEN2005,Zach Piller,2005,ol,29,29-32,TEN,5,233,16,16
JasonPinkston24CLE2011,Jason Pinkston,2011,ol,24,< 24,CLE,7,57,16,16
ChesterPitts28HOU2007,Chester Pitts,2007,ol,28,25-28,HOU,4,200,16,16
ChesterPitts29HOU2008,Chester Pitts,2008,ol,29,29-32,HOU,4,200,16,16
ChesterPitts23HOU2002,Chester Pitts,2002,ol,23,< 24,HOU,4,200,16,16
ChesterPitts24HOU2003,Chester Pitts,2003,ol,24,< 24,HOU,4,200,16,16
ChesterPitts25HOU2004,Chester Pitts,2004,ol,25,25-28,HOU,4,200,16,16
ChesterPitts26HOU2005,Chester Pitts,2005,ol,26,25-28,HOU,4,200,16,16
ChesterPitts27HOU2006,Chester Pitts,2006,ol,27,25-28,HOU,4,200,16,16
TylerPolumbus28WAS2013,Tyler Polumbus,2013,ol,28,25-28,WAS,Undrafted,Undrafted,16,16
MaurkicePouncey25PIT2014,Maurkice Pouncey,2014,ol,25,25-28,PIT,1,88,16,16
MaurkicePouncey21PIT2010,Maurkice Pouncey,2010,ol,21,< 24,PIT,1,88,16,16
MikePouncey22MIA2011,Mike Pouncey,2011,ol,22,< 24,MIA,1,56,16,16
MikePouncey23MIA2012,Mike Pouncey,2012,ol,23,< 24,MIA,1,56,16,16
MikePouncey28MIA2017,Mike Pouncey,2017,ol,28,25-28,MIA,1,56,16,16
JustinPugh23NYG2013,Justin Pugh,2013,ol,23,< 24,NYG,1,99,16,16
SpencerPulley24LAC2017,Spencer Pulley,2017,ol,24,< 24,LAC,Undrafted,Undrafted,16,16
CaseyRabach27BAL2004,Casey Rabach,2004,ol,27,25-28,BAL,5,245,16,16
CaseyRabach28WAS2005,Casey Rabach,2005,ol,28,25-28,WAS,5,245,16,16
CaseyRabach29WAS2006,Casey Rabach,2006,ol,29,29-32,WAS,5,245,16,16
CaseyRabach31WAS2008,Casey Rabach,2008,ol,31,29-32,WAS,5,245,16,16
CaseyRabach32WAS2009,Casey Rabach,2009,ol,32,29-32,WAS,5,245,16,16
CaseyRabach33WAS2010,Casey Rabach,2010,ol,33,32+,WAS,5,245,16,16
DominicRaiola33DET2011,Dominic Raiola,2011,ol,33,32+,DET,4,200,16,16
DominicRaiola34DET2012,Dominic Raiola,2012,ol,34,32+,DET,4,200,16,16
DominicRaiola35DET2013,Dominic Raiola,2013,ol,35,32+,DET,4,200,16,16
DominicRaiola24DET2002,Dominic Raiola,2002,ol,24,< 24,DET,4,200,16,16
DominicRaiola25DET2003,Dominic Raiola,2003,ol,25,25-28,DET,4,200,16,16
DominicRaiola26DET2004,Dominic Raiola,2004,ol,26,25-28,DET,4,200,16,16
DominicRaiola27DET2005,Dominic Raiola,2005,ol,27,25-28,DET,4,200,16,16
DominicRaiola28DET2006,Dominic Raiola,2006,ol,28,25-28,DET,4,200,16,16
DominicRaiola29DET2007,Dominic Raiola,2007,ol,29,29-32,DET,4,200,16,16
DominicRaiola31DET2009,Dominic Raiola,2009,ol,31,29-32,DET,4,200,16,16
DominicRaiola32DET2010,Dominic Raiola,2010,ol,32,29-32,DET,4,200,16,16
RyanRamczyk23NOR2017,Ryan Ramczyk,2017,ol,23,< 24,NOR,1,180,16,16
ManuelRamirez30DEN2013,Manuel Ramirez,2013,ol,30,29-32,DEN,6,21,16,16
ManuelRamirez31DEN2014,Manuel Ramirez,2014,ol,31,29-32,DEN,6,21,16,16
GregRandall23NWE2001,Greg Randall,2001,ol,23,< 24,NWE,6,32,16,16
GregRandall25HOU2003,Greg Randall,2003,ol,25,25-28,HOU,6,32,16,16
CoryRaymer28WAS2001,Cory Raymer,2001,ol,28,25-28,WAS,4,185,16,16
RileyReiff25DET2013,Riley Reiff,2013,ol,25,25-28,DET,1,141,16,16
RileyReiff27DET2015,Riley Reiff,2015,ol,27,25-28,DET,1,141,16,16
MikeRemmers27CAR2016,Mike Remmers,2016,ol,27,25-28,CAR,Undrafted,Undrafted,16,16
MikeRemmers26CAR2015,Mike Remmers,2015,ol,26,25-28,CAR,Undrafted,Undrafted,16,16
TutanReyes28CAR2005,Tutan Reyes,2005,ol,28,25-28,CAR,7,37,16,16
BarryRichardson26STL2012,Barry Richardson,2012,ol,26,25-28,STL,8,78,16,16
BarryRichardson24KAN2010,Barry Richardson,2010,ol,24,< 24,KAN,8,78,16,16
BarryRichardson25KAN2011,Barry Richardson,2011,ol,25,25-28,KAN,8,78,16,16
SheldonRichardson24NYJ2014,Sheldon Richardson,2014,ol,24,< 24,NYJ,1,35,16,16
WestonRichburg25NYG2016,Weston Richburg,2016,ol,25,25-28,NYG,4,192,16,16
VictorRiley29NOR2003,Victor Riley,2003,ol,29,29-32,NOR,1,170,16,16
VictorRiley26KAN2000,Victor Riley,2000,ol,26,25-28,KAN,1,170,16,16
ChadRinehart29SDG2014,Chad Rinehart,2014,ol,29,29-32,SDG,5,249,16,16
MarcoRivera31GNB2003,Marco Rivera,2003,ol,31,29-32,GNB,8,118,16,16
MarcoRivera32GNB2004,Marco Rivera,2004,ol,32,29-32,GNB,8,118,16,16
MarcoRivera34DAL2006,Marco Rivera,2006,ol,34,32+,DAL,8,118,16,16
MarcoRivera28GNB2000,Marco Rivera,2000,ol,28,25-28,GNB,8,118,16,16
MarcoRivera29GNB2001,Marco Rivera,2001,ol,29,29-32,GNB,8,118,16,16
MarcoRivera30GNB2002,Marco Rivera,2002,ol,30,29-32,GNB,8,118,16,16
WillieRoaf*30NOR2000,Willie Roaf*,2000,ol,30,29-32,NOR,1,231,16,16
WillieRoaf*32KAN2002,Willie Roaf*,2002,ol,32,29-32,KAN,1,231,16,16
WillieRoaf*33KAN2003,Willie Roaf*,2003,ol,33,32+,KAN,1,231,16,16
WillieRoaf*34KAN2004,Willie Roaf*,2004,ol,34,32+,KAN,1,231,16,16
BarretRobbins27OAK2000,Barret Robbins,2000,ol,27,25-28,OAK,4,198,16,16
BarretRobbins29OAK2002,Barret Robbins,2002,ol,29,29-32,OAK,4,198,16,16
GregRobinson23STL2015,Greg Robinson,2015,ol,23,< 24,STL,1,108,16,16
MichaelRoos23TEN2005,Michael Roos,2005,ol,23,< 24,TEN,4,190,16,16
MichaelRoos24TEN2006,Michael Roos,2006,ol,24,< 24,TEN,4,190,16,16
MichaelRoos25TEN2007,Michael Roos,2007,ol,25,25-28,TEN,4,190,16,16
MichaelRoos26TEN2008,Michael Roos,2008,ol,26,25-28,TEN,4,190,16,16
MichaelRoos27TEN2009,Michael Roos,2009,ol,27,25-28,TEN,4,190,16,16
MichaelRoos28TEN2010,Michael Roos,2010,ol,28,25-28,TEN,4,190,16,16
MichaelRoos29TEN2011,Michael Roos,2011,ol,29,29-32,TEN,4,190,16,16
MichaelRoos31TEN2013,Michael Roos,2013,ol,31,29-32,TEN,4,190,16,16
MikeRosenthal25NYG2002,Mike Rosenthal,2002,ol,25,25-28,NYG,7,55,16,16
MikeRosenthal26MIN2003,Mike Rosenthal,2003,ol,26,25-28,MIN,7,55,16,16
OliverRoss30PIT2004,Oliver Ross,2004,ol,30,29-32,PIT,7,44,16,16
RaleighRoundtree26SDG2001,Raleigh Roundtree,2001,ol,26,25-28,SDG,6,12,16,16
TimRuddy28MIA2000,Tim Ruddy,2000,ol,28,25-28,MIA,4,215,16,16
TimRuddy30MIA2002,Tim Ruddy,2002,ol,30,29-32,MIA,4,215,16,16
JonRunyan33PHI2006,Jon Runyan,2006,ol,33,32+,PHI,6,12,16,16
JonRunyan34PHI2007,Jon Runyan,2007,ol,34,32+,PHI,6,12,16,16
JonRunyan35PHI2008,Jon Runyan,2008,ol,35,32+,PHI,6,12,16,16
JonRunyan27PHI2000,Jon Runyan,2000,ol,27,25-28,PHI,6,12,16,16
JonRunyan28PHI2001,Jon Runyan,2001,ol,28,25-28,PHI,6,12,16,16
JonRunyan29PHI2002,Jon Runyan,2002,ol,29,29-32,PHI,6,12,16,16
JonRunyan30PHI2003,Jon Runyan,2003,ol,30,29-32,PHI,6,12,16,16
JonRunyan31PHI2004,Jon Runyan,2004,ol,31,29-32,PHI,6,12,16,16
JonRunyan32PHI2005,Jon Runyan,2005,ol,32,29-32,PHI,6,12,16,16
RodgerSaffold22STL2010,Rodger Saffold,2010,ol,22,< 24,STL,4,181,16,16
RodgerSaffold26STL2014,Rodger Saffold,2014,ol,26,25-28,STL,4,181,16,16
EphraimSalaam26DEN2002,Ephraim Salaam,2002,ol,26,25-28,DEN,9,107,16,16
EphraimSalaam31HOU2007,Ephraim Salaam,2007,ol,31,29-32,HOU,9,107,16,16
ChrisSamuels23WAS2000,Chris Samuels,2000,ol,23,< 24,WAS,1,177,16,16
ChrisSamuels24WAS2001,Chris Samuels,2001,ol,24,< 24,WAS,1,177,16,16
ChrisSamuels27WAS2004,Chris Samuels,2004,ol,27,25-28,WAS,1,177,16,16
ChrisSamuels28WAS2005,Chris Samuels,2005,ol,28,25-28,WAS,1,177,16,16
ChrisSamuels29WAS2006,Chris Samuels,2006,ol,29,29-32,WAS,1,177,16,16
ChrisSamuels30WAS2007,Chris Samuels,2007,ol,30,29-32,WAS,1,177,16,16
SamsonSatele23MIA2007,Samson Satele,2007,ol,23,< 24,MIA,4,211,16,16
SamsonSatele24MIA2008,Samson Satele,2008,ol,24,< 24,MIA,4,211,16,16
SamsonSatele30MIA2014,Samson Satele,2014,ol,30,29-32,MIA,4,211,16,16
JeffSaturday28IND2003,Jeff Saturday,2003,ol,28,25-28,IND,Undrafted,Undrafted,16,16
JeffSaturday30IND2005,Jeff Saturday,2005,ol,30,29-32,IND,Undrafted,Undrafted,16,16
JeffSaturday31IND2006,Jeff Saturday,2006,ol,31,29-32,IND,Undrafted,Undrafted,16,16
JeffSaturday32IND2007,Jeff Saturday,2007,ol,32,29-32,IND,Undrafted,Undrafted,16,16
JeffSaturday34IND2009,Jeff Saturday,2009,ol,34,32+,IND,Undrafted,Undrafted,16,16
JeffSaturday35IND2010,Jeff Saturday,2010,ol,35,32+,IND,Undrafted,Undrafted,16,16
JeffSaturday36IND2011,Jeff Saturday,2011,ol,36,32+,IND,Undrafted,Undrafted,16,16
JeffSaturday25IND2000,Jeff Saturday,2000,ol,25,25-28,IND,Undrafted,Undrafted,16,16
JeffSaturday26IND2001,Jeff Saturday,2001,ol,26,25-28,IND,Undrafted,Undrafted,16,16
JeffSaturday27IND2002,Jeff Saturday,2002,ol,27,25-28,IND,Undrafted,Undrafted,16,16
BrandonScherff25WAS2016,Brandon Scherff,2016,ol,25,25-28,WAS,1,199,16,16
BrandonScherff24WAS2015,Brandon Scherff,2015,ol,24,< 24,WAS,1,199,16,16
MichaelSchofield26DEN2016,Michael Schofield,2016,ol,26,25-28,DEN,5,248,16,16
RyanSchraeder27ATL2015,Ryan Schraeder,2015,ol,27,25-28,ATL,Undrafted,Undrafted,16,16
RyanSchraeder28ATL2016,Ryan Schraeder,2016,ol,28,25-28,ATL,Undrafted,Undrafted,16,16
GeoffSchwartz24CAR2010,Geoff Schwartz,2010,ol,24,< 24,CAR,9,153,16,16
MitchellSchwartz23CLE2012,Mitchell Schwartz,2012,ol,23,< 24,CLE,4,185,16,16
MitchellSchwartz24CLE2013,Mitchell Schwartz,2013,ol,24,< 24,CLE,4,185,16,16
MitchellSchwartz25CLE2014,Mitchell Schwartz,2014,ol,25,25-28,CLE,4,185,16,16
MitchellSchwartz26CLE2015,Mitchell Schwartz,2015,ol,26,25-28,CLE,4,185,16,16
MitchellSchwartz27KAN2016,Mitchell Schwartz,2016,ol,27,25-28,KAN,4,185,16,16
MitchellSchwartz28KAN2017,Mitchell Schwartz,2017,ol,28,25-28,KAN,4,185,16,16
WesSchweitzer24ATL2017,Wes Schweitzer,2017,ol,24,< 24,ATL,8,104,16,16
JakeScott24IND2005,Jake Scott,2005,ol,24,< 24,IND,7,48,16,16
JakeScott25IND2006,Jake Scott,2006,ol,25,25-28,IND,7,48,16,16
JakeScott26IND2007,Jake Scott,2007,ol,26,25-28,IND,7,48,16,16
JakeScott27TEN2008,Jake Scott,2008,ol,27,25-28,TEN,7,48,16,16
JakeScott28TEN2009,Jake Scott,2009,ol,28,25-28,TEN,7,48,16,16
JakeScott29TEN2010,Jake Scott,2010,ol,29,29-32,TEN,7,48,16,16
JakeScott30TEN2011,Jake Scott,2011,ol,30,29-32,TEN,7,48,16,16
ArronSears23TAM2007,Arron Sears,2007,ol,23,< 24,TAM,4,183,16,16
LyleSendlein29ARI2013,Lyle Sendlein,2013,ol,29,29-32,ARI,Undrafted,Undrafted,16,16
LyleSendlein30ARI2014,Lyle Sendlein,2014,ol,30,29-32,ARI,Undrafted,Undrafted,16,16
LyleSendlein24ARI2008,Lyle Sendlein,2008,ol,24,< 24,ARI,Undrafted,Undrafted,16,16
LyleSendlein25ARI2009,Lyle Sendlein,2009,ol,25,25-28,ARI,Undrafted,Undrafted,16,16
LyleSendlein26ARI2010,Lyle Sendlein,2010,ol,26,25-28,ARI,Undrafted,Undrafted,16,16
LyleSendlein27ARI2011,Lyle Sendlein,2011,ol,27,25-28,ARI,Undrafted,Undrafted,16,16
RichSeubert23NYG2002,Rich Seubert,2002,ol,23,< 24,NYG,Undrafted,Undrafted,16,16
RichSeubert28NYG2007,Rich Seubert,2007,ol,28,25-28,NYG,Undrafted,Undrafted,16,16
RichSeubert29NYG2008,Rich Seubert,2008,ol,29,29-32,NYG,Undrafted,Undrafted,16,16
RichSeubert31NYG2010,Rich Seubert,2010,ol,31,29-32,NYG,Undrafted,Undrafted,16,16
KevinShaffer25ATL2005,Kevin Shaffer,2005,ol,25,25-28,ATL,9,156,16,16
KevinShaffer26CLE2006,Kevin Shaffer,2006,ol,26,25-28,CLE,9,156,16,16
KevinShaffer27CLE2007,Kevin Shaffer,2007,ol,27,25-28,CLE,9,156,16,16
L.J.Shelton31MIA2007,L.J. Shelton,2007,ol,31,29-32,MIA,1,120,16,16
L.J.Shelton25ARI2001,L.J. Shelton,2001,ol,25,25-28,ARI,1,120,16,16
L.J.Shelton26ARI2002,L.J. Shelton,2002,ol,26,25-28,ARI,1,120,16,16
L.J.Shelton29CLE2005,L.J. Shelton,2005,ol,29,29-32,CLE,1,120,16,16
L.J.Shelton30MIA2006,L.J. Shelton,2006,ol,30,29-32,MIA,1,120,16,16
WillShields*29KAN2000,Will Shields*,2000,ol,29,29-32,KAN,5,225,16,16
WillShields*30KAN2001,Will Shields*,2001,ol,30,29-32,KAN,5,225,16,16
WillShields*31KAN2002,Will Shields*,2002,ol,31,29-32,KAN,5,225,16,16
WillShields*32KAN2003,Will Shields*,2003,ol,32,29-32,KAN,5,225,16,16
WillShields*33KAN2004,Will Shields*,2004,ol,33,32+,KAN,5,225,16,16
WillShields*34KAN2005,Will Shields*,2005,ol,34,32+,KAN,5,225,16,16
WillShields*35KAN2006,Will Shields*,2006,ol,35,32+,KAN,5,225,16,16
A.Q.Shipley30ARI2016,A.Q. Shipley,2016,ol,30,29-32,ARI,9,137,16,16
A.Q.Shipley31ARI2017,A.Q. Shipley,2017,ol,31,29-32,ARI,9,137,16,16
KendallSimmons24PIT2003,Kendall Simmons,2003,ol,24,< 24,PIT,1,178,16,16
KendallSimmons26PIT2005,Kendall Simmons,2005,ol,26,25-28,PIT,1,178,16,16
KendallSimmons28PIT2007,Kendall Simmons,2007,ol,28,25-28,PIT,1,178,16,16
BarrySims29OAK2003,Barry Sims,2003,ol,29,29-32,OAK,Undrafted,Undrafted,16,16
BarrySims30OAK2004,Barry Sims,2004,ol,30,29-32,OAK,Undrafted,Undrafted,16,16
BarrySims31OAK2005,Barry Sims,2005,ol,31,29-32,OAK,Undrafted,Undrafted,16,16
BarrySims33OAK2007,Barry Sims,2007,ol,33,32+,OAK,Undrafted,Undrafted,16,16
RobSims24SEA2007,Rob Sims,2007,ol,24,< 24,SEA,6,33,16,16
RobSims27DET2010,Rob Sims,2010,ol,27,25-28,DET,6,33,16,16
RobSims28DET2011,Rob Sims,2011,ol,28,25-28,DET,6,33,16,16
RobSims29DET2012,Rob Sims,2012,ol,29,29-32,DET,6,33,16,16
RobSims30DET2013,Rob Sims,2013,ol,30,29-32,DET,6,33,16,16
RobSims31DET2014,Rob Sims,2014,ol,31,29-32,DET,6,33,16,16
JoshSitton23GNB2009,Josh Sitton,2009,ol,23,< 24,GNB,6,41,16,16
JoshSitton24GNB2010,Josh Sitton,2010,ol,24,< 24,GNB,6,41,16,16
JoshSitton26GNB2012,Josh Sitton,2012,ol,26,25-28,GNB,6,41,16,16
JoshSitton27GNB2013,Josh Sitton,2013,ol,27,25-28,GNB,6,41,16,16
JoshSitton28GNB2014,Josh Sitton,2014,ol,28,25-28,GNB,6,41,16,16
JoshSitton29GNB2015,Josh Sitton,2015,ol,29,29-32,GNB,6,41,16,16
MattSlauson24NYJ2010,Matt Slauson,2010,ol,24,< 24,NYJ,8,102,16,16
MattSlauson25NYJ2011,Matt Slauson,2011,ol,25,25-28,NYJ,8,102,16,16
MattSlauson26NYJ2012,Matt Slauson,2012,ol,26,25-28,NYJ,8,102,16,16
MattSlauson27CHI2013,Matt Slauson,2013,ol,27,25-28,CHI,8,102,16,16
MattSlauson29CHI2015,Matt Slauson,2015,ol,29,29-32,CHI,8,102,16,16
MattSlauson30SDG2016,Matt Slauson,2016,ol,30,29-32,SDG,8,102,16,16
JustinSmiley24SFO2005,Justin Smiley,2005,ol,24,< 24,SFO,4,195,16,16
JustinSmiley25SFO2006,Justin Smiley,2006,ol,25,25-28,SFO,4,195,16,16
AndreSmith25CIN2012,Andre Smith,2012,ol,25,25-28,CIN,1,210,16,16
BrentSmith30NYJ2003,Brent Smith,2003,ol,30,29-32,NYJ,5,249,16,16
DonovanSmith22TAM2015,Donovan Smith,2015,ol,22,< 24,TAM,4,182,16,16
DonovanSmith23TAM2016,Donovan Smith,2016,ol,23,< 24,TAM,4,182,16,16
DonovanSmith24TAM2017,Donovan Smith,2017,ol,24,< 24,TAM,4,182,16,16
JeffSmith28JAX2001,Jeff Smith,2001,ol,28,25-28,JAX,9,153,16,16
MarvelSmith23PIT2001,Marvel Smith,2001,ol,23,< 24,PIT,4,186,16,16
MarvelSmith24PIT2002,Marvel Smith,2002,ol,24,< 24,PIT,4,186,16,16
MarvelSmith26PIT2004,Marvel Smith,2004,ol,26,25-28,PIT,4,186,16,16
MarvelSmith28PIT2006,Marvel Smith,2006,ol,28,25-28,PIT,4,186,16,16
TyronSmith21DAL2011,Tyron Smith,2011,ol,21,< 24,DAL,1,242,16,16
TyronSmith23DAL2013,Tyron Smith,2013,ol,23,< 24,DAL,1,242,16,16
TyronSmith24DAL2014,Tyron Smith,2014,ol,24,< 24,DAL,1,242,16,16
TyronSmith25DAL2015,Tyron Smith,2015,ol,25,25-28,DAL,1,242,16,16
WadeSmith29HOU2010,Wade Smith,2010,ol,29,29-32,HOU,5,229,16,16
WadeSmith30HOU2011,Wade Smith,2011,ol,30,29-32,HOU,5,229,16,16
WadeSmith31HOU2012,Wade Smith,2012,ol,31,29-32,HOU,5,229,16,16
WadeSmith32HOU2013,Wade Smith,2013,ol,32,29-32,HOU,5,229,16,16
WadeSmith22MIA2003,Wade Smith,2003,ol,22,< 24,MIA,5,229,16,16
ChrisSnee30NYG2012,Chris Snee,2012,ol,30,29-32,NYG,4,182,16,16
ChrisSnee23NYG2005,Chris Snee,2005,ol,23,< 24,NYG,4,182,16,16
ChrisSnee24NYG2006,Chris Snee,2006,ol,24,< 24,NYG,4,182,16,16
ChrisSnee25NYG2007,Chris Snee,2007,ol,25,25-28,NYG,4,182,16,16
ChrisSnee26NYG2008,Chris Snee,2008,ol,26,25-28,NYG,4,182,16,16
ChrisSnee27NYG2009,Chris Snee,2009,ol,27,25-28,NYG,4,182,16,16
ChrisSnee28NYG2010,Chris Snee,2010,ol,28,25-28,NYG,4,182,16,16
AdamSnyder27SFO2009,Adam Snyder,2009,ol,27,25-28,SFO,5,247,16,16
NateSolder24NWE2012,Nate Solder,2012,ol,24,< 24,NWE,1,77,16,16
NateSolder26NWE2014,Nate Solder,2014,ol,26,25-28,NWE,1,77,16,16
NateSolder29NWE2017,Nate Solder,2017,ol,29,29-32,NWE,1,77,16,16
MarcusSpears30KAN2001,Marcus Spears,2001,ol,30,29-32,KAN,4,187,16,16
ChrisSpencer28SEA2010,Chris Spencer,2010,ol,28,25-28,SEA,1,167,16,16
ChrisSpencer25SEA2007,Chris Spencer,2007,ol,25,25-28,SEA,1,167,16,16
CameronSpikes27ARI2003,Cameron Spikes,2003,ol,27,25-28,ARI,7,51,16,16
JasonSpitz26GNB2008,Jason Spitz,2008,ol,26,25-28,GNB,5,226,16,16
JohnSt. Clair25STL2002,John St. Clair,2002,ol,25,25-28,STL,5,247,16,16
JohnSt. Clair31CHI2008,John St. Clair,2008,ol,31,29-32,CHI,5,247,16,16
BrendanStai28JAX2000,Brendan Stai,2000,ol,28,25-28,JAX,5,244,16,16
BrendanStai29DET2001,Brendan Stai,2001,ol,29,29-32,DET,5,244,16,16
JoeStaley23SFO2007,Joe Staley,2007,ol,23,< 24,SFO,1,173,16,16
JoeStaley24SFO2008,Joe Staley,2008,ol,24,< 24,SFO,1,173,16,16
JoeStaley27SFO2011,Joe Staley,2011,ol,27,25-28,SFO,1,173,16,16
JoeStaley28SFO2012,Joe Staley,2012,ol,28,25-28,SFO,1,173,16,16
JoeStaley29SFO2013,Joe Staley,2013,ol,29,29-32,SFO,1,173,16,16
JoeStaley30SFO2014,Joe Staley,2014,ol,30,29-32,SFO,1,173,16,16
JoeStaley31SFO2015,Joe Staley,2015,ol,31,29-32,SFO,1,173,16,16
MaxStarks30PIT2012,Max Starks,2012,ol,30,29-32,PIT,5,226,16,16
MaxStarks23PIT2005,Max Starks,2005,ol,23,< 24,PIT,5,226,16,16
MaxStarks27PIT2009,Max Starks,2009,ol,27,25-28,PIT,5,226,16,16
EricSteinbach25CIN2005,Eric Steinbach,2005,ol,25,25-28,CIN,4,181,16,16
EricSteinbach26CIN2006,Eric Steinbach,2006,ol,26,25-28,CIN,4,181,16,16
EricSteinbach27CLE2007,Eric Steinbach,2007,ol,27,25-28,CLE,4,181,16,16
EricSteinbach29CLE2009,Eric Steinbach,2009,ol,29,29-32,CLE,4,181,16,16
EricSteinbach30CLE2010,Eric Steinbach,2010,ol,30,29-32,CLE,4,181,16,16
AlexStepanovich23ARI2004,Alex Stepanovich,2004,ol,23,< 24,ARI,6,4,16,16
MarkStepnoski34DAL2001,Mark Stepnoski,2001,ol,34,32+,DAL,5,207,16,16
ToddSteussie33CAR2003,Todd Steussie,2003,ol,33,32+,CAR,1,99,16,16
ToddSteussie30MIN2000,Todd Steussie,2000,ol,30,29-32,MIN,1,99,16,16
ToddSteussie31CAR2001,Todd Steussie,2001,ol,31,29-32,CAR,1,99,16,16
ToddSteussie32CAR2002,Todd Steussie,2002,ol,32,29-32,CAR,1,99,16,16
DavidStewart25TEN2007,David Stewart,2007,ol,25,25-28,TEN,6,17,16,16
DavidStewart26TEN2008,David Stewart,2008,ol,26,25-28,TEN,6,17,16,16
DavidStewart28TEN2010,David Stewart,2010,ol,28,25-28,TEN,6,17,16,16
JonStinchcomb27NOR2006,Jon Stinchcomb,2006,ol,27,25-28,NOR,4,185,16,16
JonStinchcomb28NOR2007,Jon Stinchcomb,2007,ol,28,25-28,NOR,4,185,16,16
JonStinchcomb29NOR2008,Jon Stinchcomb,2008,ol,29,29-32,NOR,4,185,16,16
JonStinchcomb30NOR2009,Jon Stinchcomb,2009,ol,30,29-32,NOR,4,185,16,16
JonStinchcomb31NOR2010,Jon Stinchcomb,2010,ol,31,29-32,NOR,4,185,16,16
MattStinchcomb27TAM2004,Matt Stinchcomb,2004,ol,27,25-28,TAM,1,88,16,16
BarryStokes29CLE2002,Barry Stokes,2002,ol,29,29-32,CLE,Undrafted,Undrafted,16,16
RonStone34OAK2005,Ron Stone,2005,ol,34,32+,OAK,6,249,16,16
ZachStrief31NOR2014,Zach Strief,2014,ol,31,29-32,NOR,9,121,16,16
ZachStrief33NOR2016,Zach Strief,2016,ol,33,32+,NOR,9,121,16,16
KoreyStringer26MIN2000,Korey Stringer,2000,ol,26,25-28,MIN,1,151,16,16
XavierSu'a-Filo26HOU2017,Xavier Su'a-Filo,2017,ol,26,25-28,HOU,4,181,16,16
JohnSullivan24MIN2009,John Sullivan,2009,ol,24,< 24,MIN,8,96,16,16
JohnSullivan27MIN2012,John Sullivan,2012,ol,27,25-28,MIN,8,96,16,16
JohnSullivan28MIN2013,John Sullivan,2013,ol,28,25-28,MIN,8,96,16,16
JohnSullivan29MIN2014,John Sullivan,2014,ol,29,29-32,MIN,8,96,16,16
MarquesSullivan24BUF2002,Marques Sullivan,2002,ol,24,< 24,BUF,7,50,16,16
J.R.Sweezy25SEA2014,J.R. Sweezy,2014,ol,25,25-28,SEA,9,136,16,16
DaveSzott34WAS2001,Dave Szott,2001,ol,34,32+,WAS,9,89,16,16
JohnTait26KAN2001,John Tait,2001,ol,26,25-28,KAN,1,46,16,16
JohnTait27KAN2002,John Tait,2002,ol,27,25-28,KAN,1,46,16,16
JohnTait28KAN2003,John Tait,2003,ol,28,25-28,KAN,1,46,16,16
JohnTait33CHI2008,John Tait,2008,ol,33,32+,CHI,1,46,16,16
MarkTauscher30GNB2007,Mark Tauscher,2007,ol,30,29-32,GNB,9,135,16,16
MarkTauscher24GNB2001,Mark Tauscher,2001,ol,24,< 24,GNB,9,135,16,16
MarkTauscher26GNB2003,Mark Tauscher,2003,ol,26,25-28,GNB,9,135,16,16
MarkTauscher27GNB2004,Mark Tauscher,2004,ol,27,25-28,GNB,9,135,16,16
MarkTauscher28GNB2005,Mark Tauscher,2005,ol,28,25-28,GNB,9,135,16,16
LaneTaylor27GNB2016,Lane Taylor,2016,ol,27,25-28,GNB,Undrafted,Undrafted,16,16
TreyTeague28BUF2002,Trey Teague,2002,ol,28,25-28,BUF,9,110,16,16
TreyTeague29BUF2003,Trey Teague,2003,ol,29,29-32,BUF,9,110,16,16
TreyTeague31BUF2005,Trey Teague,2005,ol,31,29-32,BUF,9,110,16,16
TreyTeague27DEN2001,Trey Teague,2001,ol,27,25-28,DEN,9,110,16,16
ChrisTerry25CAR2000,Chris Terry,2000,ol,25,25-28,CAR,4,182,16,16
DallasThomas26MIA2015,Dallas Thomas,2015,ol,26,25-28,MIA,5,228,16,16
JoeThomas25CLE2009,Joe Thomas,2009,ol,25,25-28,CLE,1,177,16,16
JoeThomas26CLE2010,Joe Thomas,2010,ol,26,25-28,CLE,1,177,16,16
JoeThomas27CLE2011,Joe Thomas,2011,ol,27,25-28,CLE,1,177,16,16
JoeThomas28CLE2012,Joe Thomas,2012,ol,28,25-28,CLE,1,177,16,16
JoeThomas29CLE2013,Joe Thomas,2013,ol,29,29-32,CLE,1,177,16,16
JoeThomas30CLE2014,Joe Thomas,2014,ol,30,29-32,CLE,1,177,16,16
JoeThomas31CLE2015,Joe Thomas,2015,ol,31,29-32,CLE,1,177,16,16
JoeThomas32CLE2016,Joe Thomas,2016,ol,32,29-32,CLE,1,177,16,16
JoeThomas23CLE2007,Joe Thomas,2007,ol,23,< 24,CLE,1,177,16,16
JoeThomas24CLE2008,Joe Thomas,2008,ol,24,< 24,CLE,1,177,16,16
RandyThomas30WAS2006,Randy Thomas,2006,ol,30,29-32,WAS,4,207,16,16
RandyThomas32WAS2008,Randy Thomas,2008,ol,32,29-32,WAS,4,207,16,16
RandyThomas24NYJ2000,Randy Thomas,2000,ol,24,< 24,NYJ,4,207,16,16
RandyThomas26NYJ2002,Randy Thomas,2002,ol,26,25-28,NYJ,4,207,16,16
RandyThomas27WAS2003,Randy Thomas,2003,ol,27,25-28,WAS,4,207,16,16
TraThomas26PHI2000,Tra Thomas,2000,ol,26,25-28,PHI,1,13,16,16
TraThomas28PHI2002,Tra Thomas,2002,ol,28,25-28,PHI,1,13,16,16
TraThomas32PHI2006,Tra Thomas,2006,ol,32,29-32,PHI,1,13,16,16
TraThomas34PHI2008,Tra Thomas,2008,ol,34,32+,PHI,1,13,16,16
JoeThuney24NWE2016,Joe Thuney,2016,ol,24,< 24,NWE,5,229,16,16
JoeThuney25NWE2017,Joe Thuney,2017,ol,25,25-28,NWE,5,229,16,16
AdamTimmerman30STL2001,Adam Timmerman,2001,ol,30,29-32,STL,9,142,16,16
AdamTimmerman31STL2002,Adam Timmerman,2002,ol,31,29-32,STL,9,142,16,16
AdamTimmerman32STL2003,Adam Timmerman,2003,ol,32,29-32,STL,9,142,16,16
AdamTimmerman33STL2004,Adam Timmerman,2004,ol,33,32+,STL,9,142,16,16
AdamTimmerman34STL2005,Adam Timmerman,2005,ol,34,32+,STL,9,142,16,16
RobbieTobeck31SEA2001,Robbie Tobeck,2001,ol,31,29-32,SEA,Undrafted,Undrafted,16,16
RobbieTobeck32SEA2002,Robbie Tobeck,2002,ol,32,29-32,SEA,Undrafted,Undrafted,16,16
RobbieTobeck33SEA2003,Robbie Tobeck,2003,ol,33,32+,SEA,Undrafted,Undrafted,16,16
RobbieTobeck34SEA2004,Robbie Tobeck,2004,ol,34,32+,SEA,Undrafted,Undrafted,16,16
RobbieTobeck35SEA2005,Robbie Tobeck,2005,ol,35,32+,SEA,Undrafted,Undrafted,16,16
J.C.Tretter26CLE2017,J.C. Tretter,2017,ol,26,25-28,CLE,6,27,16,16
AdamTreu30OAK2004,Adam Treu,2004,ol,30,29-32,OAK,5,223,16,16
JeremyTrueblood24TAM2007,Jeremy Trueblood,2007,ol,24,< 24,TAM,4,209,16,16
JeremyTrueblood25TAM2008,Jeremy Trueblood,2008,ol,25,25-28,TAM,4,209,16,16
JeremyTrueblood26TAM2009,Jeremy Trueblood,2009,ol,26,25-28,TAM,4,209,16,16
RexTucker25CHI2001,Rex Tucker,2001,ol,25,25-28,CHI,5,216,16,16
RyanTucker28CLE2003,Ryan Tucker,2003,ol,28,25-28,CLE,6,16,16,16
RyanTucker30CLE2005,Ryan Tucker,2005,ol,30,29-32,CLE,6,16,16,16
RyanTucker25STL2000,Ryan Tucker,2000,ol,25,25-28,STL,6,16,16,16
KyleTurley28STL2003,Kyle Turley,2003,ol,28,25-28,STL,1,220,16,16
KyleTurley25NOR2000,Kyle Turley,2000,ol,25,25-28,NOR,1,220,16,16
KyleTurley26NOR2001,Kyle Turley,2001,ol,26,25-28,NOR,1,220,16,16
KyleTurley27NOR2002,Kyle Turley,2002,ol,27,25-28,NOR,1,220,16,16
RobertTurner28STL2012,Robert Turner,2012,ol,28,25-28,STL,Undrafted,Undrafted,16,16
TraiTurner22CAR2015,Trai Turner,2015,ol,22,< 24,CAR,5,245,16,16
TraiTurner23CAR2016,Trai Turner,2016,ol,23,< 24,CAR,5,245,16,16
RichTylski29PIT2000,Rich Tylski,2000,ol,29,29-32,PIT,Undrafted,Undrafted,16,16
MaxUnger23SEA2009,Max Unger,2009,ol,23,< 24,SEA,4,198,16,16
MaxUnger26SEA2012,Max Unger,2012,ol,26,25-28,SEA,4,198,16,16
MaxUnger29NOR2015,Max Unger,2015,ol,29,29-32,NOR,4,198,16,16
MaxUnger31NOR2017,Max Unger,2017,ol,31,29-32,NOR,4,198,16,16
KraigUrbik28BUF2013,Kraig Urbik,2013,ol,28,25-28,BUF,5,230,16,16
LouisVasquez27DEN2014,Louis Vasquez,2014,ol,27,25-28,DEN,5,229,16,16
LouisVasquez25SDG2012,Louis Vasquez,2012,ol,25,25-28,SDG,5,229,16,16
LouisVasquez26DEN2013,Louis Vasquez,2013,ol,26,25-28,DEN,5,229,16,16
FernandoVelasco27TEN2012,Fernando Velasco,2012,ol,27,25-28,TEN,Undrafted,Undrafted,16,16
JaredVeldheer24OAK2011,Jared Veldheer,2011,ol,24,< 24,OAK,5,219,16,16
JaredVeldheer25OAK2012,Jared Veldheer,2012,ol,25,25-28,OAK,5,219,16,16
JaredVeldheer27ARI2014,Jared Veldheer,2014,ol,27,25-28,ARI,5,219,16,16
JaredVeldheer28ARI2015,Jared Veldheer,2015,ol,28,25-28,ARI,5,219,16,16
RossVerba27GNB2000,Ross Verba,2000,ol,27,25-28,GNB,1,178,16,16
RossVerba29CLE2002,Ross Verba,2002,ol,29,29-32,CLE,1,178,16,16
RossVerba31CLE2004,Ross Verba,2004,ol,31,29-32,CLE,1,178,16,16
AlejandroVillanueva28PIT2016,Alejandro Villanueva,2016,ol,28,25-28,PIT,Undrafted,Undrafted,16,16
AlejandroVillanueva29PIT2017,Alejandro Villanueva,2017,ol,29,29-32,PIT,Undrafted,Undrafted,16,16
ChrisVillarrial31BUF2004,Chris Villarrial,2004,ol,31,29-32,BUF,7,59,16,16
ChrisVillarrial28CHI2001,Chris Villarrial,2001,ol,28,25-28,CHI,7,59,16,16
KeydrickVincent26PIT2004,Keydrick Vincent,2004,ol,26,25-28,PIT,Undrafted,Undrafted,16,16
KeydrickVincent31CAR2009,Keydrick Vincent,2009,ol,31,29-32,CAR,Undrafted,Undrafted,16,16
SebastianVollmer26NWE2010,Sebastian Vollmer,2010,ol,26,25-28,NWE,4,208,16,16
JeremyVujnovich27IND2017,Jeremy Vujnovich,2017,ol,27,25-28,IND,Undrafted,Undrafted,16,16
JohnWade27JAX2002,John Wade,2002,ol,27,25-28,JAX,7,54,16,16
JohnWade28TAM2003,John Wade,2003,ol,28,25-28,TAM,7,54,16,16
JohnWade30TAM2005,John Wade,2005,ol,30,29-32,TAM,7,54,16,16
JohnWade31TAM2006,John Wade,2006,ol,31,29-32,TAM,7,54,16,16
JohnWade32TAM2007,John Wade,2007,ol,32,29-32,TAM,7,54,16,16
ToddWade27MIA2003,Todd Wade,2003,ol,27,25-28,MIA,4,203,16,16
ToddWade24MIA2000,Todd Wade,2000,ol,24,< 24,MIA,4,203,16,16
ToddWade26MIA2002,Todd Wade,2002,ol,26,25-28,MIA,4,203,16,16
RickyWagner26BAL2015,Ricky Wagner,2015,ol,26,25-28,BAL,7,75,16,16
MikeWahle28CAR2005,Mike Wahle,2005,ol,28,25-28,CAR,4,2,16,16
MikeWahle30CAR2007,Mike Wahle,2007,ol,30,29-32,CAR,4,2,16,16
MikeWahle24GNB2001,Mike Wahle,2001,ol,24,< 24,GNB,4,2,16,16
MikeWahle25GNB2002,Mike Wahle,2002,ol,25,25-28,GNB,4,2,16,16
MikeWahle26GNB2003,Mike Wahle,2003,ol,26,25-28,GNB,4,2,16,16
MikeWahle27GNB2004,Mike Wahle,2004,ol,27,25-28,GNB,4,2,16,16
KenyattaWalker22TAM2001,Kenyatta Walker,2001,ol,22,< 24,TAM,1,46,16,16
KenyattaWalker26TAM2005,Kenyatta Walker,2005,ol,26,25-28,TAM,1,46,16,16
LangstonWalker27OAK2006,Langston Walker,2006,ol,27,25-28,OAK,4,203,16,16
LangstonWalker28BUF2007,Langston Walker,2007,ol,28,25-28,BUF,4,203,16,16
LangstonWalker29BUF2008,Langston Walker,2008,ol,29,29-32,BUF,4,203,16,16
CodyWallace31PIT2015,Cody Wallace,2015,ol,31,29-32,PIT,6,10,16,16
J.D.Walton23DEN2010,J.D. Walton,2010,ol,23,< 24,DEN,5,232,16,16
J.D.Walton24DEN2011,J.D. Walton,2011,ol,24,< 24,DEN,5,232,16,16
J.D.Walton27NYG2014,J.D. Walton,2014,ol,27,25-28,NYG,5,232,16,16
SethWand25HOU2004,Seth Wand,2004,ol,25,25-28,HOU,5,226,16,16
LarryWarford22DET2013,Larry Warford,2013,ol,22,< 24,DET,5,215,16,16
ChanceWarmack22TEN2013,Chance Warmack,2013,ol,22,< 24,TEN,1,3,16,16
ChanceWarmack23TEN2014,Chance Warmack,2014,ol,23,< 24,TEN,1,3,16,16
BrianWaters31KAN2008,Brian Waters,2008,ol,31,29-32,KAN,Undrafted,Undrafted,16,16
BrianWaters33KAN2010,Brian Waters,2010,ol,33,32+,KAN,Undrafted,Undrafted,16,16
BrianWaters34NWE2011,Brian Waters,2011,ol,34,32+,NWE,Undrafted,Undrafted,16,16
BrianWaters25KAN2002,Brian Waters,2002,ol,25,25-28,KAN,Undrafted,Undrafted,16,16
BrianWaters26KAN2003,Brian Waters,2003,ol,26,25-28,KAN,Undrafted,Undrafted,16,16
BrianWaters27KAN2004,Brian Waters,2004,ol,27,25-28,KAN,Undrafted,Undrafted,16,16
BrianWaters28KAN2005,Brian Waters,2005,ol,28,25-28,KAN,Undrafted,Undrafted,16,16
BrianWaters30KAN2007,Brian Waters,2007,ol,30,29-32,KAN,Undrafted,Undrafted,16,16
J'MarcusWebb27OAK2015,J'Marcus Webb,2015,ol,27,25-28,OAK,9,128,16,16
J'MarcusWebb23CHI2011,J'Marcus Webb,2011,ol,23,< 24,CHI,9,128,16,16
J'MarcusWebb24CHI2012,J'Marcus Webb,2012,ol,24,< 24,CHI,9,128,16,16
RichmondWebb34CIN2001,Richmond Webb,2001,ol,34,32+,CIN,1,242,16,16
FloydWedderburn24SEA2000,Floyd Wedderburn,2000,ol,24,< 24,SEA,7,47,16,16
ToddWeiner28ATL2003,Todd Weiner,2003,ol,28,25-28,ATL,4,196,16,16
ToddWeiner29ATL2004,Todd Weiner,2004,ol,29,29-32,ATL,4,196,16,16
ToddWeiner31ATL2006,Todd Weiner,2006,ol,31,29-32,ATL,4,196,16,16
JohnWelbourn24PHI2000,John Welbourn,2000,ol,24,< 24,PHI,6,250,16,16
JohnWelbourn31KAN2007,John Welbourn,2007,ol,31,29-32,KAN,6,250,16,16
ReggieWells24ARI2004,Reggie Wells,2004,ol,24,< 24,ARI,8,85,16,16
ReggieWells26ARI2006,Reggie Wells,2006,ol,26,25-28,ARI,8,85,16,16
ReggieWells27ARI2007,Reggie Wells,2007,ol,27,25-28,ARI,8,85,16,16
ReggieWells28ARI2008,Reggie Wells,2008,ol,28,25-28,ARI,8,85,16,16
ReggieWells29ARI2009,Reggie Wells,2009,ol,29,29-32,ARI,8,85,16,16
ScottWells25GNB2006,Scott Wells,2006,ol,25,25-28,GNB,9,163,16,16
ScottWells29GNB2010,Scott Wells,2010,ol,29,29-32,GNB,9,163,16,16
ScottWells30GNB2011,Scott Wells,2011,ol,30,29-32,GNB,9,163,16,16
ScottWells33STL2014,Scott Wells,2014,ol,33,32+,STL,9,163,16,16
RyanWendell26NWE2012,Ryan Wendell,2012,ol,26,25-28,NWE,Undrafted,Undrafted,16,16
RyanWendell27NWE2013,Ryan Wendell,2013,ol,27,25-28,NWE,Undrafted,Undrafted,16,16
TravelleWharton26CAR2007,Travelle Wharton,2007,ol,26,25-28,CAR,5,247,16,16
TravelleWharton28CAR2009,Travelle Wharton,2009,ol,28,25-28,CAR,5,247,16,16
TravelleWharton30CAR2011,Travelle Wharton,2011,ol,30,29-32,CAR,5,247,16,16
TravelleWharton24CAR2005,Travelle Wharton,2005,ol,24,< 24,CAR,5,247,16,16
CodyWhitehair24CHI2016,Cody Whitehair,2016,ol,24,< 24,CHI,4,206,16,16
CodyWhitehair25CHI2017,Cody Whitehair,2017,ol,25,25-28,CHI,4,206,16,16
BobWhitfield30ATL2001,Bob Whitfield,2001,ol,30,29-32,ATL,1,231,16,16
BobWhitfield31ATL2002,Bob Whitfield,2002,ol,31,29-32,ATL,1,231,16,16
JasonWhittle29NYG2004,Jason Whittle,2004,ol,29,29-32,NYG,Undrafted,Undrafted,16,16
AndrewWhitworth26CIN2007,Andrew Whitworth,2007,ol,26,25-28,CIN,4,205,16,16
AndrewWhitworth28CIN2009,Andrew Whitworth,2009,ol,28,25-28,CIN,4,205,16,16
AndrewWhitworth29CIN2010,Andrew Whitworth,2010,ol,29,29-32,CIN,4,205,16,16
AndrewWhitworth30CIN2011,Andrew Whitworth,2011,ol,30,29-32,CIN,4,205,16,16
AndrewWhitworth31CIN2012,Andrew Whitworth,2012,ol,31,29-32,CIN,4,205,16,16
AndrewWhitworth33CIN2014,Andrew Whitworth,2014,ol,33,32+,CIN,4,205,16,16
AndrewWhitworth34CIN2015,Andrew Whitworth,2015,ol,34,32+,CIN,4,205,16,16
AndrewWhitworth35CIN2016,Andrew Whitworth,2016,ol,35,32+,CIN,4,205,16,16
ZachWiegert29JAX2001,Zach Wiegert,2001,ol,29,29-32,JAX,4,186,16,16
CaseyWiegmann30KAN2003,Casey Wiegmann,2003,ol,30,29-32,KAN,Undrafted,Undrafted,16,16
CaseyWiegmann31KAN2004,Casey Wiegmann,2004,ol,31,29-32,KAN,Undrafted,Undrafted,16,16
CaseyWiegmann32KAN2005,Casey Wiegmann,2005,ol,32,29-32,KAN,Undrafted,Undrafted,16,16
CaseyWiegmann33KAN2006,Casey Wiegmann,2006,ol,33,32+,KAN,Undrafted,Undrafted,16,16
CaseyWiegmann34KAN2007,Casey Wiegmann,2007,ol,34,32+,KAN,Undrafted,Undrafted,16,16
CaseyWiegmann35DEN2008,Casey Wiegmann,2008,ol,35,32+,DEN,Undrafted,Undrafted,16,16
CaseyWiegmann36DEN2009,Casey Wiegmann,2009,ol,36,32+,DEN,Undrafted,Undrafted,16,16
CaseyWiegmann37KAN2010,Casey Wiegmann,2010,ol,37,32+,KAN,Undrafted,Undrafted,16,16
CaseyWiegmann38KAN2011,Casey Wiegmann,2011,ol,38,32+,KAN,Undrafted,Undrafted,16,16
CaseyWiegmann29KAN2002,Casey Wiegmann,2002,ol,29,29-32,KAN,Undrafted,Undrafted,16,16
KennyWiggins29LAC2017,Kenny Wiggins,2017,ol,29,29-32,LAC,Undrafted,Undrafted,16,16
BobbieWilliams31CIN2007,Bobbie Williams,2007,ol,31,29-32,CIN,4,212,16,16
BobbieWilliams32CIN2008,Bobbie Williams,2008,ol,32,29-32,CIN,4,212,16,16
BobbieWilliams33CIN2009,Bobbie Williams,2009,ol,33,32+,CIN,4,212,16,16
BobbieWilliams34CIN2010,Bobbie Williams,2010,ol,34,32+,CIN,4,212,16,16
BobbieWilliams28CIN2004,Bobbie Williams,2004,ol,28,25-28,CIN,4,212,16,16
BobbieWilliams29CIN2005,Bobbie Williams,2005,ol,29,29-32,CIN,4,212,16,16
ChrisWilliams24CHI2009,Chris Williams,2009,ol,24,< 24,CHI,Undrafted,Undrafted,16,16
ChrisWilliams28STL2013,Chris Williams,2013,ol,28,25-28,STL,Undrafted,Undrafted,16,16
DarylWilliams25CAR2017,Daryl Williams,2017,ol,25,25-28,CAR,6,6,16,16
ErikWilliams32DAL2000,Erik Williams,2000,ol,32,29-32,DAL,5,221,16,16
JamesWilliams32CHI2000,James Williams,2000,ol,32,29-32,CHI,Undrafted,Undrafted,16,16
JamesWilliams33CHI2001,James Williams,2001,ol,33,32+,CHI,Undrafted,Undrafted,16,16
JamesWilliams34CHI2002,James Williams,2002,ol,34,32+,CHI,Undrafted,Undrafted,16,16
MauriceWilliams22JAX2001,Maurice Williams,2001,ol,22,< 24,JAX,4,192,16,16
MauriceWilliams24JAX2003,Maurice Williams,2003,ol,24,< 24,JAX,4,192,16,16
MauriceWilliams25JAX2004,Maurice Williams,2004,ol,25,25-28,JAX,4,192,16,16
MauriceWilliams26JAX2005,Maurice Williams,2005,ol,26,25-28,JAX,4,192,16,16
MauriceWilliams27JAX2006,Maurice Williams,2006,ol,27,25-28,JAX,4,192,16,16
TankWilliams25TEN2005,Tank Williams,2005,ol,25,25-28,TEN,4,194,16,16
TrentWilliams24WAS2012,Trent Williams,2012,ol,24,< 24,WAS,1,188,16,16
TrentWilliams25WAS2013,Trent Williams,2013,ol,25,25-28,WAS,1,188,16,16
WallyWilliams29NOR2000,Wally Williams,2000,ol,29,29-32,NOR,Undrafted,Undrafted,16,16
RayWillis27SEA2009,Ray Willis,2009,ol,27,25-28,SEA,6,8,16,16
EricWinston24HOU2007,Eric Winston,2007,ol,24,< 24,HOU,5,216,16,16
EricWinston25HOU2008,Eric Winston,2008,ol,25,25-28,HOU,5,216,16,16
EricWinston26HOU2009,Eric Winston,2009,ol,26,25-28,HOU,5,216,16,16
EricWinston27HOU2010,Eric Winston,2010,ol,27,25-28,HOU,5,216,16,16
EricWinston28HOU2011,Eric Winston,2011,ol,28,25-28,HOU,5,216,16,16
EricWinston29KAN2012,Eric Winston,2012,ol,29,29-32,KAN,5,216,16,16
EricWinston30ARI2013,Eric Winston,2013,ol,30,29-32,ARI,5,216,16,16
StefenWisniewski22OAK2011,Stefen Wisniewski,2011,ol,22,< 24,OAK,4,197,16,16
StefenWisniewski25OAK2014,Stefen Wisniewski,2014,ol,25,25-28,OAK,4,197,16,16
StefenWisniewski26JAX2015,Stefen Wisniewski,2015,ol,26,25-28,JAX,4,197,16,16
SteveWisniewski33OAK2000,Steve Wisniewski,2000,ol,33,32+,OAK,4,174,16,16
SteveWisniewski34OAK2001,Steve Wisniewski,2001,ol,34,32+,OAK,4,174,16,16
DaveWohlabaugh31STL2003,Dave Wohlabaugh,2003,ol,31,29-32,STL,6,16,16,16
DaveWohlabaugh29CLE2001,Dave Wohlabaugh,2001,ol,29,29-32,CLE,6,16,16,16
EricWood31BUF2017,Eric Wood,2017,ol,31,29-32,BUF,1,173,16,16
EricWood27BUF2013,Eric Wood,2013,ol,27,25-28,BUF,1,173,16,16
EricWood28BUF2014,Eric Wood,2014,ol,28,25-28,BUF,1,173,16,16
EricWood29BUF2015,Eric Wood,2015,ol,29,29-32,BUF,1,173,16,16
DamienWoody27DET2004,Damien Woody,2004,ol,27,25-28,DET,1,77,16,16
DamienWoody28DET2005,Damien Woody,2005,ol,28,25-28,DET,1,77,16,16
DamienWoody31NYJ2008,Damien Woody,2008,ol,31,29-32,NYJ,1,77,16,16
DamienWoody32NYJ2009,Damien Woody,2009,ol,32,29-32,NYJ,1,77,16,16
DamienWoody23NWE2000,Damien Woody,2000,ol,23,< 24,NWE,1,77,16,16
JerryWunsch26TAM2000,Jerry Wunsch,2000,ol,26,25-28,TAM,4,185,16,16
JerryWunsch27TAM2001,Jerry Wunsch,2001,ol,27,25-28,TAM,4,185,16,16
MarshalYanda26BAL2010,Marshal Yanda,2010,ol,26,25-28,BAL,5,238,16,16
MarshalYanda27BAL2011,Marshal Yanda,2011,ol,27,25-28,BAL,5,238,16,16
MarshalYanda29BAL2013,Marshal Yanda,2013,ol,29,29-32,BAL,5,238,16,16
MarshalYanda30BAL2014,Marshal Yanda,2014,ol,30,29-32,BAL,5,238,16,16
MarshalYanda31BAL2015,Marshal Yanda,2015,ol,31,29-32,BAL,5,238,16,16
RyanYoung24NYJ2000,Ryan Young,2000,ol,24,< 24,NYJ,9,134,16,16
RyanYoung25NYJ2001,Ryan Young,2001,ol,25,25-28,NYJ,9,134,16,16
SteveZahursky24CLE2000,Steve Zahursky,2000,ol,24,< 24,CLE,Undrafted,Undrafted,16,16
DustyZeigler27NYG2000,Dusty Zeigler,2000,ol,27,25-28,NYG,8,112,16,16
DustyZeigler28NYG2001,Dusty Zeigler,2001,ol,28,25-28,NYG,8,112,16,16
KevinZeitler22CIN2012,Kevin Zeitler,2012,ol,22,< 24,CIN,1,170,16,16
KevinZeitler25CIN2015,Kevin Zeitler,2015,ol,25,25-28,CIN,1,170,16,16
KevinZeitler26CIN2016,Kevin Zeitler,2016,ol,26,25-28,CIN,1,170,16,16
KevinZeitler27CLE2017,Kevin Zeitler,2017,ol,27,25-28,CLE,1,170,16,16
JeremyZuttah23TAM2009,Jeremy Zuttah,2009,ol,23,< 24,TAM,5,235,16,16
JeremyZuttah26TAM2012,Jeremy Zuttah,2012,ol,26,25-28,TAM,5,235,16,16
JeremyZuttah27TAM2013,Jeremy Zuttah,2013,ol,27,25-28,TAM,5,235,16,16
JeremyZuttah28BAL2014,Jeremy Zuttah,2014,ol,28,25-28,BAL,5,235,16,16
JeremyZuttah30BAL2016,Jeremy Zuttah,2016,ol,30,29-32,BAL,5,235,16,16
BrandenAlbert26KAN2010,Branden Albert,2010,ol,26,25-28,KAN,1,56,15,15
BrandenAlbert24KAN2008,Branden Albert,2008,ol,24,< 24,KAN,1,56,15,15
EugeneAmano27TEN2009,Eugene Amano,2009,ol,27,25-28,TEN,9,150,16,15
BennieAnderson26BAL2003,Bennie Anderson,2003,ol,26,25-28,BAL,Undrafted,Undrafted,15,15
ShawnAndrews25PHI2007,Shawn Andrews,2007,ol,25,25-28,PHI,1,67,15,15
StacyAndrews27CIN2008,Stacy Andrews,2008,ol,27,25-28,CIN,6,28,15,15
JonAsamoah26ATL2014,Jon Asamoah,2014,ol,26,25-28,ATL,5,218,15,15
JonAsamoah24KAN2012,Jon Asamoah,2012,ol,24,< 24,KAN,5,218,15,15
JeffBackus35DET2012,Jeff Backus,2012,ol,35,32+,DET,1,88,15,15
JoeBarksdale28SDG2016,Joe Barksdale,2016,ol,28,25-28,SDG,5,245,15,15
KhalifBarnes24JAX2006,Khalif Barnes,2006,ol,24,< 24,JAX,4,202,15,15
AlexBarron26STL2008,Alex Barron,2008,ol,26,25-28,STL,1,99,16,15
KelvinBeachum27JAX2016,Kelvin Beachum,2016,ol,27,25-28,JAX,9,159,15,15
WillBeatty27NYG2012,Will Beatty,2012,ol,27,25-28,NYG,4,211,16,15
ByronBell25CAR2014,Byron Bell,2014,ol,25,25-28,CAR,Undrafted,Undrafted,15,15
ByronBell23CAR2012,Byron Bell,2012,ol,23,< 24,CAR,Undrafted,Undrafted,15,15
JacobBell25TEN2006,Jacob Bell,2006,ol,25,25-28,TEN,7,44,15,15
JordanBlack26KAN2006,Jordan Black,2006,ol,26,25-28,KAN,7,60,16,15
JeffBlackshear31KAN2000,Jeff Blackshear,2000,ol,31,29-32,KAN,10,106,16,15
JustinBlalock31ATL2014,Justin Blalock,2014,ol,31,29-32,ATL,4,187,15,15
ChrisBober26NYG2002,Chris Bober,2002,ol,26,25-28,NYG,Undrafted,Undrafted,15,15
RichBraham32CIN2002,Rich Braham,2002,ol,32,29-32,CIN,5,227,15,15
RichBraham33CIN2003,Rich Braham,2003,ol,33,32+,CIN,5,227,16,15
RichBraham35CIN2005,Rich Braham,2005,ol,35,32+,CIN,5,227,15,15
MikeBrisiel29OAK2012,Mike Brisiel,2012,ol,29,29-32,OAK,Undrafted,Undrafted,15,15
MikeBrisiel30OAK2013,Mike Brisiel,2013,ol,30,29-32,OAK,Undrafted,Undrafted,15,15
JustinBritt25SEA2016,Justin Britt,2016,ol,25,25-28,SEA,4,214,15,15
EbenBritton22JAX2009,Eben Britton,2009,ol,22,< 24,JAX,4,187,15,15
BrandonBrooks24HOU2013,Brandon Brooks,2013,ol,24,< 24,HOU,5,227,15,15
BrandonBrooks25HOU2014,Brandon Brooks,2014,ol,25,25-28,HOU,5,227,15,15
JammalBrown25NOR2006,Jammal Brown,2006,ol,25,25-28,NOR,1,35,15,15
JammalBrown26NOR2007,Jammal Brown,2007,ol,26,25-28,NOR,1,35,15,15
JammalBrown27NOR2008,Jammal Brown,2008,ol,27,25-28,NOR,1,35,15,15
MilfordBrown27STL2007,Milford Brown,2007,ol,27,25-28,STL,8,2,16,15
RubenBrown31BUF2003,Ruben Brown,2003,ol,31,29-32,BUF,1,46,15,15
BryanBulaga25GNB2014,Bryan Bulaga,2014,ol,25,25-28,GNB,1,141,15,15
A.J.Cann26JAX2017,A.J. Cann,2017,ol,26,25-28,JAX,5,217,15,15
MarcusCannon28NWE2016,Marcus Cannon,2016,ol,28,25-28,NWE,7,44,15,15
VernonCarey30MIA2011,Vernon Carey,2011,ol,30,29-32,MIA,1,99,15,15
CooperCarlisle31OAK2008,Cooper Carlisle,2008,ol,31,29-32,OAK,6,16,15,15
GosderCherilus25DET2009,Gosder Cherilus,2009,ol,25,25-28,DET,1,77,15,15
GosderCherilus27DET2011,Gosder Cherilus,2011,ol,27,25-28,DET,1,77,16,15
JeffChristy32TAM2001,Jeff Christy,2001,ol,32,29-32,TAM,6,244,15,15
TysonClabo32MIA2013,Tyson Clabo,2013,ol,32,29-32,MIA,Undrafted,Undrafted,15,15
JeromeyClary30SDG2013,Jeromey Clary,2013,ol,30,29-32,SDG,8,96,15,15
ChadClifton30GNB2006,Chad Clifton,2006,ol,30,29-32,GNB,4,193,15,15
ChadClifton32GNB2008,Chad Clifton,2008,ol,32,29-32,GNB,4,193,15,15
CoseyColeman24TAM2002,Cosey Coleman,2002,ol,24,< 24,TAM,4,201,15,15
CoseyColeman28CLE2006,Cosey Coleman,2006,ol,28,25-28,CLE,4,201,15,15
DarynColledge24GNB2006,Daryn Colledge,2006,ol,24,< 24,GNB,4,196,16,15
MarcColombo32DAL2010,Marc Colombo,2010,ol,32,29-32,DAL,1,174,15,15
LeonardDavis27ARI2005,Leonard Davis,2005,ol,27,25-28,ARI,1,108,15,15
LeonardDavis24ARI2002,Leonard Davis,2002,ol,24,< 24,ARI,1,108,15,15
LeonardDavis26ARI2004,Leonard Davis,2004,ol,26,25-28,ARI,1,108,15,15
DavidDeCastro27PIT2017,David DeCastro,2017,ol,27,25-28,PIT,1,151,15,15
DavidDeCastro23PIT2013,David DeCastro,2013,ol,23,< 24,PIT,1,151,15,15
MikeDeVito28NYJ2012,Mike DeVito,2012,ol,28,25-28,NYJ,Undrafted,Undrafted,16,15
KrisDielman25SDG2006,Kris Dielman,2006,ol,25,25-28,SDG,Undrafted,Undrafted,15,15
KrisDielman27SDG2008,Kris Dielman,2008,ol,27,25-28,SDG,Undrafted,Undrafted,15,15
KrisDielman29SDG2010,Kris Dielman,2010,ol,29,29-32,SDG,Undrafted,Undrafted,15,15
RyanDiem27IND2006,Ryan Diem,2006,ol,27,25-28,IND,6,22,15,15
RyanDiem30IND2009,Ryan Diem,2009,ol,30,29-32,IND,6,22,15,15
EvanDietrich-Smith28TAM2014,Evan Dietrich-Smith,2014,ol,28,25-28,TAM,Undrafted,Undrafted,15,15
DavidDixon33MIN2002,David Dixon,2002,ol,33,32+,MIN,11,144,15,15
MarkDixon30MIA2000,Mark Dixon,2000,ol,30,29-32,MIA,Undrafted,Undrafted,15,15
DemarDotson27TAM2012,Demar Dotson,2012,ol,27,25-28,TAM,Undrafted,Undrafted,16,15
JeffFaine30TAM2011,Jeff Faine,2011,ol,30,29-32,TAM,1,120,15,15
AlanFaneca25PIT2001,Alan Faneca,2001,ol,25,25-28,PIT,1,167,15,15
DaveFiore26SFO2000,Dave Fiore,2000,ol,26,25-28,SFO,Undrafted,Undrafted,15,15
EricFisher26KAN2017,Eric Fisher,2017,ol,26,25-28,KAN,1,2,16,15
EreckFlowers21NYG2015,Ereck Flowers,2015,ol,21,< 24,NYG,1,242,15,15
EreckFlowers23NYG2017,Ereck Flowers,2017,ol,23,< 24,NYG,1,242,15,15
D.J.Fluker22SDG2013,D.J. Fluker,2013,ol,22,< 24,SDG,1,13,15,15
MikeFlynn28BAL2002,Mike Flynn,2002,ol,28,25-28,BAL,Undrafted,Undrafted,15,15
MikeFlynn33BAL2007,Mike Flynn,2007,ol,33,32+,BAL,Undrafted,Undrafted,15,15
SpencerFolau28MIA2001,Spencer Folau,2001,ol,28,25-28,MIA,Undrafted,Undrafted,16,15
RamonFoster27PIT2013,Ramon Foster,2013,ol,27,25-28,PIT,Undrafted,Undrafted,15,15
HankFraley24PHI2001,Hank Fraley,2001,ol,24,< 24,PHI,Undrafted,Undrafted,16,15
OrlandoFranklin26DEN2013,Orlando Franklin,2013,ol,26,25-28,DEN,4,195,15,15
BrandonFusco25MIN2013,Brandon Fusco,2013,ol,25,25-28,MIN,8,80,15,15
JaredGaither22BAL2008,Jared Gaither,2008,ol,22,< 24,BAL,7,1,16,15
RobertGallery24OAK2004,Robert Gallery,2004,ol,24,< 24,OAK,1,108,16,15
WayneGandy30PIT2001,Wayne Gandy,2001,ol,30,29-32,PIT,1,56,15,15
RobertoGarza25ATL2004,Roberto Garza,2004,ol,25,25-28,ATL,6,252,16,15
ChrisGray36SEA2006,Chris Gray,2006,ol,36,32+,SEA,7,38,15,15
JordanGross28CAR2008,Jordan Gross,2008,ol,28,25-28,CAR,1,231,15,15
JordanGross31CAR2011,Jordan Gross,2011,ol,31,29-32,CAR,1,231,15,15
TimGrunhard32KAN2000,Tim Grunhard,2000,ol,32,29-32,KAN,4,189,15,15
MikeGruttadauria29ARI2001,Mike Gruttadauria,2001,ol,29,29-32,ARI,Undrafted,Undrafted,15,15
AndreGurode25DAL2003,Andre Gurode,2003,ol,25,25-28,DAL,4,185,16,15
BrockGutierrez31SFO2004,Brock Gutierrez,2004,ol,31,29-32,SFO,Undrafted,Undrafted,16,15
RexHadnot26CLE2008,Rex Hadnot,2008,ol,26,25-28,CLE,8,82,15,15
JoeHaeg24IND2017,Joe Haeg,2017,ol,24,< 24,IND,7,62,16,15
GeoffHangartner24CAR2006,Geoff Hangartner,2006,ol,24,< 24,CAR,7,76,16,15
TerryHardy24ARI2000,Terry Hardy,2000,ol,24,< 24,ARI,7,30,16,15
LeroyHarris26TEN2010,Leroy Harris,2010,ol,26,25-28,TEN,6,19,15,15
RyanHarris29KAN2014,Ryan Harris,2014,ol,29,29-32,KAN,5,221,16,15
JustinHartwig29CAR2007,Justin Hartwig,2007,ol,29,29-32,CAR,8,96,15,15
JustinHartwig26TEN2004,Justin Hartwig,2004,ol,26,25-28,TEN,8,96,15,15
RobHavenstein24LAR2016,Rob Havenstein,2016,ol,24,< 24,LAR,4,207,15,15
RobHavenstein25LAR2017,Rob Havenstein,2017,ol,25,25-28,LAR,4,207,15,15
JoeHawley28TAM2016,Joe Hawley,2016,ol,28,25-28,TAM,6,21,15,15
ToddHerremans25PHI2007,Todd Herremans,2007,ol,25,25-28,PHI,6,31,16,15
ToddHerremans26PHI2008,Todd Herremans,2008,ol,26,25-28,PHI,6,31,16,15
ToddHerremans28PHI2010,Todd Herremans,2010,ol,28,25-28,PHI,6,31,16,15
LamarHolmes24ATL2013,Lamar Holmes,2013,ol,24,< 24,ATL,5,244,16,15
BradHopkins30TEN2000,Brad Hopkins,2000,ol,30,29-32,TEN,1,35,15,15
BradHopkins35TEN2005,Brad Hopkins,2005,ol,35,32+,TEN,1,35,15,15
RodneyHudson24KAN2013,Rodney Hudson,2013,ol,24,< 24,KAN,4,205,16,15
RichieIncognito25STL2008,Richie Incognito,2008,ol,25,25-28,STL,5,233,15,15
RichieIncognito28MIA2011,Richie Incognito,2011,ol,28,25-28,MIA,5,233,15,15
MikeIupati29ARI2016,Mike Iupati,2016,ol,29,29-32,ARI,1,77,15,15
MikeIupati27SFO2014,Mike Iupati,2014,ol,27,25-28,SFO,1,77,15,15
GabeJackson26OAK2017,Gabe Jackson,2017,ol,26,25-28,OAK,5,233,15,15
JamaalJackson29PHI2009,Jamaal Jackson,2009,ol,29,29-32,PHI,Undrafted,Undrafted,15,15
KendylJacox30NOR2005,Kendyl Jacox,2005,ol,30,29-32,NOR,Undrafted,Undrafted,15,15
JonJansen30WAS2006,Jon Jansen,2006,ol,30,29-32,WAS,4,185,15,15
KerryJenkins29TAM2002,Kerry Jenkins,2002,ol,29,29-32,TAM,Undrafted,Undrafted,15,15
JonasJennings25BUF2002,Jonas Jennings,2002,ol,25,25-28,BUF,5,248,15,15
AlJohnson25DAL2004,Al Johnson,2004,ol,25,25-28,DAL,4,186,16,15
CharlieJohnson26IND2010,Charlie Johnson,2010,ol,26,25-28,IND,8,107,15,15
CharlieJohnson29MIN2013,Charlie Johnson,2013,ol,29,29-32,MIN,8,107,15,15
LaneJohnson27PHI2017,Lane Johnson,2017,ol,27,25-28,PHI,1,188,15,15
WesleyJohnson26NYJ2017,Wesley Johnson,2017,ol,26,25-28,NYJ,7,81,15,15
LeviJones26CIN2005,Levi Jones,2005,ol,26,25-28,CIN,1,3,15,15
WalterJones*31SEA2005,Walter Jones*,2005,ol,31,29-32,SEA,1,210,15,15
WalterJones*33SEA2007,Walter Jones*,2007,ol,33,32+,SEA,1,210,15,15
NickKaczur28NWE2007,Nick Kaczur,2007,ol,28,25-28,NWE,5,4,15,15
RyanKalil30CAR2015,Ryan Kalil,2015,ol,30,29-32,CAR,4,209,15,15
ChrisKemoeatu27PIT2010,Chris Kemoeatu,2010,ol,27,25-28,PIT,8,114,15,15
PeteKendall31NYJ2004,Pete Kendall,2004,ol,31,29-32,NYJ,1,120,15,15
LincolnKennedy30OAK2001,Lincoln Kennedy,2001,ol,30,29-32,OAK,1,242,15,15
LincolnKennedy31OAK2002,Lincoln Kennedy,2002,ol,31,29-32,OAK,1,242,15,15
PeterKonz24ATL2013,Peter Konz,2013,ol,24,< 24,ATL,4,205,16,15
DanKoppen24NWE2003,Dan Koppen,2003,ol,24,< 24,NWE,7,72,16,15
DanKoppen28NWE2007,Dan Koppen,2007,ol,28,25-28,NWE,7,72,15,15
OlinKreutz25CHI2002,Olin Kreutz,2002,ol,25,25-28,CHI,5,214,15,15
ChrisKuper27DEN2009,Chris Kuper,2009,ol,27,25-28,DEN,7,69,15,15
ChrisKuper28DEN2010,Chris Kuper,2010,ol,28,25-28,DEN,7,69,15,15
CorbinLacina30MIN2000,Corbin Lacina,2000,ol,30,29-32,MIN,8,74,15,15
T.J.Lang25GNB2012,T.J. Lang,2012,ol,25,25-28,GNB,6,12,15,15
T.J.Lang28GNB2015,T.J. Lang,2015,ol,28,25-28,GNB,6,12,15,15
ShawnLauvao27WAS2014,Shawn Lauvao,2014,ol,27,25-28,WAS,5,245,15,15
RonaldLeary25DAL2014,Ronald Leary,2014,ol,25,25-28,DAL,Undrafted,Undrafted,15,15
MattLehr26ATL2005,Matt Lehr,2005,ol,26,25-28,ATL,7,43,15,15
MattLepsis28DEN2002,Matt Lepsis,2002,ol,28,25-28,DEN,Undrafted,Undrafted,16,15
TaylorLewan24TEN2015,Taylor Lewan,2015,ol,24,< 24,TEN,1,13,15,15
MattLight33NWE2011,Matt Light,2011,ol,33,32+,NWE,4,197,15,15
RyanLilja29KAN2010,Ryan Lilja,2010,ol,29,29-32,KAN,Undrafted,Undrafted,15,15
RyanLilja30KAN2011,Ryan Lilja,2011,ol,30,29-32,KAN,Undrafted,Undrafted,15,15
RyanLilja31KAN2012,Ryan Lilja,2012,ol,31,29-32,KAN,Undrafted,Undrafted,15,15
BrandonLinder22JAX2014,Brandon Linder,2014,ol,22,< 24,JAX,5,246,15,15
PhilLoadholt23MIN2009,Phil Loadholt,2009,ol,23,< 24,MIN,4,204,15,15
PhilLoadholt27MIN2013,Phil Loadholt,2013,ol,27,25-28,MIN,4,204,15,15
SeanLocklear29SEA2010,Sean Locklear,2010,ol,29,29-32,SEA,5,236,16,15
JakeLong28STL2013,Jake Long,2013,ol,28,25-28,STL,1,2,15,15
KyleLong26CHI2014,Kyle Long,2014,ol,26,25-28,CHI,1,109,15,15
DeuceLutui24ARI2007,Deuce Lutui,2007,ol,24,< 24,ARI,4,190,15,15
NickMangold30NYJ2014,Nick Mangold,2014,ol,30,29-32,NYJ,1,174,15,15
NickMangold31NYJ2015,Nick Mangold,2015,ol,31,29-32,NYJ,1,174,15,15
LoganMankins29NWE2011,Logan Mankins,2011,ol,29,29-32,NWE,1,180,15,15
LoganMankins33TAM2015,Logan Mankins,2015,ol,33,32+,TAM,1,180,15,15
VinceManuwai27JAX2007,Vince Manuwai,2007,ol,27,25-28,JAX,5,223,15,15
ShaqMason23NWE2016,Shaq Mason,2016,ol,23,< 24,NWE,6,37,16,15
BobbyMassie27CHI2016,Bobby Massie,2016,ol,27,25-28,CHI,6,16,15,15
BobbyMassie28CHI2017,Bobby Massie,2017,ol,28,25-28,CHI,6,16,15,15
EvanMathis30PHI2011,Evan Mathis,2011,ol,30,29-32,PHI,5,230,15,15
EvanMathis25CAR2006,Evan Mathis,2006,ol,25,25-28,CAR,5,230,15,15
JakeMatthews22ATL2014,Jake Matthews,2014,ol,22,< 24,ATL,1,210,15,15
KevinMawae37TEN2008,Kevin Mawae,2008,ol,37,32+,TEN,4,184,15,15
JermaneMayberry28PHI2001,Jermane Mayberry,2001,ol,28,25-28,PHI,1,161,16,15
ToddMcClure24ATL2001,Todd McClure,2001,ol,24,< 24,ATL,9,148,15,15
DamionMcIntosh30KAN2007,Damion McIntosh,2007,ol,30,29-32,KAN,5,235,15,15
KareemMcKenzie27NYG2006,Kareem McKenzie,2006,ol,27,25-28,NYG,5,230,15,15
BryantMcKinnie342TM2013,Bryant McKinnie,2013,ol,34,32+,2TM,1,220,15,15
AdamMeadows27IND2001,Adam Meadows,2001,ol,27,25-28,IND,4,197,15,15
FredMiller34CHI2007,Fred Miller,2007,ol,34,32+,CHI,7,48,15,15
FredMiller32CHI2005,Fred Miller,2005,ol,32,29-32,CHI,7,48,15,15
JeffMitchell27CAR2001,Jeff Mitchell,2001,ol,27,25-28,CAR,7,40,15,15
JeffMitchell29CAR2003,Jeff Mitchell,2003,ol,29,29-32,CAR,7,40,15,15
EugeneMonroe23JAX2010,Eugene Monroe,2010,ol,23,< 24,JAX,1,231,15,15
EugeneMonroe262TM2013,Eugene Monroe,2013,ol,26,25-28,2TM,1,231,15,15
MitchMorse23KAN2015,Mitch Morse,2015,ol,23,< 24,KAN,4,198,15,15
EdwinMulitalo31BAL2005,Edwin Mulitalo,2005,ol,31,29-32,BAL,6,34,16,15
EdwinMulitalo33DET2007,Edwin Mulitalo,2007,ol,33,32+,DET,6,34,15,15
EdwinMulitalo28BAL2002,Edwin Mulitalo,2002,ol,28,25-28,BAL,6,34,16,15
EdwinMulitalo29BAL2003,Edwin Mulitalo,2003,ol,29,29-32,BAL,6,34,15,15
EdwinMulitalo30BAL2004,Edwin Mulitalo,2004,ol,30,29-32,BAL,6,34,15,15
ChrisNaeole31JAX2005,Chris Naeole,2005,ol,31,29-32,JAX,1,3,15,15
JamieNails28MIA2003,Jamie Nails,2003,ol,28,25-28,MIA,6,25,15,15
IkechukuNdukwe26MIA2008,Ikechuku Ndukwe,2008,ol,26,25-28,MIA,Undrafted,Undrafted,16,15
DanNeil28DEN2001,Dan Neil,2001,ol,28,25-28,DEN,5,217,15,15
JeremyNewberry25SFO2001,Jeremy Newberry,2001,ol,25,25-28,SFO,4,208,15,15
RudyNiswanger26KAN2008,Rudy Niswanger,2008,ol,26,25-28,KAN,Undrafted,Undrafted,15,15
UcheNwaneri24JAX2008,Uche Nwaneri,2008,ol,24,< 24,JAX,7,55,16,15
UcheNwaneri28JAX2012,Uche Nwaneri,2012,ol,28,25-28,JAX,7,55,15,15
ShaunO'Hara29NYG2006,Shaun O'Hara,2006,ol,29,29-32,NYG,Undrafted,Undrafted,15,15
JonathanOgden*26BAL2000,Jonathan Ogden*,2000,ol,26,25-28,BAL,1,188,15,15
RussellOkung25SEA2012,Russell Okung,2012,ol,25,25-28,SEA,1,210,15,15
RussellOkung30LAC2017,Russell Okung,2017,ol,30,29-32,LAC,1,210,15,15
ShaneOlivea24SDG2005,Shane Olivea,2005,ol,24,< 24,SDG,9,119,15,15
BenjiOlson31TEN2006,Benji Olson,2006,ol,31,29-32,TEN,7,45,15,15
BenjiOlson29TEN2004,Benji Olson,2004,ol,29,29-32,TEN,7,45,15,15
KelechiOsemele27OAK2016,Kelechi Osemele,2016,ol,27,25-28,OAK,4,211,15,15
SolomonPage26DAL2002,Solomon Page,2002,ol,26,25-28,DAL,4,205,15,15
KevinPamphile27TAM2017,Kevin Pamphile,2017,ol,27,25-28,TAM,7,55,16,15
GlennParker35NYG2001,Glenn Parker,2001,ol,35,32+,NYG,5,219,15,15
JermeyParnell29JAX2015,Jermey Parnell,2015,ol,29,29-32,JAX,Undrafted,Undrafted,15,15
TonyPashos27JAX2007,Tony Pashos,2007,ol,27,25-28,JAX,7,81,15,15
AndrusPeat23NOR2016,Andrus Peat,2016,ol,23,< 24,NOR,1,35,15,15
ToddPerry33MIA2003,Todd Perry,2003,ol,33,32+,MIA,6,250,15,15
JasonPeters25BUF2007,Jason Peters,2007,ol,25,25-28,BUF,Undrafted,Undrafted,15,15
JasonPeters27PHI2009,Jason Peters,2009,ol,27,25-28,PHI,Undrafted,Undrafted,15,15
LukePetitgout29NYG2005,Luke Petitgout,2005,ol,29,29-32,NYG,1,99,15,15
PetePierson29TAM2000,Pete Pierson,2000,ol,29,29-32,TAM,7,42,15,15
TylerPolumbus27WAS2012,Tyler Polumbus,2012,ol,27,25-28,WAS,Undrafted,Undrafted,15,15
SionePouha31NYJ2010,Sione Pouha,2010,ol,31,29-32,NYJ,5,240,16,15
MaurkicePouncey27PIT2016,Maurkice Pouncey,2016,ol,27,25-28,PIT,1,88,15,15
MaurkicePouncey28PIT2017,Maurkice Pouncey,2017,ol,28,25-28,PIT,1,88,15,15
MaurkicePouncey23PIT2012,Maurkice Pouncey,2012,ol,23,< 24,PIT,1,88,15,15
CaseyRabach30WAS2007,Casey Rabach,2007,ol,30,29-32,WAS,5,245,15,15
ChiloRachal23SFO2009,Chilo Rachal,2009,ol,23,< 24,SFO,4,187,16,15
DominicRaiola36DET2014,Dominic Raiola,2014,ol,36,32+,DET,4,200,15,15
RileyReiff29MIN2017,Riley Reiff,2017,ol,29,29-32,MIN,1,141,15,15
RileyReiff26DET2014,Riley Reiff,2014,ol,26,25-28,DET,1,141,15,15
SheldonRichardson23NYJ2013,Sheldon Richardson,2013,ol,23,< 24,NYJ,1,35,16,15
WestonRichburg23NYG2014,Weston Richburg,2014,ol,23,< 24,NYG,4,192,16,15
WestonRichburg24NYG2015,Weston Richburg,2015,ol,24,< 24,NYG,4,192,15,15
VictorRiley30NOR2004,Victor Riley,2004,ol,30,29-32,NOR,1,170,16,15
CamRobinson22JAX2017,Cam Robinson,2017,ol,22,< 24,JAX,4,182,15,15
MichaelRoos30TEN2012,Michael Roos,2012,ol,30,29-32,TEN,4,190,15,15
RaleighRoundtree25SDG2000,Raleigh Roundtree,2000,ol,25,25-28,SDG,6,12,16,15
TimRuddy29MIA2001,Tim Ruddy,2001,ol,29,29-32,MIA,4,215,15,15
RodgerSaffold28LAR2016,Rodger Saffold,2016,ol,28,25-28,LAR,4,181,15,15
RodgerSaffold29LAR2017,Rodger Saffold,2017,ol,29,29-32,LAR,4,181,15,15
ChrisSamuels25WAS2002,Chris Samuels,2002,ol,25,25-28,WAS,1,177,15,15
SamsonSatele26OAK2010,Samson Satele,2010,ol,26,25-28,OAK,4,211,16,15
SamsonSatele27OAK2011,Samson Satele,2011,ol,27,25-28,OAK,4,211,15,15
ArronSears24TAM2008,Arron Sears,2008,ol,24,< 24,TAM,4,183,15,15
LyleSendlein31ARI2015,Lyle Sendlein,2015,ol,31,29-32,ARI,Undrafted,Undrafted,15,15
KevinShaffer24ATL2004,Kevin Shaffer,2004,ol,24,< 24,ATL,9,156,15,15
KevinShaffer28CLE2008,Kevin Shaffer,2008,ol,28,25-28,CLE,9,156,15,15
L.J.Shelton27ARI2003,L.J. Shelton,2003,ol,27,25-28,ARI,1,120,15,15
AminiSilatolu24CAR2012,Amini Silatolu,2012,ol,24,< 24,CAR,4,189,15,15
BarrySims27OAK2001,Barry Sims,2001,ol,27,25-28,OAK,Undrafted,Undrafted,15,15
BarrySims28OAK2002,Barry Sims,2002,ol,28,25-28,OAK,Undrafted,Undrafted,15,15
AndreSmith26CIN2013,Andre Smith,2013,ol,26,25-28,CIN,1,210,16,15
JasonSmith24STL2010,Jason Smith,2010,ol,24,< 24,STL,1,108,15,15
TyronSmith22DAL2012,Tyron Smith,2012,ol,22,< 24,DAL,1,242,15,15
ChrisSnee29NYG2011,Chris Snee,2011,ol,29,29-32,NYG,4,182,15,15
NateSolder25NWE2013,Nate Solder,2013,ol,25,25-28,NWE,1,77,15,15
NateSolder28NWE2016,Nate Solder,2016,ol,28,25-28,NWE,1,77,15,15
JoeStaley33SFO2017,Joe Staley,2017,ol,33,32+,SFO,1,173,15,15
RonnieStanley23BAL2017,Ronnie Stanley,2017,ol,23,< 24,BAL,1,210,15,15
EricSteinbach23CIN2003,Eric Steinbach,2003,ol,23,< 24,CIN,4,181,15,15
EricSteinbach24CIN2004,Eric Steinbach,2004,ol,24,< 24,CIN,4,181,16,15
ToddSteussie36STL2006,Todd Steussie,2006,ol,36,32+,STL,1,99,16,15
DavidStewart27TEN2009,David Stewart,2009,ol,27,25-28,TEN,6,17,15,15
DavidStewart29TEN2011,David Stewart,2011,ol,29,29-32,TEN,6,17,15,15
RonStone29NYG2000,Ron Stone,2000,ol,29,29-32,NYG,6,249,15,15
RonStone30NYG2001,Ron Stone,2001,ol,30,29-32,NYG,6,249,15,15
RonStone31SFO2002,Ron Stone,2002,ol,31,29-32,SFO,6,249,15,15
ZachStrief30NOR2013,Zach Strief,2013,ol,30,29-32,NOR,9,121,15,15
ZachStrief32NOR2015,Zach Strief,2015,ol,32,29-32,NOR,9,121,15,15
XavierSu'a-Filo25HOU2016,Xavier Su'a-Filo,2016,ol,25,25-28,HOU,4,181,16,15
JohnSullivan32LAR2017,John Sullivan,2017,ol,32,29-32,LAR,8,96,15,15
JohnSullivan26MIN2011,John Sullivan,2011,ol,26,25-28,MIN,8,96,15,15
J.R.Sweezy24SEA2013,J.R. Sweezy,2013,ol,24,< 24,SEA,9,136,15,15
J.R.Sweezy26SEA2015,J.R. Sweezy,2015,ol,26,25-28,SEA,9,136,15,15
DaveSzott36NYJ2003,Dave Szott,2003,ol,36,32+,NYJ,9,89,15,15
JohnTait25KAN2000,John Tait,2000,ol,25,25-28,KAN,1,46,15,15
JohnTait30CHI2005,John Tait,2005,ol,30,29-32,CHI,1,46,15,15
JohnTait32CHI2007,John Tait,2007,ol,32,29-32,CHI,1,46,15,15
LaneTaylor28GNB2017,Lane Taylor,2017,ol,28,25-28,GNB,Undrafted,Undrafted,15,15
ChrisTerry272TM2002,Chris Terry,2002,ol,27,25-28,2TM,4,182,15,15
ChrisTerry26CAR2001,Chris Terry,2001,ol,26,25-28,CAR,4,182,15,15
RandyThomas28WAS2004,Randy Thomas,2004,ol,28,25-28,WAS,4,207,15,15
TraThomas27PHI2001,Tra Thomas,2001,ol,27,25-28,PHI,1,13,15,15
TraThomas29PHI2003,Tra Thomas,2003,ol,29,29-32,PHI,1,13,15,15
TraThomas30PHI2004,Tra Thomas,2004,ol,30,29-32,PHI,1,13,15,15
TraThomas33PHI2007,Tra Thomas,2007,ol,33,32+,PHI,1,13,15,15
AdamTimmerman29STL2000,Adam Timmerman,2000,ol,29,29-32,STL,9,142,16,15
LakenTomlinson25SFO2017,Laken Tomlinson,2017,ol,25,25-28,SFO,1,173,15,15
JohnnieTroutman27SDG2014,Johnnie Troutman,2014,ol,27,25-28,SDG,7,55,15,15
JeremyTrueblood28TAM2011,Jeremy Trueblood,2011,ol,28,25-28,TAM,4,209,15,15
RyanTucker26STL2001,Ryan Tucker,2001,ol,26,25-28,STL,6,16,15,15
LaremyTunsil23MIA2017,Laremy Tunsil,2017,ol,23,< 24,MIA,1,35,15,15
MaxUnger25SEA2011,Max Unger,2011,ol,25,25-28,SEA,4,198,15,15
MaxUnger30NOR2016,Max Unger,2016,ol,30,29-32,NOR,4,198,15,15
LouisVasquez28DEN2015,Louis Vasquez,2015,ol,28,25-28,DEN,5,229,16,15
RossVerba28CLE2001,Ross Verba,2001,ol,28,25-28,CLE,1,178,15,15
ChrisVillarrial29CHI2002,Chris Villarrial,2002,ol,29,29-32,CHI,7,59,15,15
ChrisVillarrial32BUF2005,Chris Villarrial,2005,ol,32,29-32,BUF,7,59,15,15
ChrisVillarrial27CHI2000,Chris Villarrial,2000,ol,27,25-28,CHI,7,59,16,15
SebastianVollmer28NWE2012,Sebastian Vollmer,2012,ol,28,25-28,NWE,4,208,15,15
SebastianVollmer30NWE2014,Sebastian Vollmer,2014,ol,30,29-32,NWE,4,208,15,15
ToddWade25MIA2001,Todd Wade,2001,ol,25,25-28,MIA,4,203,15,15
RickyWagner25BAL2014,Ricky Wagner,2014,ol,25,25-28,BAL,7,75,15,15
LangstonWalker31OAK2010,Langston Walker,2010,ol,31,29-32,OAK,4,203,15,15
LarryWarford25DET2016,Larry Warford,2016,ol,25,25-28,DET,5,215,15,15
BrianWaters32KAN2009,Brian Waters,2009,ol,32,29-32,KAN,Undrafted,Undrafted,15,15
ToddWeiner27ATL2002,Todd Weiner,2002,ol,27,25-28,ATL,4,196,16,15
ToddWeiner30ATL2005,Todd Weiner,2005,ol,30,29-32,ATL,4,196,15,15
JohnWelbourn25PHI2001,John Welbourn,2001,ol,25,25-28,PHI,6,250,15,15
GuyWhimper28JAX2011,Guy Whimper,2011,ol,28,25-28,JAX,6,34,15,15
BobWhitfield29ATL2000,Bob Whitfield,2000,ol,29,29-32,ATL,1,231,15,15
AndrewWhitworth36LAR2017,Andrew Whitworth,2017,ol,36,32+,LAR,4,205,15,15
CaseyWiegmann28KAN2001,Casey Wiegmann,2001,ol,28,25-28,KAN,Undrafted,Undrafted,15,15
MikeWilliams24BUF2004,Mike Williams,2004,ol,24,< 24,BUF,1,188,15,15
TrentWilliams26WAS2014,Trent Williams,2014,ol,26,25-28,WAS,1,188,15,15
WallyWilliams30NOR2001,Wally Williams,2001,ol,30,29-32,NOR,Undrafted,Undrafted,15,15
StefenWisniewski23OAK2012,Stefen Wisniewski,2012,ol,23,< 24,OAK,4,197,15,15
FloydWomack32CLE2010,Floyd Womack,2010,ol,32,29-32,CLE,6,33,16,15
DamienWoody25NWE2002,Damien Woody,2002,ol,25,25-28,NWE,1,77,16,15
DamienWoody24NWE2001,Damien Woody,2001,ol,24,< 24,NWE,1,77,16,15
BrandenAlbert25KAN2009,Branden Albert,2009,ol,25,25-28,KAN,1,56,14,14
BrandenAlbert31MIA2015,Branden Albert,2015,ol,31,29-32,MIA,1,56,14,14
JeffAllen23KAN2013,Jeff Allen,2013,ol,23,< 24,KAN,4,193,15,14
JeffAllen26HOU2016,Jeff Allen,2016,ol,26,25-28,HOU,4,193,14,14
BennieAnderson28BUF2005,Bennie Anderson,2005,ol,28,25-28,BUF,Undrafted,Undrafted,16,14
DavidAndrews25NWE2017,David Andrews,2017,ol,25,25-28,NWE,Undrafted,Undrafted,14,14
StacyAndrews26CIN2007,Stacy Andrews,2007,ol,26,25-28,CIN,6,28,16,14
JoeAndruzzi31CLE2006,Joe Andruzzi,2006,ol,31,29-32,CLE,Undrafted,Undrafted,14,14
TerronArmstead23NOR2014,Terron Armstead,2014,ol,23,< 24,NOR,5,226,14,14
SamBaker24ATL2009,Sam Baker,2009,ol,24,< 24,ATL,1,120,14,14
DavidBakhtiari24GNB2015,David Bakhtiari,2015,ol,24,< 24,GNB,6,12,14,14
DonBarclay24GNB2013,Don Barclay,2013,ol,24,< 24,GNB,Undrafted,Undrafted,14,14
KhalifBarnes25JAX2007,Khalif Barnes,2007,ol,25,25-28,JAX,4,202,16,14
ZaneBeadles24DEN2010,Zane Beadles,2010,ol,24,< 24,DEN,4,194,16,14
ByronBell24CAR2013,Byron Bell,2013,ol,24,< 24,CAR,Undrafted,Undrafted,16,14
JacobBell23TEN2004,Jacob Bell,2004,ol,23,< 24,TEN,7,44,15,14
LeCharlesBentley23NOR2002,LeCharles Bentley,2002,ol,23,< 24,NOR,4,193,14,14
LeCharlesBentley26NOR2005,LeCharles Bentley,2005,ol,26,25-28,NOR,4,193,14,14
JoeBerger34MIN2016,Joe Berger,2016,ol,34,32+,MIN,8,117,14,14
JoeBerger28MIA2010,Joe Berger,2010,ol,28,25-28,MIA,8,117,15,14
JustinBlalock24ATL2007,Justin Blalock,2007,ol,24,< 24,ATL,4,187,14,14
ClintBoling27CIN2016,Clint Boling,2016,ol,27,25-28,CIN,6,5,14,14
AlexBoone27SFO2014,Alex Boone,2014,ol,27,25-28,SFO,Undrafted,Undrafted,15,14
AlexBoone29MIN2016,Alex Boone,2016,ol,29,29-32,MIN,Undrafted,Undrafted,14,14
KevinBoothe23OAK2006,Kevin Boothe,2006,ol,23,< 24,OAK,8,84,16,14
LukeBowanko23JAX2014,Luke Bowanko,2014,ol,23,< 24,JAX,8,115,16,14
JeremyBridges26CAR2006,Jeremy Bridges,2006,ol,26,25-28,CAR,8,94,14,14
BlakeBrockermeyer27CHI2000,Blake Brockermeyer,2000,ol,27,25-28,CHI,1,174,15,14
BrandonBrooks26HOU2015,Brandon Brooks,2015,ol,26,25-28,HOU,5,227,14,14
BrandonBrooks27PHI2016,Brandon Brooks,2016,ol,27,25-28,PHI,5,227,14,14
CharlesBrown26NOR2013,Charles Brown,2013,ol,26,25-28,NOR,4,214,16,14
DuaneBrown30HOU2015,Duane Brown,2015,ol,30,29-32,HOU,1,167,14,14
DuaneBrown28HOU2013,Duane Brown,2013,ol,28,25-28,HOU,1,167,14,14
JammalBrown29WAS2010,Jammal Brown,2010,ol,29,29-32,WAS,1,35,15,14
JasonBrown28STL2011,Jason Brown,2011,ol,28,25-28,STL,6,29,14,14
RayBrown42WAS2004,Ray Brown,2004,ol,42,32+,WAS,10,111,16,14
JermonBushrod25NOR2009,Jermon Bushrod,2009,ol,25,25-28,NOR,6,30,15,14
JermonBushrod30CHI2014,Jermon Bushrod,2014,ol,30,29-32,CHI,6,30,14,14
MattCampbell28CAR2000,Matt Campbell,2000,ol,28,25-28,CAR,Undrafted,Undrafted,14,14
VernonCarey24MIA2005,Vernon Carey,2005,ol,24,< 24,MIA,1,99,16,14
GabeCarimi24CHI2012,Gabe Carimi,2012,ol,24,< 24,CHI,1,174,16,14
DwayneCarswell32DEN2004,Dwayne Carswell,2004,ol,32,29-32,DEN,Undrafted,Undrafted,15,14
ChrisChester27BAL2010,Chris Chester,2010,ol,27,25-28,BAL,4,206,14,14
ChrisClark28DEN2013,Chris Clark,2013,ol,28,25-28,DEN,Undrafted,Undrafted,16,14
ChrisClark31HOU2016,Chris Clark,2016,ol,31,29-32,HOU,Undrafted,Undrafted,16,14
AdrienClarke26NYJ2007,Adrien Clarke,2007,ol,26,25-28,NYJ,9,138,14,14
JeromeyClary29SDG2012,Jeromey Clary,2012,ol,29,29-32,SDG,8,96,14,14
T.J.Clemmings25MIN2016,T.J. Clemmings,2016,ol,25,25-28,MIN,6,14,15,14
CoseyColeman27CLE2005,Cosey Coleman,2005,ol,27,25-28,CLE,4,201,14,14
DanConnolly30NWE2012,Dan Connolly,2012,ol,30,29-32,NWE,Undrafted,Undrafted,14,14
RyanCook25MIN2008,Ryan Cook,2008,ol,25,25-28,MIN,4,201,16,14
HarveyDahl31STL2012,Harvey Dahl,2012,ol,31,29-32,STL,Undrafted,Undrafted,14,14
LeonardDavis25ARI2003,Leonard Davis,2003,ol,25,25-28,ARI,1,108,14,14
DerrickDeese32SFO2002,Derrick Deese,2002,ol,32,29-32,SFO,Undrafted,Undrafted,14,14
RickDeMulling25IND2002,Rick DeMulling,2002,ol,25,25-28,IND,9,131,14,14
KrisDielman24SDG2005,Kris Dielman,2005,ol,24,< 24,SDG,Undrafted,Undrafted,16,14
RyanDiem26IND2005,Ryan Diem,2005,ol,26,25-28,IND,6,22,14,14
ChrisDishman28ARI2002,Chris Dishman,2002,ol,28,25-28,ARI,6,9,14,14
DavidDixon32MIN2001,David Dixon,2001,ol,32,29-32,MIN,11,144,15,14
LaurentDuvernay-Tardif25KAN2016,Laurent Duvernay-Tardif,2016,ol,25,25-28,KAN,8,110,14,14
PatElflein23MIN2017,Pat Elflein,2017,ol,23,< 24,MIN,5,221,14,14
JahriEvans34GNB2017,Jahri Evans,2017,ol,34,32+,GNB,6,11,14,14
JahriEvans30NOR2013,Jahri Evans,2013,ol,30,29-32,NOR,6,11,14,14
JeffFaine24CLE2005,Jeff Faine,2005,ol,24,< 24,CLE,1,120,14,14
JeffFaine26NOR2007,Jeff Faine,2007,ol,26,25-28,NOR,1,120,14,14
PaulFanaika28ARI2014,Paul Fanaika,2014,ol,28,25-28,ARI,9,123,14,14
JohnFina31BUF2000,John Fina,2000,ol,31,29-32,BUF,1,170,14,14
EricFisher24KAN2015,Eric Fisher,2015,ol,24,< 24,KAN,1,2,16,14
MikeFlanagan32GNB2005,Mike Flanagan,2005,ol,32,29-32,GNB,5,243,14,14
ToniuFonoti21SDG2002,Toniu Fonoti,2002,ol,21,< 24,SDG,4,187,15,14
KynanForney29ATL2007,Kynan Forney,2007,ol,29,29-32,ATL,9,129,14,14
RamonFoster25PIT2011,Ramon Foster,2011,ol,25,25-28,PIT,Undrafted,Undrafted,15,14
RamonFoster28PIT2014,Ramon Foster,2014,ol,28,25-28,PIT,Undrafted,Undrafted,14,14
RamonFoster30PIT2016,Ramon Foster,2016,ol,30,29-32,PIT,Undrafted,Undrafted,14,14
RamonFoster31PIT2017,Ramon Foster,2017,ol,31,29-32,PIT,Undrafted,Undrafted,14,14
LennieFriedman25DEN2001,Lennie Friedman,2001,ol,25,25-28,DEN,4,212,15,14
BrandonFusco28MIN2016,Brandon Fusco,2016,ol,28,25-28,MIN,8,80,14,14
MikeGandy24CHI2003,Mike Gandy,2003,ol,24,< 24,CHI,5,218,14,14
RobertoGarza31CHI2010,Roberto Garza,2010,ol,31,29-32,CHI,6,252,14,14
KevinGogan36SDG2000,Kevin Gogan,2000,ol,36,32+,SDG,10,116,14,14
AdamGoldberg29STL2009,Adam Goldberg,2009,ol,29,29-32,STL,Undrafted,Undrafted,16,14
JonathanGoodwin36NOR2014,Jonathan Goodwin,2014,ol,36,32+,NOR,7,61,14,14
ScottGragg31SFO2003,Scott Gragg,2003,ol,31,29-32,SFO,4,204,15,14
JohnGreco30CLE2015,John Greco,2015,ol,30,29-32,CLE,5,215,14,14
JohnGreco28CLE2013,John Greco,2013,ol,28,25-28,CLE,5,215,14,14
KellyGregg28BAL2004,Kelly Gregg,2004,ol,28,25-28,BAL,8,81,14,14
AndreGurode29DAL2007,Andre Gurode,2007,ol,29,29-32,DAL,4,185,14,14
AndreGurode24DAL2002,Andre Gurode,2002,ol,24,< 24,DAL,4,185,14,14
JoeHaeg23IND2016,Joe Haeg,2016,ol,23,< 24,IND,7,62,15,14
NickHardwick23SDG2004,Nick Hardwick,2004,ol,23,< 24,SDG,5,216,14,14
JeffHartings34PIT2006,Jeff Hartings,2006,ol,34,32+,PIT,1,141,14,14
JoeHawley27TAM2015,Joe Hawley,2015,ol,27,25-28,TAM,6,21,15,14
EricHeitmann26SFO2006,Eric Heitmann,2006,ol,26,25-28,SFO,9,150,14,14
AnthonyHerrera29MIN2009,Anthony Herrera,2009,ol,29,29-32,MIN,Undrafted,Undrafted,14,14
ArtisHicks27PHI2005,Artis Hicks,2005,ol,27,25-28,PHI,Undrafted,Undrafted,14,14
ArtisHicks28MIN2006,Artis Hicks,2006,ol,28,25-28,MIN,Undrafted,Undrafted,14,14
BradHopkins31TEN2001,Brad Hopkins,2001,ol,31,29-32,TEN,1,35,14,14
BradHopkins32TEN2002,Brad Hopkins,2002,ol,32,29-32,TEN,1,35,14,14
SteveHutchinson34MIN2011,Steve Hutchinson,2011,ol,34,32+,MIN,1,77,14,14
SaleIsaia28NWE2000,Sale Isaia,2000,ol,28,25-28,NWE,Undrafted,Undrafted,16,14
JenoJames27MIA2004,Jeno James,2004,ol,27,25-28,MIA,8,91,14,14
JonasJennings27BUF2004,Jonas Jennings,2004,ol,27,25-28,BUF,5,248,14,14
LukeJoeckel24JAX2015,Luke Joeckel,2015,ol,24,< 24,JAX,1,108,14,14
AlJohnson28ARI2007,Al Johnson,2007,ol,28,25-28,ARI,4,186,14,14
CharlieJohnson30MIN2014,Charlie Johnson,2014,ol,30,29-32,MIN,8,107,14,14
LeviJones23CIN2002,Levi Jones,2002,ol,23,< 24,CIN,1,3,16,14
WalterJones*28SEA2002,Walter Jones*,2002,ol,28,25-28,SEA,1,210,14,14
NickKaczur29NWE2008,Nick Kaczur,2008,ol,29,29-32,NWE,5,4,14,14
PeteKendall33NYJ2006,Pete Kendall,2006,ol,33,32+,NYJ,1,120,14,14
JoshKline27TEN2016,Josh Kline,2016,ol,27,25-28,TEN,Undrafted,Undrafted,14,14
ShawnLauvao29WAS2016,Shawn Lauvao,2016,ol,29,29-32,WAS,5,245,14,14
KoryLichtensteiger25WAS2010,Kory Lichtensteiger,2010,ol,25,25-28,WAS,6,11,16,14
BrandonLinder24JAX2016,Brandon Linder,2016,ol,24,< 24,JAX,5,246,14,14
ChrisLiwienski32MIA2007,Chris Liwienski,2007,ol,32,29-32,MIA,9,117,16,14
JakeLong26MIA2011,Jake Long,2011,ol,26,25-28,MIA,1,2,14,14
NickMangold27NYJ2011,Nick Mangold,2011,ol,27,25-28,NYJ,1,174,14,14
VinceManuwai23JAX2003,Vince Manuwai,2003,ol,23,< 24,JAX,5,223,15,14
MarcusMartin22SFO2015,Marcus Martin,2015,ol,22,< 24,SFO,5,221,14,14
NickMartin24HOU2017,Nick Martin,2017,ol,24,< 24,HOU,4,200,14,14
BobbyMassie26ARI2015,Bobby Massie,2015,ol,26,25-28,ARI,6,16,14,14
KevinMawae36TEN2007,Kevin Mawae,2007,ol,36,32+,TEN,4,184,14,14
MikeMcGlynn25PHI2010,Mike McGlynn,2010,ol,25,25-28,PHI,6,12,16,14
MikeMcGlynn28IND2013,Mike McGlynn,2013,ol,28,25-28,IND,6,12,15,14
DamionMcIntosh24SDG2001,Damion McIntosh,2001,ol,24,< 24,SDG,5,235,15,14
DamionMcIntosh27MIA2004,Damion McIntosh,2004,ol,27,25-28,MIA,5,235,14,14
KareemMcKenzie26NYG2005,Kareem McKenzie,2005,ol,26,25-28,NYG,5,230,14,14
SteveMcKinney26IND2001,Steve McKinney,2001,ol,26,25-28,IND,6,246,14,14
MarcusMcNeill25SDG2008,Marcus McNeill,2008,ol,25,25-28,SDG,4,200,14,14
PaulMcQuistan30SEA2013,Paul McQuistan,2013,ol,30,29-32,SEA,5,219,16,14
AdamMeadows28IND2002,Adam Meadows,2002,ol,28,25-28,IND,4,197,14,14
JackMewhort23IND2014,Jack Mewhort,2014,ol,23,< 24,IND,4,209,14,14
JeffMitchell26BAL2000,Jeff Mitchell,2000,ol,26,25-28,BAL,7,40,14,14
QasimMitchell25CHI2004,Qasim Mitchell,2004,ol,25,25-28,CHI,Undrafted,Undrafted,16,14
EugeneMonroe24JAX2011,Eugene Monroe,2011,ol,24,< 24,JAX,1,231,15,14
EdwinMulitalo27BAL2001,Edwin Mulitalo,2001,ol,27,25-28,BAL,6,34,14,14
JamieNails27MIA2002,Jamie Nails,2002,ol,27,25-28,MIA,6,25,14,14
SteveNeal28NWE2004,Steve Neal,2004,ol,28,25-28,NWE,Undrafted,Undrafted,16,14
DanNeil30DEN2003,Dan Neil,2003,ol,30,29-32,DEN,5,217,14,14
JeremyNewberry31OAK2007,Jeremy Newberry,2007,ol,31,29-32,OAK,4,208,14,14
MarshallNewhouse27NYG2015,Marshall Newhouse,2015,ol,27,25-28,NYG,7,76,14,14
MarshallNewhouse29OAK2017,Marshall Newhouse,2017,ol,29,29-32,OAK,7,76,14,14
DerekNewton25HOU2012,Derek Newton,2012,ol,25,25-28,HOU,9,124,14,14
DennisNorman28JAX2008,Dennis Norman,2008,ol,28,25-28,JAX,9,133,16,14
TomNutten30STL2001,Tom Nutten,2001,ol,30,29-32,STL,9,132,15,14
ShaunO'Hara26CLE2003,Shaun O'Hara,2003,ol,26,25-28,CLE,Undrafted,Undrafted,14,14
JonathanOgden*32BAL2006,Jonathan Ogden*,2006,ol,32,29-32,BAL,1,188,14,14
RussellOkung27SEA2014,Russell Okung,2014,ol,27,25-28,SEA,1,210,14,14
KelechiOsemele25BAL2014,Kelechi Osemele,2014,ol,25,25-28,BAL,4,211,14,14
KelechiOsemele26BAL2015,Kelechi Osemele,2015,ol,26,25-28,BAL,4,211,14,14
OrlandoPace*33STL2008,Orlando Pace*,2008,ol,33,32+,STL,1,2,14,14
SolomonPage25DAL2001,Solomon Page,2001,ol,25,25-28,DAL,4,205,14,14
KevinPamphile26TAM2016,Kevin Pamphile,2016,ol,26,25-28,TAM,7,55,14,14
SethPayne25JAX2000,Seth Payne,2000,ol,25,25-28,JAX,6,18,16,14
AndrusPeat24NOR2017,Andrus Peat,2017,ol,24,< 24,NOR,1,35,15,14
DonaldPenn34OAK2017,Donald Penn,2017,ol,34,32+,OAK,Undrafted,Undrafted,14,14
MichaelPerson27ATL2015,Michael Person,2015,ol,27,25-28,ATL,9,150,14,14
StephenPeterman26DET2008,Stephen Peterman,2008,ol,26,25-28,DET,5,235,14,14
JasonPeters33PHI2015,Jason Peters,2015,ol,33,32+,PHI,Undrafted,Undrafted,14,14
JasonPeters29PHI2011,Jason Peters,2011,ol,29,29-32,PHI,Undrafted,Undrafted,14,14
SionePouha30NYJ2009,Sione Pouha,2009,ol,30,29-32,NYJ,5,240,16,14
MaurkicePouncey22PIT2011,Maurkice Pouncey,2011,ol,22,< 24,PIT,1,88,14,14
MikePouncey24MIA2013,Mike Pouncey,2013,ol,24,< 24,MIA,1,56,14,14
MikePouncey26MIA2015,Mike Pouncey,2015,ol,26,25-28,MIA,1,56,14,14
JustinPugh24NYG2014,Justin Pugh,2014,ol,24,< 24,NYG,1,99,14,14
JustinPugh25NYG2015,Justin Pugh,2015,ol,25,25-28,NYG,1,99,14,14
ChiloRachal24SFO2010,Chilo Rachal,2010,ol,24,< 24,SFO,4,187,15,14
WillRackley22JAX2011,Will Rackley,2011,ol,22,< 24,JAX,5,227,15,14
CoryRaymer31WAS2004,Cory Raymer,2004,ol,31,29-32,WAS,4,185,15,14
RileyReiff28DET2016,Riley Reiff,2016,ol,28,25-28,DET,1,141,14,14
JoeReitz30IND2015,Joe Reitz,2015,ol,30,29-32,IND,Undrafted,Undrafted,16,14
DallasReynolds28PHI2012,Dallas Reynolds,2012,ol,28,25-28,PHI,Undrafted,Undrafted,16,14
MarcoRivera33DAL2005,Marco Rivera,2005,ol,33,32+,DAL,8,118,14,14
GregRobinson24LAR2016,Greg Robinson,2016,ol,24,< 24,LAR,1,108,14,14
TimRuddy31MIA2003,Tim Ruddy,2003,ol,31,29-32,MIA,4,215,14,14
EphraimSalaam27DEN2003,Ephraim Salaam,2003,ol,27,25-28,DEN,9,107,14,14
EphraimSalaam30HOU2006,Ephraim Salaam,2006,ol,30,29-32,HOU,9,107,15,14
JeffSaturday29IND2004,Jeff Saturday,2004,ol,29,29-32,IND,Undrafted,Undrafted,14,14
JeffSaturday37GNB2012,Jeff Saturday,2012,ol,37,32+,GNB,Undrafted,Undrafted,14,14
BrandonScherff26WAS2017,Brandon Scherff,2017,ol,26,25-28,WAS,1,199,14,14
RyanSchraeder29ATL2017,Ryan Schraeder,2017,ol,29,29-32,ATL,Undrafted,Undrafted,14,14
RichSeubert30NYG2009,Rich Seubert,2009,ol,30,29-32,NYG,Undrafted,Undrafted,14,14
L.J.Shelton24ARI2000,L.J. Shelton,2000,ol,24,< 24,ARI,1,120,14,14
KendallSimmons23PIT2002,Kendall Simmons,2002,ol,23,< 24,PIT,1,178,14,14
KendallSimmons27PIT2006,Kendall Simmons,2006,ol,27,25-28,PIT,1,178,14,14
RobSims26SEA2009,Rob Sims,2009,ol,26,25-28,SEA,6,33,14,14
JoshSitton25GNB2011,Josh Sitton,2011,ol,25,25-28,GNB,6,41,14,14
AndreSmith24CIN2011,Andre Smith,2011,ol,24,< 24,CIN,1,210,14,14
AndreSmith28CIN2015,Andre Smith,2015,ol,28,25-28,CIN,1,210,14,14
JimmySmith31JAX2000,Jimmy Smith,2000,ol,31,29-32,JAX,4,184,15,14
AdamSnyder30ARI2012,Adam Snyder,2012,ol,30,29-32,ARI,5,247,14,14
QuintonSpain26TEN2017,Quinton Spain,2017,ol,26,25-28,TEN,Undrafted,Undrafted,14,14
ChrisSpencer29CHI2011,Chris Spencer,2011,ol,29,29-32,CHI,1,167,15,14
ChrisSpencer27SEA2009,Chris Spencer,2009,ol,27,25-28,SEA,1,167,14,14
JohnSt. Clair27MIA2004,John St. Clair,2004,ol,27,25-28,MIA,5,247,14,14
JohnSt. Clair32CLE2009,John St. Clair,2009,ol,32,29-32,CLE,5,247,14,14
MaxStarks24PIT2006,Max Starks,2006,ol,24,< 24,PIT,5,226,14,14
EricSteinbach28CLE2008,Eric Steinbach,2008,ol,28,25-28,CLE,4,181,14,14
DavidStewart24TEN2006,David Stewart,2006,ol,24,< 24,TEN,6,17,14,14
KaseyStuddard25HOU2009,Kasey Studdard,2009,ol,25,25-28,HOU,8,92,16,14
JohnSullivan25MIN2010,John Sullivan,2010,ol,25,25-28,MIN,8,96,14,14
TravisSwanson24DET2015,Travis Swanson,2015,ol,24,< 24,DET,5,227,14,14
J.R.Sweezy28TAM2017,J.R. Sweezy,2017,ol,28,25-28,TAM,9,136,14,14
JohnTait31CHI2006,John Tait,2006,ol,31,29-32,CHI,1,46,14,14
MarkTauscher23GNB2000,Mark Tauscher,2000,ol,23,< 24,GNB,9,135,16,14
RandyThomas29WAS2005,Randy Thomas,2005,ol,29,29-32,WAS,4,207,14,14
LakenTomlinson23DET2015,Laken Tomlinson,2015,ol,23,< 24,DET,1,173,16,14
AdamTreu27OAK2001,Adam Treu,2001,ol,27,25-28,OAK,5,223,16,14
RyanTucker27CLE2002,Ryan Tucker,2002,ol,27,25-28,CLE,6,16,14,14
LaremyTunsil22MIA2016,Laremy Tunsil,2016,ol,22,< 24,MIA,1,35,14,14
LouisVasquez22SDG2009,Louis Vasquez,2009,ol,22,< 24,SDG,5,229,14,14
LouisVasquez24SDG2011,Louis Vasquez,2011,ol,24,< 24,SDG,5,229,14,14
KippVickers32BAL2001,Kipp Vickers,2001,ol,32,29-32,BAL,Undrafted,Undrafted,16,14
KeydrickVincent30CAR2008,Keydrick Vincent,2008,ol,30,29-32,CAR,Undrafted,Undrafted,14,14
RickyWagner27BAL2016,Ricky Wagner,2016,ol,27,25-28,BAL,7,75,15,14
KenyattaWalker24TAM2003,Kenyatta Walker,2003,ol,24,< 24,TAM,1,46,14,14
LarryWarford26NOR2017,Larry Warford,2017,ol,26,25-28,NOR,5,215,14,14
ChanceWarmack24TEN2015,Chance Warmack,2015,ol,24,< 24,TEN,1,3,14,14
ToddWashington27HOU2003,Todd Washington,2003,ol,27,25-28,HOU,6,7,16,14
BrianWaters29KAN2006,Brian Waters,2006,ol,29,29-32,KAN,Undrafted,Undrafted,14,14
RichmondWebb33MIA2000,Richmond Webb,2000,ol,33,32+,MIA,1,242,14,14
ScottWells28GNB2009,Scott Wells,2009,ol,28,25-28,GNB,9,163,15,14
TravelleWharton27CAR2008,Travelle Wharton,2008,ol,27,25-28,CAR,5,247,14,14
WillWhitticker23GNB2005,Will Whitticker,2005,ol,23,< 24,GNB,9,157,15,14
JasonWhittle27NYG2002,Jason Whittle,2002,ol,27,25-28,NYG,Undrafted,Undrafted,14,14
AndrewWhitworth32CIN2013,Andrew Whitworth,2013,ol,32,29-32,CIN,4,205,14,14
ZachWiegert31HOU2003,Zach Wiegert,2003,ol,31,29-32,HOU,4,186,15,14
MikeWilliams22BUF2002,Mike Williams,2002,ol,22,< 24,BUF,1,188,14,14
TrentWilliams27WAS2015,Trent Williams,2015,ol,27,25-28,WAS,1,188,14,14
FrankWinters36GNB2000,Frank Winters,2000,ol,36,32+,GNB,2,172,14,14
StefenWisniewski24OAK2013,Stefen Wisniewski,2013,ol,24,< 24,OAK,4,197,14,14
FloydWomack30SEA2008,Floyd Womack,2008,ol,30,29-32,SEA,6,33,15,14
EricWood24BUF2010,Eric Wood,2010,ol,24,< 24,BUF,1,173,14,14
EricWood26BUF2012,Eric Wood,2012,ol,26,25-28,BUF,1,173,14,14
DamienWoody26NWE2003,Damien Woody,2003,ol,26,25-28,NWE,1,77,14,14
MarshalYanda28BAL2012,Marshal Yanda,2012,ol,28,25-28,BAL,5,238,14,14
JeremyZuttah25TAM2011,Jeremy Zuttah,2011,ol,25,25-28,TAM,5,235,15,14
JeffAllen22KAN2012,Jeff Allen,2012,ol,22,< 24,KAN,4,193,16,13
EugeneAmano28TEN2010,Eugene Amano,2010,ol,28,25-28,TEN,9,150,13,13
BennieAnderson24BAL2001,Bennie Anderson,2001,ol,24,< 24,BAL,Undrafted,Undrafted,16,13
JoeAndruzzi30CLE2005,Joe Andruzzi,2005,ol,30,29-32,CLE,Undrafted,Undrafted,13,13
JoeAndruzzi27NWE2002,Joe Andruzzi,2002,ol,27,25-28,NWE,Undrafted,Undrafted,13,13
TerronArmstead24NOR2015,Terron Armstead,2015,ol,24,< 24,NOR,5,226,13,13
TomAshworth26NWE2003,Tom Ashworth,2003,ol,26,25-28,NWE,Undrafted,Undrafted,16,13
JasonBall23SDG2002,Jason Ball,2002,ol,23,< 24,SDG,Undrafted,Undrafted,16,13
JoeBarksdale25STL2013,Joe Barksdale,2013,ol,25,25-28,STL,5,245,16,13
KhalifBarnes32OAK2014,Khalif Barnes,2014,ol,32,29-32,OAK,4,202,14,13
JacobBell27STL2008,Jacob Bell,2008,ol,27,25-28,STL,7,44,13,13
JacobBell28STL2009,Jacob Bell,2009,ol,28,25-28,STL,7,44,13,13
LeCharlesBentley24NOR2003,LeCharles Bentley,2003,ol,24,< 24,NOR,4,193,13,13
EricBeverly29DET2003,Eric Beverly,2003,ol,29,29-32,DET,Undrafted,Undrafted,13,13
PhilBogle24SDG2003,Phil Bogle,2003,ol,24,< 24,SDG,Undrafted,Undrafted,15,13
AlexBoone28SFO2015,Alex Boone,2015,ol,28,25-28,SFO,Undrafted,Undrafted,13,13
AlexBoone30ARI2017,Alex Boone,2017,ol,30,29-32,ARI,Undrafted,Undrafted,14,13
MikeBrisiel28HOU2011,Mike Brisiel,2011,ol,28,25-28,HOU,Undrafted,Undrafted,13,13
EthanBrooks30BAL2002,Ethan Brooks,2002,ol,30,29-32,BAL,9,140,15,13
JammalBrown24NOR2005,Jammal Brown,2005,ol,24,< 24,NOR,1,35,13,13
OrlandoBrown33BAL2003,Orlando Brown,2003,ol,33,32+,BAL,Undrafted,Undrafted,16,13
OrlandoBrown34BAL2004,Orlando Brown,2004,ol,34,32+,BAL,Undrafted,Undrafted,14,13
BradButler25BUF2008,Brad Butler,2008,ol,25,25-28,BUF,7,49,13,13
A.J.Cann24JAX2015,A.J. Cann,2015,ol,24,< 24,JAX,5,217,14,13
JamesCarpenter25SEA2014,James Carpenter,2014,ol,25,25-28,SEA,1,161,13,13
AnthonyCastonzo27IND2015,Anthony Castonzo,2015,ol,27,25-28,IND,1,130,13,13
GosderCherilus24DET2008,Gosder Cherilus,2008,ol,24,< 24,DET,1,77,16,13
GosderCherilus30IND2014,Gosder Cherilus,2014,ol,30,29-32,IND,1,77,13,13
GosderCherilus31TAM2015,Gosder Cherilus,2015,ol,31,29-32,TAM,1,77,13,13
ChrisChester26BAL2009,Chris Chester,2009,ol,26,25-28,BAL,4,206,16,13
ChadClifton25GNB2001,Chad Clifton,2001,ol,25,25-28,GNB,4,193,14,13
DarynColledge25GNB2007,Daryn Colledge,2007,ol,25,25-28,GNB,4,196,16,13
DarynColledge32MIA2014,Daryn Colledge,2014,ol,32,29-32,MIA,4,196,13,13
DanConnolly28NWE2010,Dan Connolly,2010,ol,28,25-28,NWE,Undrafted,Undrafted,14,13
DanConnolly32NWE2014,Dan Connolly,2014,ol,32,29-32,NWE,Undrafted,Undrafted,13,13
JonathanCooper27DAL2017,Jonathan Cooper,2017,ol,27,25-28,DAL,1,220,13,13
DerrickDeese30SFO2000,Derrick Deese,2000,ol,30,29-32,SFO,Undrafted,Undrafted,13,13
RyanDiem24IND2003,Ryan Diem,2003,ol,24,< 24,IND,6,22,13,13
DerrickDockery23WAS2003,Derrick Dockery,2003,ol,23,< 24,WAS,5,233,16,13
DemarDotson31TAM2016,Demar Dotson,2016,ol,31,29-32,TAM,Undrafted,Undrafted,13,13
LaurentDuvernay-Tardif24KAN2015,Laurent Duvernay-Tardif,2015,ol,24,< 24,KAN,8,110,16,13
CameronErving24CLE2016,Cameron Erving,2016,ol,24,< 24,CLE,1,99,13,13
JasonFabini33WAS2007,Jason Fabini,2007,ol,33,32+,WAS,6,15,16,13
JeffFaine23CLE2004,Jeff Faine,2004,ol,23,< 24,CLE,1,120,13,13
EricFisher22KAN2013,Eric Fisher,2013,ol,22,< 24,KAN,1,2,14,13
MikeFlanagan34HOU2007,Mike Flanagan,2007,ol,34,32+,HOU,5,243,14,13
MikeFlanagan29GNB2002,Mike Flanagan,2002,ol,29,29-32,GNB,5,243,16,13
GeorgeFoster26DEN2006,George Foster,2006,ol,26,25-28,DEN,1,109,16,13
EricGhiaciuc25CIN2006,Eric Ghiaciuc,2006,ol,25,25-28,CIN,6,23,15,13
MarcusGilbert23PIT2011,Marcus Gilbert,2011,ol,23,< 24,PIT,4,213,14,13
MarcusGilbert28PIT2016,Marcus Gilbert,2016,ol,28,25-28,PIT,4,213,13,13
GarryGilliam26SEA2016,Garry Gilliam,2016,ol,26,25-28,SEA,Undrafted,Undrafted,14,13
CordyGlenn23BUF2012,Cordy Glenn,2012,ol,23,< 24,BUF,4,190,13,13
MikeGoff26CIN2002,Mike Goff,2002,ol,26,25-28,CIN,5,229,13,13
JonathanGoodwin30NOR2008,Jonathan Goodwin,2008,ol,30,29-32,NOR,7,61,13,13
TyronneGreen26SDG2012,Tyronne Green,2012,ol,26,25-28,SDG,6,39,13,13
AndreGurode26DAL2004,Andre Gurode,2004,ol,26,25-28,DAL,4,185,14,13
NickHardwick24SDG2005,Nick Hardwick,2005,ol,24,< 24,SDG,5,216,13,13
NickHardwick27SDG2008,Nick Hardwick,2008,ol,27,25-28,SDG,5,216,13,13
BobbyHart22NYG2016,Bobby Hart,2016,ol,22,< 24,NYG,9,137,14,13
RobHavenstein23STL2015,Rob Havenstein,2015,ol,23,< 24,STL,4,207,13,13
ArtisHicks26PHI2004,Artis Hicks,2004,ol,26,25-28,PHI,Undrafted,Undrafted,14,13
MontraeHolland24NOR2004,Montrae Holland,2004,ol,24,< 24,NOR,6,6,13,13
AustinHoward28OAK2015,Austin Howard,2015,ol,28,25-28,OAK,Undrafted,Undrafted,13,13
RodneyHudson26OAK2015,Rodney Hudson,2015,ol,26,25-28,OAK,4,205,13,13
D.J.Humphries23ARI2016,D.J. Humphries,2016,ol,23,< 24,ARI,1,151,13,13
GermainIfedi22SEA2016,Germain Ifedi,2016,ol,22,< 24,SEA,1,179,13,13
BenIjalana27NYJ2016,Ben Ijalana,2016,ol,27,25-28,NYJ,4,198,16,13
MikeIupati28ARI2015,Mike Iupati,2015,ol,28,25-28,ARI,1,77,13,13
KendylJacox29NOR2004,Kendyl Jacox,2004,ol,29,29-32,NOR,Undrafted,Undrafted,13,13
JonasJennings29SFO2006,Jonas Jennings,2006,ol,29,29-32,SFO,5,248,13,13
BrettJones26NYG2017,Brett Jones,2017,ol,26,25-28,NYG,Undrafted,Undrafted,16,13
LeviJones28CIN2007,Levi Jones,2007,ol,28,25-28,CIN,1,3,15,13
DavinJoseph31STL2014,Davin Joseph,2014,ol,31,29-32,STL,1,141,16,13
MattJoyce28ARI2000,Matt Joyce,2000,ol,28,25-28,ARI,Undrafted,Undrafted,13,13
WinstonJustice26PHI2010,Winston Justice,2010,ol,26,25-28,PHI,4,187,13,13
NickKaczur30NWE2009,Nick Kaczur,2009,ol,30,29-32,NWE,5,4,14,13
PeteKendall30ARI2003,Pete Kendall,2003,ol,30,29-32,ARI,1,120,13,13
DanielKilgore29SFO2016,Daniel Kilgore,2016,ol,29,29-32,SFO,7,71,13,13
JoshKline26NWE2015,Josh Kline,2015,ol,26,25-28,NWE,Undrafted,Undrafted,14,13
KyleKosier32DAL2010,Kyle Kosier,2010,ol,32,29-32,DAL,9,159,13,13
T.J.Lang29GNB2016,T.J. Lang,2016,ol,29,29-32,GNB,6,12,13,13
T.J.Lang30DET2017,T.J. Lang,2017,ol,30,29-32,DET,6,12,13,13
TedLarsen25TAM2012,Ted Larsen,2012,ol,25,25-28,TAM,8,115,16,13
TimLelito26NOR2015,Tim Lelito,2015,ol,26,25-28,NOR,Undrafted,Undrafted,15,13
CharlesLeno24CHI2015,Charles Leno,2015,ol,24,< 24,CHI,9,157,16,13
AndyLevitre31ATL2017,Andy Levitre,2017,ol,31,29-32,ATL,4,201,13,13
BrandonLinder25JAX2017,Brandon Linder,2017,ol,25,25-28,JAX,5,246,13,13
CoreyLinsley24GNB2015,Corey Linsley,2015,ol,24,< 24,GNB,7,69,13,13
SpencerLong25WAS2015,Spencer Long,2015,ol,25,25-28,WAS,5,229,13,13
LanceLouis26CHI2011,Lance Louis,2011,ol,26,25-28,CHI,9,157,14,13
DavidLoverne28DET2004,David Loverne,2004,ol,28,25-28,DET,5,243,15,13
AliMarpet22TAM2015,Ali Marpet,2015,ol,22,< 24,TAM,4,212,13,13
ToddMcClure34ATL2011,Todd McClure,2011,ol,34,32+,ATL,9,148,13,13
MikeMcGlynn29KAN2014,Mike McGlynn,2014,ol,29,29-32,KAN,6,12,14,13
DamionMcIntosh26SDG2003,Damion McIntosh,2003,ol,26,25-28,SDG,5,235,13,13
DamionMcIntosh29MIA2006,Damion McIntosh,2006,ol,29,29-32,MIA,5,235,13,13
SethMcKinney26MIA2005,Seth McKinney,2005,ol,26,25-28,MIA,5,243,13,13
TerrenceMetcalf27CHI2005,Terrence Metcalf,2005,ol,27,25-28,CHI,5,246,13,13
JordanMills24CHI2014,Jordan Mills,2014,ol,24,< 24,CHI,7,71,13,13
EugeneMonroe22JAX2009,Eugene Monroe,2009,ol,22,< 24,JAX,1,231,15,13
BrandonMoore24NYJ2004,Brandon Moore,2004,ol,24,< 24,NYJ,Undrafted,Undrafted,13,13
ScottMruczkowski27SDG2009,Scott Mruczkowski,2009,ol,27,25-28,SDG,9,154,14,13
SteveNeal30NWE2006,Steve Neal,2006,ol,30,29-32,NWE,Undrafted,Undrafted,13,13
JamarNesbit26CAR2002,Jamar Nesbit,2002,ol,26,25-28,CAR,Undrafted,Undrafted,14,13
MarshallNewhouse23GNB2011,Marshall Newhouse,2011,ol,23,< 24,GNB,7,76,16,13
CarlNicks23NOR2008,Carl Nicks,2008,ol,23,< 24,NOR,7,72,16,13
AndrewNorwell24CAR2015,Andrew Norwell,2015,ol,24,< 24,CAR,Undrafted,Undrafted,13,13
UcheNwaneri25JAX2009,Uche Nwaneri,2009,ol,25,25-28,JAX,7,55,16,13
RomanOben29CLE2001,Roman Oben,2001,ol,29,29-32,CLE,5,216,16,13
RomanOben31TAM2003,Roman Oben,2003,ol,31,29-32,TAM,5,216,15,13
CedricOgbuehi25CIN2017,Cedric Ogbuehi,2017,ol,25,25-28,CIN,1,120,14,13
RussellOkung28SEA2015,Russell Okung,2015,ol,28,25-28,SEA,1,210,13,13
BenjiOlson32TEN2007,Benji Olson,2007,ol,32,29-32,TEN,7,45,13,13
PatrickOmameh28JAX2017,Patrick Omameh,2017,ol,28,25-28,JAX,Undrafted,Undrafted,13,13
JeffOtah23CAR2009,Jeff Otah,2009,ol,23,< 24,CAR,1,99,13,13
GlennParker34NYG2000,Glenn Parker,2000,ol,34,32+,NYG,5,219,13,13
JermeyParnell31JAX2017,Jermey Parnell,2017,ol,31,29-32,JAX,Undrafted,Undrafted,13,13
StephenPeterman25DET2007,Stephen Peterman,2007,ol,25,25-28,DET,5,235,13,13
JasonPeters26BUF2008,Jason Peters,2008,ol,26,25-28,BUF,Undrafted,Undrafted,13,13
JasonPeters28PHI2010,Jason Peters,2010,ol,28,25-28,PHI,Undrafted,Undrafted,13,13
ZachPiller26TEN2002,Zach Piller,2002,ol,26,25-28,TEN,5,233,13,13
MikePollak23IND2008,Mike Pollak,2008,ol,23,< 24,IND,4,209,13,13
MikePollak25IND2010,Mike Pollak,2010,ol,25,25-28,IND,4,209,16,13
TrevorRobinson25SDG2015,Trevor Robinson,2015,ol,25,25-28,SDG,Undrafted,Undrafted,15,13
EphraimSalaam25ATL2001,Ephraim Salaam,2001,ol,25,25-28,ATL,9,107,14,13
ChrisSamuels26WAS2003,Chris Samuels,2003,ol,26,25-28,WAS,1,177,13,13
SamsonSatele29IND2013,Samson Satele,2013,ol,29,29-32,IND,4,211,13,13
MichaelSchofield25DEN2015,Michael Schofield,2015,ol,25,25-28,DEN,5,248,13,13
SteveSciullo23IND2003,Steve Sciullo,2003,ol,23,< 24,IND,6,27,13,13
KeithSims33WAS2000,Keith Sims,2000,ol,33,32+,WAS,4,187,13,13
JoshSitton31CHI2017,Josh Sitton,2017,ol,31,29-32,CHI,6,41,13,13
TyronSmith26DAL2016,Tyron Smith,2016,ol,26,25-28,DAL,1,242,13,13
TyronSmith27DAL2017,Tyron Smith,2017,ol,27,25-28,DAL,1,242,13,13
AdamSnyder26SFO2008,Adam Snyder,2008,ol,26,25-28,SFO,5,247,14,13
AdamSnyder29SFO2011,Adam Snyder,2011,ol,29,29-32,SFO,5,247,16,13
NateSolder23NWE2011,Nate Solder,2011,ol,23,< 24,NWE,1,77,16,13
QuintonSpain25TEN2016,Quinton Spain,2016,ol,25,25-28,TEN,Undrafted,Undrafted,14,13
ChrisSpencer24SEA2006,Chris Spencer,2006,ol,24,< 24,SEA,1,167,16,13
JasonSpitz24GNB2006,Jason Spitz,2006,ol,24,< 24,GNB,5,226,14,13
JoeStaley32SFO2016,Joe Staley,2016,ol,32,29-32,SFO,1,173,13,13
BarryStokes30CLE2003,Barry Stokes,2003,ol,30,29-32,CLE,Undrafted,Undrafted,13,13
RonStone32SFO2003,Ron Stone,2003,ol,32,29-32,SFO,6,249,13,13
HarrySwayne35BAL2000,Harry Swayne,2000,ol,35,32+,BAL,9,100,13,13
JohnTait29CHI2004,John Tait,2004,ol,29,29-32,CHI,1,46,13,13
MarkTauscher31GNB2008,Mark Tauscher,2008,ol,31,29-32,GNB,9,135,13,13
RandyThomas25NYJ2001,Randy Thomas,2001,ol,25,25-28,NYJ,4,207,13,13
AdamTimmerman35STL2006,Adam Timmerman,2006,ol,35,32+,STL,9,142,14,13
MattTobin25PHI2015,Matt Tobin,2015,ol,25,25-28,PHI,Undrafted,Undrafted,16,13
JeremyTrueblood23TAM2006,Jeremy Trueblood,2006,ol,23,< 24,TAM,4,209,15,13
TorrinTucker25DAL2004,Torrin Tucker,2004,ol,25,25-28,DAL,Undrafted,Undrafted,13,13
TraiTurner24CAR2017,Trai Turner,2017,ol,24,< 24,CAR,5,245,13,13
MaxUnger27SEA2013,Max Unger,2013,ol,27,25-28,SEA,4,198,13,13
KraigUrbik26BUF2011,Kraig Urbik,2011,ol,26,25-28,BUF,5,230,13,13
KraigUrbik27BUF2012,Kraig Urbik,2012,ol,27,25-28,BUF,5,230,13,13
JaredVeldheer30ARI2017,Jared Veldheer,2017,ol,30,29-32,ARI,5,219,13,13
ChrisVillarrial30CHI2003,Chris Villarrial,2003,ol,30,29-32,CHI,7,59,13,13
SebastianVollmer31NWE2015,Sebastian Vollmer,2015,ol,31,29-32,NWE,4,208,14,13
ToddWade28HOU2004,Todd Wade,2004,ol,28,25-28,HOU,4,203,14,13
RickyWagner28DET2017,Ricky Wagner,2017,ol,28,25-28,DET,7,75,13,13
MikeWahle29CAR2006,Mike Wahle,2006,ol,29,29-32,CAR,4,2,13,13
KenyattaWalker23TAM2002,Kenyatta Walker,2002,ol,23,< 24,TAM,1,46,13,13
LarryWarford23DET2014,Larry Warford,2014,ol,23,< 24,DET,5,215,13,13
LarryWarford24DET2015,Larry Warford,2015,ol,24,< 24,DET,5,215,13,13
ToddWeiner26SEA2001,Todd Weiner,2001,ol,26,25-28,SEA,4,196,16,13
JohnWelbourn27PHI2003,John Welbourn,2003,ol,27,25-28,PHI,6,250,13,13
ScottWells26GNB2007,Scott Wells,2007,ol,26,25-28,GNB,9,163,14,13
ScottWells27GNB2008,Scott Wells,2008,ol,27,25-28,GNB,9,163,13,13
ZachWiegert32HOU2004,Zach Wiegert,2004,ol,32,29-32,HOU,4,186,13,13
BobbieWilliams30CIN2006,Bobbie Williams,2006,ol,30,29-32,CIN,4,212,13,13
ChrisWilliams25CHI2010,Chris Williams,2010,ol,25,25-28,CHI,Undrafted,Undrafted,13,13
MikeWilliams23BUF2003,Mike Williams,2003,ol,23,< 24,BUF,1,188,13,13
TrentWilliams22WAS2010,Trent Williams,2010,ol,22,< 24,WAS,1,188,14,13
BrianWinters25NYJ2016,Brian Winters,2016,ol,25,25-28,NYJ,5,223,13,13
BrianWinters26NYJ2017,Brian Winters,2017,ol,26,25-28,NYJ,5,223,13,13
BryanWitzmann27KAN2017,Bryan Witzmann,2017,ol,27,25-28,KAN,Undrafted,Undrafted,16,13
DamienWoody33NYJ2010,Damien Woody,2010,ol,33,32+,NYJ,1,77,13,13
MarshalYanda32BAL2016,Marshal Yanda,2016,ol,32,29-32,BAL,5,238,13,13
BrandenAlbert29KAN2013,Branden Albert,2013,ol,29,29-32,KAN,1,56,12,12
BrandenAlbert32MIA2016,Branden Albert,2016,ol,32,29-32,MIA,1,56,12,12
JeffAllen27HOU2017,Jeff Allen,2017,ol,27,25-28,HOU,4,193,12,12
BennieAnderson27BAL2004,Bennie Anderson,2004,ol,27,25-28,BAL,Undrafted,Undrafted,16,12
StacyAndrews29SEA2010,Stacy Andrews,2010,ol,29,29-32,SEA,6,28,13,12
BradBadger26MIN2001,Brad Badger,2001,ol,26,25-28,MIN,7,70,13,12
BradBadger29OAK2004,Brad Badger,2004,ol,29,29-32,OAK,7,70,16,12
DavidBakhtiari26GNB2017,David Bakhtiari,2017,ol,26,25-28,GNB,6,12,12,12
AllenBarbre32PHI2016,Allen Barbre,2016,ol,32,29-32,PHI,6,23,12,12
KhalifBarnes23JAX2005,Khalif Barnes,2005,ol,23,< 24,JAX,4,202,13,12
KelvinBeachum24PIT2013,Kelvin Beachum,2013,ol,24,< 24,PIT,9,159,15,12
ByronBell22CAR2011,Byron Bell,2011,ol,22,< 24,CAR,Undrafted,Undrafted,16,12
JacobBell30STL2011,Jacob Bell,2011,ol,30,29-32,STL,7,44,12,12
MackenzyBernadeau24CAR2010,Mackenzy Bernadeau,2010,ol,24,< 24,CAR,9,162,16,12
ClintBoling24CIN2013,Clint Boling,2013,ol,24,< 24,CIN,6,5,12,12
CameronBradfield25JAX2012,Cameron Bradfield,2012,ol,25,25-28,JAX,Undrafted,Undrafted,14,12
DuaneBrown31HOU2016,Duane Brown,2016,ol,31,29-32,HOU,1,167,12,12
DuaneBrown25HOU2010,Duane Brown,2010,ol,25,25-28,HOU,1,167,12,12
JammalBrown30WAS2011,Jammal Brown,2011,ol,30,29-32,WAS,1,35,12,12
JasonBrown23BAL2006,Jason Brown,2006,ol,23,< 24,BAL,6,29,16,12
MilfordBrown25HOU2005,Milford Brown,2005,ol,25,25-28,HOU,8,2,13,12
MilfordBrown26ARI2006,Milford Brown,2006,ol,26,25-28,ARI,8,2,13,12
RubenBrown33CHI2005,Ruben Brown,2005,ol,33,32+,CHI,1,46,12,12
BryanBulaga21GNB2010,Bryan Bulaga,2010,ol,21,< 24,GNB,1,141,16,12
BryanBulaga22GNB2011,Bryan Bulaga,2011,ol,22,< 24,GNB,1,141,12,12
BryanBulaga26GNB2015,Bryan Bulaga,2015,ol,26,25-28,GNB,1,141,12,12
VernonCarey29MIA2010,Vernon Carey,2010,ol,29,29-32,MIA,1,99,12,12
AnthonyCastonzo23IND2011,Anthony Castonzo,2011,ol,23,< 24,IND,1,130,12,12
GosderCherilus26DET2010,Gosder Cherilus,2010,ol,26,25-28,DET,1,77,12,12
ChadClifton33GNB2009,Chad Clifton,2009,ol,33,32+,GNB,4,193,12,12
BrianDe La Puente26NOR2011,Brian De La Puente,2011,ol,26,25-28,NOR,Undrafted,Undrafted,16,12
KyleDeVan25IND2010,Kyle DeVan,2010,ol,25,25-28,IND,Undrafted,Undrafted,16,12
DavidDiehl30NYG2010,David Diehl,2010,ol,30,29-32,NYG,7,68,12,12
ChrisDishman26ARI2000,Chris Dishman,2000,ol,26,25-28,ARI,6,9,14,12
MarkDixon32MIA2002,Mark Dixon,2002,ol,32,29-32,MIA,Undrafted,Undrafted,13,12
MarquesDouglas32NYJ2009,Marques Douglas,2009,ol,32,29-32,NYJ,Undrafted,Undrafted,16,12
VladDucasse30BUF2017,Vlad Ducasse,2017,ol,30,29-32,BUF,4,212,12,12
KingDunlap27PHI2012,King Dunlap,2012,ol,27,25-28,PHI,9,142,14,12
KingDunlap31SDG2016,King Dunlap,2016,ol,31,29-32,SDG,9,142,12,12
NickEaston25MIN2017,Nick Easton,2017,ol,25,25-28,MIN,Undrafted,Undrafted,12,12
JeffFaine28TAM2009,Jeff Faine,2009,ol,28,25-28,TAM,1,120,12,12
JohnFina32BUF2001,John Fina,2001,ol,32,29-32,BUF,1,170,13,12
D.J.Fluker24SDG2015,D.J. Fluker,2015,ol,24,< 24,SDG,1,13,12,12
ToddFordham28JAX2001,Todd Fordham,2001,ol,28,25-28,JAX,Undrafted,Undrafted,12,12
KynanForney24ATL2002,Kynan Forney,2002,ol,24,< 24,ATL,9,129,14,12
ZachFulton25KAN2016,Zach Fulton,2016,ol,25,25-28,KAN,8,102,16,12
ZachFulton26KAN2017,Zach Fulton,2017,ol,26,25-28,KAN,8,102,15,12
RobertGallery31SEA2011,Robert Gallery,2011,ol,31,29-32,SEA,1,108,12,12
RobertGallery30OAK2010,Robert Gallery,2010,ol,30,29-32,OAK,1,108,12,12
MikeGandy30ARI2009,Mike Gandy,2009,ol,30,29-32,ARI,5,218,12,12
RobertoGarza35CHI2014,Roberto Garza,2014,ol,35,32+,CHI,6,252,12,12
EricGhiaciuc26CIN2007,Eric Ghiaciuc,2007,ol,26,25-28,CIN,6,23,12,12
MarcusGilbert26PIT2014,Marcus Gilbert,2014,ol,26,25-28,PIT,4,213,12,12
AdamGoldberg25MIN2005,Adam Goldberg,2005,ol,25,25-28,MIN,Undrafted,Undrafted,16,12
JohnGreco31CLE2016,John Greco,2016,ol,31,29-32,CLE,5,215,12,12
CornellGreen33OAK2009,Cornell Green,2009,ol,33,32+,OAK,Undrafted,Undrafted,12,12
JakeGrove28OAK2008,Jake Grove,2008,ol,28,25-28,OAK,4,194,12,12
BenGrubbs23BAL2007,Ben Grubbs,2007,ol,23,< 24,BAL,1,174,16,12
BobHallen26ATL2001,Bob Hallen,2001,ol,26,25-28,ATL,4,203,15,12
GeoffHangartner28BUF2010,Geoff Hangartner,2010,ol,28,25-28,BUF,7,76,12,12
GeoffHangartner30CAR2012,Geoff Hangartner,2012,ol,30,29-32,CAR,7,76,12,12
NickHardwick26SDG2007,Nick Hardwick,2007,ol,26,25-28,SDG,5,216,12,12
JoeHawley23ATL2011,Joe Hawley,2011,ol,23,< 24,ATL,6,21,16,12
EricHeitmann22SFO2002,Eric Heitmann,2002,ol,22,< 24,SFO,9,150,16,12
AnthonyHerrera31MIN2011,Anthony Herrera,2011,ol,31,29-32,MIN,Undrafted,Undrafted,12,12
AnthonyHerrera27MIN2007,Anthony Herrera,2007,ol,27,25-28,MIN,Undrafted,Undrafted,16,12
LesterHolmes31ARI2000,Lester Holmes,2000,ol,31,29-32,ARI,1,99,12,12
TreyHopkins25CIN2017,Trey Hopkins,2017,ol,25,25-28,CIN,Undrafted,Undrafted,13,12
CoreyHulsey24BUF2001,Corey Hulsey,2001,ol,24,< 24,BUF,Undrafted,Undrafted,16,12
SteveHutchinson35TEN2012,Steve Hutchinson,2012,ol,35,32+,TEN,1,77,12,12
RichieIncognito262TM2009,Richie Incognito,2009,ol,26,25-28,2TM,5,233,12,12
MikeIupati26SFO2013,Mike Iupati,2013,ol,26,25-28,SFO,1,77,12,12
GabeJackson23OAK2014,Gabe Jackson,2014,ol,23,< 24,OAK,5,233,13,12
JonasJennings24BUF2001,Jonas Jennings,2001,ol,24,< 24,BUF,5,248,12,12
CharlieJohnson25IND2009,Charlie Johnson,2009,ol,25,25-28,IND,8,107,12,12
LaneJohnson24PHI2014,Lane Johnson,2014,ol,24,< 24,PHI,1,188,12,12
WalterJones*34SEA2008,Walter Jones*,2008,ol,34,32+,SEA,1,210,12,12
DavinJoseph23TAM2006,Davin Joseph,2006,ol,23,< 24,TAM,1,141,13,12
DavinJoseph25TAM2008,Davin Joseph,2008,ol,25,25-28,TAM,1,141,12,12
MattJoyce29DET2001,Matt Joyce,2001,ol,29,29-32,DET,Undrafted,Undrafted,16,12
WinstonJustice28IND2012,Winston Justice,2012,ol,28,25-28,IND,4,187,12,12
RyanKalil23CAR2008,Ryan Kalil,2008,ol,23,< 24,CAR,4,209,12,12
JasonKelce27PHI2014,Jason Kelce,2014,ol,27,25-28,PHI,8,101,12,12
ChrisKemoeatu26PIT2009,Chris Kemoeatu,2009,ol,26,25-28,PIT,8,114,12,12
PeteKendall29ARI2002,Pete Kendall,2002,ol,29,29-32,ARI,1,120,12,12
DanKoppen33DEN2012,Dan Koppen,2012,ol,33,32+,DEN,7,72,15,12
KyleKosier25SFO2003,Kyle Kosier,2003,ol,25,25-28,SFO,9,159,16,12
RonaldLeary27DAL2016,Ronald Leary,2016,ol,27,25-28,DAL,Undrafted,Undrafted,13,12
JayLeeuwenburg31WAS2000,Jay Leeuwenburg,2000,ol,31,29-32,WAS,11,156,16,12
MattLight23NWE2001,Matt Light,2001,ol,23,< 24,NWE,4,197,14,12
JakeLong27MIA2012,Jake Long,2012,ol,27,25-28,MIA,1,2,12,12
SpencerLong26WAS2016,Spencer Long,2016,ol,26,25-28,WAS,5,229,15,12
J.P.Machado26NYJ2002,J.P. Machado,2002,ol,26,25-28,NYJ,8,106,16,12
SeanMahan26TAM2006,Sean Mahan,2006,ol,26,25-28,TAM,7,75,16,12
EvanMathis34DEN2015,Evan Mathis,2015,ol,34,32+,DEN,5,230,16,12
JermaneMayberry31PHI2004,Jermane Mayberry,2004,ol,31,29-32,PHI,1,161,12,12
KareemMcKenzie30NYG2009,Kareem McKenzie,2009,ol,30,29-32,NYG,5,230,12,12
BryantMcKinnie29MIN2008,Bryant McKinnie,2008,ol,29,29-32,MIN,1,220,12,12
BradMeester28JAX2005,Brad Meester,2005,ol,28,25-28,JAX,4,211,12,12
JamonMeredith26TAM2012,Jamon Meredith,2012,ol,26,25-28,TAM,7,70,14,12
JohnMiller22BUF2015,John Miller,2015,ol,22,< 24,BUF,5,233,12,12
SteveNeal33NWE2009,Steve Neal,2009,ol,33,32+,NWE,Undrafted,Undrafted,12,12
DanNeil31DEN2004,Dan Neil,2004,ol,31,29-32,DEN,5,217,13,12
RyanO'Callaghan26KAN2009,Ryan O'Callaghan,2009,ol,26,25-28,KAN,7,42,14,12
MattO'Dwyer29CIN2001,Matt O'Dwyer,2001,ol,29,29-32,CIN,4,181,12,12
ShaunO'Hara27NYG2004,Shaun O'Hara,2004,ol,27,25-28,NYG,Undrafted,Undrafted,12,12
CedricOgbuehi24CIN2016,Cedric Ogbuehi,2016,ol,24,< 24,CIN,1,120,14,12
JonathanOgden*30BAL2004,Jonathan Ogden*,2004,ol,30,29-32,BAL,1,188,12,12
RussellOkung24SEA2011,Russell Okung,2011,ol,24,< 24,SEA,1,210,12,12
MichaelOla26CHI2014,Michael Ola,2014,ol,26,25-28,CHI,Undrafted,Undrafted,13,12
FrankOmiyale27CHI2009,Frank Omiyale,2009,ol,27,25-28,CHI,7,71,16,12
JeffOtah22CAR2008,Jeff Otah,2008,ol,22,< 24,CAR,1,99,12,12
VaughnParker31SDG2002,Vaughn Parker,2002,ol,31,29-32,SDG,4,213,12,12
TonyPashos31CLE2011,Tony Pashos,2011,ol,31,29-32,CLE,7,81,12,12
TonyPashos33OAK2013,Tony Pashos,2013,ol,33,32+,OAK,7,81,12,12
AustinPasztor23JAX2013,Austin Pasztor,2013,ol,23,< 24,JAX,Undrafted,Undrafted,15,12
DonaldPenn24TAM2007,Donald Penn,2007,ol,24,< 24,TAM,Undrafted,Undrafted,16,12
MikePouncey25MIA2014,Mike Pouncey,2014,ol,25,25-28,MIA,1,56,12,12
MikePucillo24BUF2003,Mike Pucillo,2003,ol,24,< 24,BUF,9,125,13,12
DominicRaiola30DET2008,Dominic Raiola,2008,ol,30,29-32,DET,4,200,12,12
ManuelRamirez26DET2009,Manuel Ramirez,2009,ol,26,25-28,DET,6,21,13,12
MontaeReagor28IND2005,Montae Reagor,2005,ol,28,25-28,IND,4,208,13,12
TutanReyes27CAR2004,Tutan Reyes,2004,ol,27,25-28,CAR,7,37,14,12
ChadRinehart26BUF2011,Chad Rinehart,2011,ol,26,25-28,BUF,5,249,16,12
GregRobinson22STL2014,Greg Robinson,2014,ol,22,< 24,STL,1,108,16,12
DennisRoland26CIN2009,Dennis Roland,2009,ol,26,25-28,CIN,Undrafted,Undrafted,16,12
DennisRoland27CIN2010,Dennis Roland,2010,ol,27,25-28,CIN,Undrafted,Undrafted,16,12
MikeRosenthal28MIN2005,Mike Rosenthal,2005,ol,28,25-28,MIN,7,55,16,12
OliverRoss31ARI2005,Oliver Ross,2005,ol,31,29-32,ARI,7,44,12,12
EphraimSalaam28JAX2004,Ephraim Salaam,2004,ol,28,25-28,JAX,9,107,15,12
ChrisSamuels31WAS2008,Chris Samuels,2008,ol,31,29-32,WAS,1,177,12,12
SamsonSatele25OAK2009,Samson Satele,2009,ol,25,25-28,OAK,4,211,15,12
JeffSaturday33IND2008,Jeff Saturday,2008,ol,33,32+,IND,Undrafted,Undrafted,12,12
TonySemple31DET2001,Tony Semple,2001,ol,31,29-32,DET,7,61,15,12
BrandonShell25NYJ2017,Brandon Shell,2017,ol,25,25-28,NYJ,7,65,12,12
JoshSitton30CHI2016,Josh Sitton,2016,ol,30,29-32,CHI,6,41,13,12
MattSkura24BAL2017,Matt Skura,2017,ol,24,< 24,BAL,Undrafted,Undrafted,12,12
JustinSmiley27MIA2008,Justin Smiley,2008,ol,27,25-28,MIA,4,195,12,12
JustinSmiley28MIA2009,Justin Smiley,2009,ol,28,25-28,MIA,4,195,15,12
DarylSmith34TAM2016,Daryl Smith,2016,ol,34,32+,TAM,4,187,16,12
JeffSmith27JAX2000,Jeff Smith,2000,ol,27,25-28,JAX,9,153,14,12
MarvelSmith27PIT2005,Marvel Smith,2005,ol,27,25-28,PIT,4,186,12,12
MarvelSmith29PIT2007,Marvel Smith,2007,ol,29,29-32,PIT,4,186,12,12
BradleySowell24ARI2013,Bradley Sowell,2013,ol,24,< 24,ARI,Undrafted,Undrafted,16,12
JasonSpitz25GNB2007,Jason Spitz,2007,ol,25,25-28,GNB,5,226,14,12
RonnieStanley22BAL2016,Ronnie Stanley,2016,ol,22,< 24,BAL,1,210,12,12
DarnellStapleton23PIT2008,Darnell Stapleton,2008,ol,23,< 24,PIT,Undrafted,Undrafted,14,12
MaxStarks29PIT2011,Max Starks,2011,ol,29,29-32,PIT,5,226,12,12
DonaldStephenson28DEN2016,Donald Stephenson,2016,ol,28,25-28,DEN,5,225,13,12
DavidStewart30TEN2012,David Stewart,2012,ol,30,29-32,TEN,6,17,12,12
DavidStewart31TEN2013,David Stewart,2013,ol,31,29-32,TEN,6,17,12,12
ZachStrief29NOR2012,Zach Strief,2012,ol,29,29-32,NOR,9,121,12,12
TravisSwanson25DET2016,Travis Swanson,2016,ol,25,25-28,DET,5,227,12,12
TreyTeague30BUF2004,Trey Teague,2004,ol,30,29-32,BUF,9,110,12,12
DonaldThomas24MIA2009,Donald Thomas,2009,ol,24,< 24,MIA,8,104,16,12
HughThornton22IND2013,Hugh Thornton,2013,ol,22,< 24,IND,5,238,14,12
HughThornton24IND2015,Hugh Thornton,2015,ol,24,< 24,IND,5,238,13,12
RossTucker25BUF2004,Ross Tucker,2004,ol,25,25-28,BUF,Undrafted,Undrafted,16,12
BillyTurner24MIA2015,Billy Turner,2015,ol,24,< 24,MIA,5,217,13,12
TonyUgoh25IND2008,Tony Ugoh,2008,ol,25,25-28,IND,4,191,15,12
KeydrickVincent28BAL2006,Keydrick Vincent,2006,ol,28,25-28,BAL,Undrafted,Undrafted,12,12
DannyWatkins27PHI2011,Danny Watkins,2011,ol,27,25-28,PHI,1,141,12,12
FredWeary25HOU2002,Fred Weary,2002,ol,25,25-28,HOU,5,216,16,12
FredWeary29HOU2006,Fred Weary,2006,ol,29,29-32,HOU,5,216,15,12
FredWeary30HOU2007,Fred Weary,2007,ol,30,29-32,HOU,5,216,12,12
J'MarcusWebb22CHI2010,J'Marcus Webb,2010,ol,22,< 24,CHI,9,128,14,12
ScottWells32STL2013,Scott Wells,2013,ol,32,29-32,STL,9,163,12,12
RyanWendell28NWE2014,Ryan Wendell,2014,ol,28,25-28,NWE,Undrafted,Undrafted,14,12
TravelleWharton32CAR2013,Travelle Wharton,2013,ol,32,29-32,CAR,5,247,16,12
AndrewWhitworth25CIN2006,Andrew Whitworth,2006,ol,25,25-28,CIN,4,205,16,12
ZachWiegert33HOU2005,Zach Wiegert,2005,ol,33,32+,HOU,4,186,12,12
TrentWilliams28WAS2016,Trent Williams,2016,ol,28,25-28,WAS,1,188,12,12
BrianWinters22NYJ2013,Brian Winters,2013,ol,22,< 24,NYJ,5,223,16,12
DaveWohlabaugh30CLE2002,Dave Wohlabaugh,2002,ol,30,29-32,CLE,6,16,12,12
DaveWohlabaugh28CLE2000,Dave Wohlabaugh,2000,ol,28,25-28,CLE,6,16,12,12
MarshalYanda23BAL2007,Marshal Yanda,2007,ol,23,< 24,BAL,5,238,16,12
KevinZeitler24CIN2014,Kevin Zeitler,2014,ol,24,< 24,CIN,1,170,12,12
BrandenAlbert28KAN2012,Branden Albert,2012,ol,28,25-28,KAN,1,56,13,11
IanAllen25NYG2003,Ian Allen,2003,ol,25,25-28,NYG,Undrafted,Undrafted,16,11
LarryAllen*35SFO2006,Larry Allen*,2006,ol,35,32+,SFO,4,195,11,11
WillieAnderson33BAL2008,Willie Anderson,2008,ol,33,32+,BAL,1,3,14,11
DavidAndrews23NWE2015,David Andrews,2015,ol,23,< 24,NWE,Undrafted,Undrafted,14,11
JoeAndruzzi25NWE2000,Joe Andruzzi,2000,ol,25,25-28,NWE,Undrafted,Undrafted,11,11
TomAshworth28NWE2005,Tom Ashworth,2005,ol,28,25-28,NWE,Undrafted,Undrafted,14,11
DavidBaas30NYG2011,David Baas,2011,ol,30,29-32,NYG,4,181,11,11
BradBadger28OAK2003,Brad Badger,2003,ol,28,25-28,OAK,7,70,16,11
JoeBarksdale29LAC2017,Joe Barksdale,2017,ol,29,29-32,LAC,5,245,11,11
AlexBarron23STL2005,Alex Barron,2005,ol,23,< 24,STL,1,99,12,11
MackenzyBernadeau27DAL2013,Mackenzy Bernadeau,2013,ol,27,25-28,DAL,9,162,16,11
MattBirk28MIN2004,Matt Birk,2004,ol,28,25-28,MIN,8,81,12,11
CameronBradfield26JAX2013,Cameron Bradfield,2013,ol,26,25-28,JAX,Undrafted,Undrafted,15,11
LeviBrown23ARI2007,Levi Brown,2007,ol,23,< 24,ARI,1,199,13,11
NateChandler25CAR2014,Nate Chandler,2014,ol,25,25-28,CAR,Undrafted,Undrafted,11,11
ChrisChester25BAL2008,Chris Chester,2008,ol,25,25-28,BAL,4,206,16,11
TysonClabo26ATL2007,Tyson Clabo,2007,ol,26,25-28,ATL,Undrafted,Undrafted,11,11
TravisClaridge23ATL2001,Travis Claridge,2001,ol,23,< 24,ATL,4,185,14,11
La'elCollins22DAL2015,La'el Collins,2015,ol,22,< 24,DAL,Undrafted,Undrafted,12,11
WillieColon29PIT2012,Willie Colon,2012,ol,29,29-32,PIT,6,37,11,11
DanConnolly29NWE2011,Dan Connolly,2011,ol,29,29-32,NWE,Undrafted,Undrafted,13,11
RyanCook29DAL2012,Ryan Cook,2012,ol,29,29-32,DAL,4,201,13,11
HarveyDahl28ATL2009,Harvey Dahl,2009,ol,28,25-28,ATL,Undrafted,Undrafted,11,11
DionDawkins23BUF2017,Dion Dawkins,2017,ol,23,< 24,BUF,4,213,16,11
DerrickDeese33SFO2003,Derrick Deese,2003,ol,33,32+,SFO,Undrafted,Undrafted,11,11
EnochDeMar24CLE2004,Enoch DeMar,2004,ol,24,< 24,CLE,Undrafted,Undrafted,15,11
RickDeMulling27IND2004,Rick DeMulling,2004,ol,27,25-28,IND,9,131,11,11
MikeDeVito26NYJ2010,Mike DeVito,2010,ol,26,25-28,NYJ,Undrafted,Undrafted,16,11
MikeDeVito27NYJ2011,Mike DeVito,2011,ol,27,25-28,NYJ,Undrafted,Undrafted,12,11
DavidDiehl33NYG2013,David Diehl,2013,ol,33,32+,NYG,7,68,11,11
RyanDiem32IND2011,Ryan Diem,2011,ol,32,29-32,IND,6,22,11,11
DemarDotson32TAM2017,Demar Dotson,2017,ol,32,29-32,TAM,Undrafted,Undrafted,11,11
EarlDotson32GNB2002,Earl Dotson,2002,ol,32,29-32,GNB,5,233,14,11
VladDucasse28CHI2015,Vlad Ducasse,2015,ol,28,25-28,CHI,4,212,15,11
KingDunlap28SDG2013,King Dunlap,2013,ol,28,25-28,SDG,9,142,11,11
LaurentDuvernay-Tardif26KAN2017,Laurent Duvernay-Tardif,2017,ol,26,25-28,KAN,8,110,11,11
JahriEvans32NOR2015,Jahri Evans,2015,ol,32,29-32,NOR,6,11,11,11
JasonFox27MIA2015,Jason Fox,2015,ol,27,25-28,MIA,6,33,15,11
DougFree30DAL2014,Doug Free,2014,ol,30,29-32,DAL,6,27,11,11
JaredGaither23BAL2009,Jared Gaither,2009,ol,23,< 24,BAL,7,1,11,11
DylanGandy24IND2006,Dylan Gandy,2006,ol,24,< 24,IND,6,34,16,11
MikeGandy23CHI2002,Mike Gandy,2002,ol,23,< 24,CHI,5,218,13,11
JoshuaGarnett22SFO2016,Joshua Garnett,2016,ol,22,< 24,SFO,1,173,15,11
GrahamGlasgow24DET2016,Graham Glasgow,2016,ol,24,< 24,DET,5,248,15,11
CordyGlenn27BUF2016,Cordy Glenn,2016,ol,27,25-28,BUF,4,190,11,11
JoaquinGonzalez25CLE2004,Joaquin Gonzalez,2004,ol,25,25-28,CLE,9,138,16,11
DeMingoGraham29HOU2002,DeMingo Graham,2002,ol,29,29-32,HOU,Undrafted,Undrafted,14,11
ChrisHairston26SDG2015,Chris Hairston,2015,ol,26,25-28,SDG,6,27,16,11
BobHallen27SDG2002,Bob Hallen,2002,ol,27,25-28,SDG,4,203,13,11
KwameHarris26OAK2008,Kwame Harris,2008,ol,26,25-28,OAK,1,167,14,11
JeffHartings30PIT2002,Jeff Hartings,2002,ol,30,29-32,PIT,1,141,12,11
ToddHerremans27PHI2009,Todd Herremans,2009,ol,27,25-28,PHI,6,31,11,11
BradHopkins34TEN2004,Brad Hopkins,2004,ol,34,32+,TEN,1,35,11,11
SteveHutchinson33MIN2010,Steve Hutchinson,2010,ol,33,32+,MIN,1,77,11,11
KendylJacox28NOR2003,Kendyl Jacox,2003,ol,28,25-28,NOR,Undrafted,Undrafted,12,11
JonJansen32WAS2008,Jon Jansen,2008,ol,32,29-32,WAS,4,185,14,11
KerryJenkins30TAM2003,Kerry Jenkins,2003,ol,30,29-32,TAM,Undrafted,Undrafted,16,11
JonasJennings26BUF2003,Jonas Jennings,2003,ol,26,25-28,BUF,5,248,11,11
LukeJoeckel26SEA2017,Luke Joeckel,2017,ol,26,25-28,SEA,1,108,11,11
ClarenceJones32CAR2000,Clarence Jones,2000,ol,32,29-32,CAR,6,15,11,11
KenyattaJones23NWE2002,Kenyatta Jones,2002,ol,23,< 24,NWE,6,249,13,11
RodJones26CIN2000,Rod Jones,2000,ol,26,25-28,CIN,9,129,16,11
DavinJoseph27TAM2010,Davin Joseph,2010,ol,27,25-28,TAM,1,141,11,11
NickKaczur26NWE2005,Nick Kaczur,2005,ol,26,25-28,NWE,5,4,14,11
BrandonKeith27ARI2011,Brandon Keith,2011,ol,27,25-28,ARI,9,136,13,11
PeteKendall28ARI2001,Pete Kendall,2001,ol,28,25-28,ARI,1,120,11,11
KyleKosier27DET2005,Kyle Kosier,2005,ol,27,25-28,DET,9,159,16,11
ChrisKuper25DEN2007,Chris Kuper,2007,ol,25,25-28,DEN,7,69,16,11
TedLarsen23TAM2010,Ted Larsen,2010,ol,23,< 24,TAM,8,115,12,11
ShawnLauvao26CLE2013,Shawn Lauvao,2013,ol,26,25-28,CLE,5,245,11,11
RonaldLeary28DEN2017,Ronald Leary,2017,ol,28,25-28,DEN,Undrafted,Undrafted,11,11
NickLeckey24ARI2006,Nick Leckey,2006,ol,24,< 24,ARI,8,74,14,11
DougLegursky27BUF2013,Doug Legursky,2013,ol,27,25-28,BUF,Undrafted,Undrafted,12,11
MattLehr27ATL2006,Matt Lehr,2006,ol,27,25-28,ATL,7,43,11,11
JoshLeRibeus26WAS2015,Josh LeRibeus,2015,ol,26,25-28,WAS,5,222,16,11
MattLight31NWE2009,Matt Light,2009,ol,31,29-32,NWE,4,197,11,11
PhilLoadholt28MIN2014,Phil Loadholt,2014,ol,28,25-28,MIN,4,204,11,11
SeanLocklear27SEA2008,Sean Locklear,2008,ol,27,25-28,SEA,5,236,12,11
LanceLouis27CHI2012,Lance Louis,2012,ol,27,25-28,CHI,9,157,11,11
DavidLoverne26WAS2002,David Loverne,2002,ol,26,25-28,WAS,5,243,15,11
WayneLucier24NYG2003,Wayne Lucier,2003,ol,24,< 24,NYG,9,160,12,11
VinceManuwai30JAX2010,Vince Manuwai,2010,ol,30,29-32,JAX,5,223,16,11
AliMarpet24TAM2017,Ali Marpet,2017,ol,24,< 24,TAM,4,212,11,11
StockarMcDougle25DET2002,Stockar McDougle,2002,ol,25,25-28,DET,1,109,12,11
MarcusMcNeill27SDG2010,Marcus McNeill,2010,ol,27,25-28,SDG,4,200,11,11
BradMeester30JAX2007,Brad Meester,2007,ol,30,29-32,JAX,4,211,11,11
FrankMiddleton27OAK2001,Frank Middleton,2001,ol,27,25-28,OAK,5,213,13,11
EugeneMonroe27BAL2014,Eugene Monroe,2014,ol,27,25-28,BAL,1,231,11,11
LarryMoore26IND2001,Larry Moore,2001,ol,26,25-28,IND,Undrafted,Undrafted,16,11
EdwinMulitalo34DET2008,Edwin Mulitalo,2008,ol,34,32+,DET,6,34,11,11
TomNutten31STL2002,Tom Nutten,2002,ol,31,29-32,STL,9,132,11,11
MichaelOher28TEN2014,Michael Oher,2014,ol,28,25-28,TEN,1,141,11,11
OrlandoPace*34CHI2009,Orlando Pace*,2009,ol,34,32+,CHI,1,2,11,11
MikePearson22JAX2002,Mike Pearson,2002,ol,22,< 24,JAX,4,189,16,11
EthanPocic22SEA2017,Ethan Pocic,2017,ol,22,< 24,SEA,4,208,16,11
DukePreston26BUF2008,Duke Preston,2008,ol,26,25-28,BUF,6,27,15,11
CoryProcter26DAL2008,Cory Procter,2008,ol,26,25-28,DAL,Undrafted,Undrafted,16,11
JustinPugh26NYG2016,Justin Pugh,2016,ol,26,25-28,NYG,1,99,11,11
WillRackley24JAX2013,Will Rackley,2013,ol,24,< 24,JAX,5,227,11,11
ManuelRamirez29DEN2012,Manuel Ramirez,2012,ol,29,29-32,DEN,6,21,15,11
MikeRemmers28MIN2017,Mike Remmers,2017,ol,28,25-28,MIN,Undrafted,Undrafted,11,11
GarrettReynolds28STL2015,Garrett Reynolds,2015,ol,28,25-28,STL,7,63,15,11
OliverRoss29PIT2003,Oliver Ross,2003,ol,29,29-32,PIT,7,44,16,11
GreyRuegamer28GNB2004,Grey Ruegamer,2004,ol,28,25-28,GNB,5,223,15,11
SamsonSatele28IND2012,Samson Satele,2012,ol,28,25-28,IND,4,211,11,11
GeoffSchwartz29NYG2015,Geoff Schwartz,2015,ol,29,29-32,NYG,9,153,11,11
BrianSchwenke23TEN2014,Brian Schwenke,2014,ol,23,< 24,TEN,6,10,11,11
LyleSendlein28ARI2012,Lyle Sendlein,2012,ol,28,25-28,ARI,Undrafted,Undrafted,11,11
ChrisSnee22NYG2004,Chris Snee,2004,ol,22,< 24,NYG,4,182,11,11
AdamSnyder25SFO2007,Adam Snyder,2007,ol,25,25-28,SFO,5,247,16,11
ChrisSpencer26SEA2008,Chris Spencer,2008,ol,26,25-28,SEA,1,167,11,11
MarcusSpriggs26BUF2000,Marcus Spriggs,2000,ol,26,25-28,BUF,8,94,16,11
MaxStarks26PIT2008,Max Starks,2008,ol,26,25-28,PIT,5,226,16,11
MarkStepnoski33DAL2000,Mark Stepnoski,2000,ol,33,32+,DAL,5,207,11,11
BarryStokes33DET2006,Barry Stokes,2006,ol,33,32+,DET,Undrafted,Undrafted,11,11
BryanStork24NWE2014,Bryan Stork,2014,ol,24,< 24,NWE,6,8,13,11
ZachStrief28NOR2011,Zach Strief,2011,ol,28,25-28,NOR,9,121,11,11
TravisSwanson26DET2017,Travis Swanson,2017,ol,26,25-28,DET,5,227,11,11
MarkTauscher29GNB2006,Mark Tauscher,2006,ol,29,29-32,GNB,9,135,11,11
TonyUgoh24IND2007,Tony Ugoh,2007,ol,24,< 24,IND,4,191,11,11
FernandoVelasco28PIT2013,Fernando Velasco,2013,ol,28,25-28,PIT,Undrafted,Undrafted,11,11
JaredVeldheer23OAK2010,Jared Veldheer,2010,ol,23,< 24,OAK,5,219,16,11
KenyattaWalker25TAM2004,Kenyatta Walker,2004,ol,25,25-28,TAM,1,46,13,11
EarlWatford26ARI2016,Earl Watford,2016,ol,26,25-28,ARI,6,20,15,11
ToddWeiner33ATL2008,Todd Weiner,2008,ol,33,32+,ATL,4,196,16,11
JohnWelbourn26PHI2002,John Welbourn,2002,ol,26,25-28,PHI,6,250,11,11
JohnWetzel26ARI2017,John Wetzel,2017,ol,26,25-28,ARI,Undrafted,Undrafted,16,11
TravelleWharton23CAR2004,Travelle Wharton,2004,ol,23,< 24,CAR,5,247,11,11
TaylorWhitley24MIA2004,Taylor Whitley,2004,ol,24,< 24,MIA,5,239,16,11
CodyWichmann24LAR2016,Cody Wichmann,2016,ol,24,< 24,LAR,8,125,12,11
BobbieWilliams27PHI2003,Bobbie Williams,2003,ol,27,25-28,PHI,4,212,16,11
GarryWilliams24CAR2010,Garry Williams,2010,ol,24,< 24,CAR,Undrafted,Undrafted,16,11
GrantWilliams30STL2004,Grant Williams,2004,ol,30,29-32,STL,Undrafted,Undrafted,16,11
StefenWisniewski28PHI2017,Stefen Wisniewski,2017,ol,28,25-28,PHI,4,197,14,11
KevinZeitler23CIN2013,Kevin Zeitler,2013,ol,23,< 24,CIN,1,170,12,11
OdayAboushi23NYJ2014,Oday Aboushi,2014,ol,23,< 24,NYJ,7,48,15,10
MikeAdams23PIT2013,Mike Adams,2013,ol,23,< 24,PIT,4,206,15,10
TerronArmstead26NOR2017,Terron Armstead,2017,ol,26,25-28,NOR,5,226,10,10
D'AnthonyBatiste31ARI2012,D'Anthony Batiste,2012,ol,31,29-32,ARI,Undrafted,Undrafted,15,10
WillBeatty26NYG2011,Will Beatty,2011,ol,26,25-28,NYG,4,211,10,10
JoelBitonio24CLE2015,Joel Bitonio,2015,ol,24,< 24,CLE,4,183,10,10
JordanBlack25KAN2005,Jordan Black,2005,ol,25,25-28,KAN,7,60,16,10
RichBraham34CIN2004,Rich Braham,2004,ol,34,32+,CIN,5,227,10,10
JeremyBridges27CAR2007,Jeremy Bridges,2007,ol,27,25-28,CAR,8,94,13,10
DuaneBrown322TM2017,Duane Brown,2017,ol,32,29-32,2TM,1,167,10,10
TrentBrown24SFO2017,Trent Brown,2017,ol,24,< 24,SFO,9,156,10,10
JermonBushrod33MIA2017,Jermon Bushrod,2017,ol,33,32+,MIA,6,30,10,10
JamesCarpenter24SEA2013,James Carpenter,2013,ol,24,< 24,SEA,1,161,16,10
TysonClabo25ATL2006,Tyson Clabo,2006,ol,25,25-28,ATL,Undrafted,Undrafted,10,10
JeromeyClary26SDG2009,Jeromey Clary,2009,ol,26,25-28,SDG,8,96,10,10
ChadClifton24GNB2000,Chad Clifton,2000,ol,24,< 24,GNB,4,193,13,10
BenColeman30WAS2001,Ben Coleman,2001,ol,30,29-32,WAS,4,180,15,10
AnthonyCollins29TAM2014,Anthony Collins,2014,ol,29,29-32,TAM,6,16,10,10
MoCollins26OAK2002,Mo Collins,2002,ol,26,25-28,OAK,1,141,10,10
MoCollins27OAK2003,Mo Collins,2003,ol,27,25-28,OAK,1,141,10,10
WilliamCompton26WAS2015,William Compton,2015,ol,26,25-28,WAS,Undrafted,Undrafted,16,10
JesseDavis26MIA2017,Jesse Davis,2017,ol,26,25-28,MIA,Undrafted,Undrafted,16,10
RyanDiem28IND2007,Ryan Diem,2007,ol,28,25-28,IND,6,22,10,10
MarkDixon31MIA2001,Mark Dixon,2001,ol,31,29-32,MIA,Undrafted,Undrafted,10,10
SpencerDrango25CLE2017,Spencer Drango,2017,ol,25,25-28,CLE,7,75,16,10
GeorgeFant24SEA2016,George Fant,2016,ol,24,< 24,SEA,Undrafted,Undrafted,14,10
MelvinFowler24CLE2003,Melvin Fowler,2003,ol,24,< 24,CLE,5,227,14,10
OrlandoFranklin28SDG2015,Orlando Franklin,2015,ol,28,25-28,SDG,4,195,10,10
RobertGallery26OAK2006,Robert Gallery,2006,ol,26,25-28,OAK,1,108,10,10
KelvinGarmon262TM2002,Kelvin Garmon,2002,ol,26,25-28,2TM,9,155,12,10
AaronGibson23DET2000,Aaron Gibson,2000,ol,23,< 24,DET,1,170,10,10
TarikGlenn27IND2003,Tarik Glenn,2003,ol,27,25-28,IND,1,99,10,10
DenzelleGood25IND2016,Denzelle Good,2016,ol,25,25-28,IND,9,166,12,10
JonathanGoodwin27NYJ2005,Jonathan Goodwin,2005,ol,27,25-28,NYJ,7,61,16,10
BrandonGorin26NWE2004,Brandon Gorin,2004,ol,26,25-28,NWE,9,111,14,10
JohnGreco27CLE2012,John Greco,2012,ol,27,25-28,CLE,5,215,14,10
CornellGreen31OAK2007,Cornell Green,2007,ol,31,29-32,OAK,Undrafted,Undrafted,10,10
JakeGrove29MIA2009,Jake Grove,2009,ol,29,29-32,MIA,4,194,12,10
BenGrubbs27BAL2011,Ben Grubbs,2011,ol,27,25-28,BAL,1,174,10,10
RyanHarris25DEN2010,Ryan Harris,2010,ol,25,25-28,DEN,5,221,11,10
JonotthanHarrison23IND2014,Jonotthan Harrison,2014,ol,23,< 24,IND,Undrafted,Undrafted,15,10
SeantrelHenderson23BUF2015,Seantrel Henderson,2015,ol,23,< 24,BUF,9,148,10,10
AnthonyHerrera30MIN2010,Anthony Herrera,2010,ol,30,29-32,MIN,Undrafted,Undrafted,10,10
ArtisHicks32WAS2010,Artis Hicks,2010,ol,32,29-32,WAS,Undrafted,Undrafted,15,10
RussHochstein32DEN2009,Russ Hochstein,2009,ol,32,29-32,DEN,7,58,15,10
MontraeHolland25NOR2005,Montrae Holland,2005,ol,25,25-28,NOR,6,6,15,10
LomasBrown39TAM2002,Lomas Brown,2002,ol,39,32+,TAM,1,210,11,0
JerryFontenot38CIN2004,Jerry Fontenot,2004,ol,38,32+,CIN,5,215,11,6
DaleHellestrae38DAL2000,Dale Hellestrae,2000,ol,38,32+,DAL,6,16,16,0
AndyMcCollum38DET2008,Andy McCollum,2008,ol,38,32+,DET,Undrafted,Undrafted,12,4
FrankWinters38GNB2002,Frank Winters,2002,ol,38,32+,GNB,2,172,16,10
DavidDiaz-Infante37DEN2001,David Diaz-Infante,2001,ol,37,32+,DEN,Undrafted,Undrafted,16,0
JumboElliott37NYJ2002,Jumbo Elliott,2002,ol,37,32+,NYJ,4,184,16,0
WayneGandy37ATL2008,Wayne Gandy,2008,ol,37,32+,ATL,1,56,7,0
AndyMcCollum37STL2007,Andy McCollum,2007,ol,37,32+,STL,Undrafted,Undrafted,15,10
RaleighMcKenzie37GNB2000,Raleigh McKenzie,2000,ol,37,32+,GNB,3,175,3,0
ToddSteussie37STL2007,Todd Steussie,2007,ol,37,32+,STL,1,99,6,6
AndrewWhitworth37LAR2018,Andrew Whitworth,2018,ol,37,32+,LAR,4,205,8,8
FrankWinters37GNB2001,Frank Winters,2001,ol,37,32+,GNB,2,172,4,0
RichBraham36CIN2006,Rich Braham,2006,ol,36,32+,CIN,5,227,2,2
WayneGandy36ATL2007,Wayne Gandy,2007,ol,36,32+,ATL,1,56,5,5
JohnJackson36CIN2001,John Jackson,2001,ol,36,32+,CIN,2,164,11,0
AndyMcCollum36STL2006,Andy McCollum,2006,ol,36,32+,STL,Undrafted,Undrafted,1,1
TomNalen36DEN2007,Tom Nalen,2007,ol,36,32+,DEN,9,128,5,5
JasonPeters36PHI2018,Jason Peters,2018,ol,36,32+,PHI,Undrafted,Undrafted,8,8
JonRunyan36SDG2009,Jon Runyan,2009,ol,36,32+,SDG,6,12,5,0
ClydeSimmons36CHI2000,Clyde Simmons,2000,ol,36,32+,CHI,11,145,16,2
BarrySims36SFO2010,Barry Sims,2010,ol,36,32+,SFO,Undrafted,Undrafted,8,7
HarrySwayne36MIA2001,Harry Swayne,2001,ol,36,32+,MIA,9,100,13,1
JasonTaylor*36NYJ2010,Jason Taylor*,2010,ol,36,32+,NYJ,5,224,16,5
RobbieTobeck36SEA2006,Robbie Tobeck,2006,ol,36,32+,SEA,Undrafted,Undrafted,8,8
BrianWaters36DAL2013,Brian Waters,2013,ol,36,32+,DAL,Undrafted,Undrafted,7,5
BobbieWilliams36BAL2012,Bobbie Williams,2012,ol,36,32+,BAL,4,212,12,6
MattWillig36STL2005,Matt Willig,2005,ol,36,32+,STL,Undrafted,Undrafted,4,0
KhalifBarnes35ARI2017,Khalif Barnes,2017,ol,35,32+,ARI,4,202,3,0
OrlandoBrown35BAL2005,Orlando Brown,2005,ol,35,32+,BAL,Undrafted,Undrafted,9,9
RubenBrown35CHI2007,Ruben Brown,2007,ol,35,32+,CHI,1,46,8,8
ChadClifton35GNB2011,Chad Clifton,2011,ol,35,32+,GNB,4,193,6,6
DermonttiDawson*35PIT2000,Dermontti Dawson*,2000,ol,35,32+,PIT,4,193,9,9
JumboElliott35NYJ2000,Jumbo Elliott,2000,ol,35,32+,NYJ,4,184,10,0
AndreGurode35OAK2013,Andre Gurode,2013,ol,35,32+,OAK,4,185,10,4
RussHochstein35KAN2012,Russ Hochstein,2012,ol,35,32+,KAN,7,58,11,1
JohnJackson35CIN2000,John Jackson,2000,ol,35,32+,CIN,2,164,8,5
EvanMathis35ARI2016,Evan Mathis,2016,ol,35,32+,ARI,5,230,4,4
FredMiller35CHI2008,Fred Miller,2008,ol,35,32+,CHI,7,48,6,0
RomanOben35SDG2007,Roman Oben,2007,ol,35,32+,SDG,5,216,4,0
DonaldPenn35OAK2018,Donald Penn,2018,ol,35,32+,OAK,Undrafted,Undrafted,4,4
JasonPeters35PHI2017,Jason Peters,2017,ol,35,32+,PHI,Undrafted,Undrafted,7,7
WillieRoaf*35KAN2005,Willie Roaf*,2005,ol,35,32+,KAN,1,231,10,10
BarrySims35SFO2009,Barry Sims,2009,ol,35,32+,SFO,Undrafted,Undrafted,16,7
ToddSteussie35TAM2005,Todd Steussie,2005,ol,35,32+,TAM,1,99,16,0
DaveSzott35NYJ2002,Dave Szott,2002,ol,35,32+,NYJ,9,89,4,4
TraThomas35JAX2009,Tra Thomas,2009,ol,35,32+,JAX,1,13,8,3
RichmondWebb35CIN2002,Richmond Webb,2002,ol,35,32+,CIN,1,242,4,4
BobWhitfield35NYG2006,Bob Whitfield,2006,ol,35,32+,NYG,1,231,16,7
BobbieWilliams35CIN2011,Bobbie Williams,2011,ol,35,32+,CIN,4,212,9,9
MattWillig35CAR2004,Matt Willig,2004,ol,35,32+,CAR,Undrafted,Undrafted,16,9
ChidiAhanotu342TM2004,Chidi Ahanotu,2004,ol,34,32+,2TM,8,51,13,5
JermonBushrod34NOR2018,Jermon Bushrod,2018,ol,34,32+,NOR,6,30,4,1
MikeCompton34JAX2004,Mike Compton,2004,ol,34,32+,JAX,5,218,13,0
LeonardDavis34SFO2012,Leonard Davis,2012,ol,34,32+,SFO,1,108,16,0
RogerDuffy34PIT2001,Roger Duffy,2001,ol,34,32+,PIT,10,105,8,0
JasonFabini34WAS2008,Jason Fabini,2008,ol,34,32+,WAS,6,15,7,2
CornellGreen34BUF2010,Cornell Green,2010,ol,34,32+,BUF,Undrafted,Undrafted,5,5
RussHochstein34DEN2011,Russ Hochstein,2011,ol,34,32+,DEN,7,58,15,0
KevinMawae34NYJ2005,Kevin Mawae,2005,ol,34,32+,NYJ,4,184,6,6
SteveNeal34NWE2010,Steve Neal,2010,ol,34,32+,NWE,Undrafted,Undrafted,8,8
TomNutten34STL2005,Tom Nutten,2005,ol,34,32+,STL,9,132,8,6
RomanOben34SDG2006,Roman Oben,2006,ol,34,32+,SDG,5,216,2,0
EphraimSalaam34HOU2010,Ephraim Salaam,2010,ol,34,32+,HOU,9,107,4,0
MarkSchlereth34DEN2000,Mark Schlereth,2000,ol,34,32+,DEN,2,169,8,8
BarrySims34SFO2008,Barry Sims,2008,ol,34,32+,SFO,Undrafted,Undrafted,14,8
JoeStaley34SFO2018,Joe Staley,2018,ol,34,32+,SFO,1,173,9,9
ToddSteussie34TAM2004,Todd Steussie,2004,ol,34,32+,TAM,1,99,16,5
ZachStrief34NOR2017,Zach Strief,2017,ol,34,32+,NOR,9,121,2,2
BobWhitfield34NYG2005,Bob Whitfield,2005,ol,34,32+,NYG,1,231,16,2
ZachWiegert34HOU2006,Zach Wiegert,2006,ol,34,32+,HOU,4,186,9,9
MattWillig34CAR2003,Matt Willig,2003,ol,34,32+,CAR,Undrafted,Undrafted,13,0
EricWinston34CIN2017,Eric Winston,2017,ol,34,32+,CIN,5,216,8,2
MarshalYanda34BAL2018,Marshal Yanda,2018,ol,34,32+,BAL,5,238,8,8
AllenBarbre33DEN2017,Allen Barbre,2017,ol,33,32+,DEN,6,23,16,4
KhalifBarnes33OAK2015,Khalif Barnes,2015,ol,33,32+,OAK,4,202,14,1
JeffBlackshear33GNB2002,Jeff Blackshear,2002,ol,33,32+,GNB,10,106,1,0
BarrettBrooks33PIT2005,Barrett Brooks,2005,ol,33,32+,PIT,4,208,16,0
EthanBrooks33DAL2005,Ethan Brooks,2005,ol,33,32+,DAL,9,140,1,0
DuaneBrown33SEA2018,Duane Brown,2018,ol,33,32+,SEA,1,167,7,7
DwayneCarswell33DEN2005,Dwayne Carswell,2005,ol,33,32+,DEN,Undrafted,Undrafted,7,0
TysonClabo33HOU2014,Tyson Clabo,2014,ol,33,32+,HOU,Undrafted,Undrafted,16,0
ChrisClark33CAR2018,Chris Clark,2018,ol,33,32+,CAR,Undrafted,Undrafted,6,6
MikeCompton33NWE2003,Mike Compton,2003,ol,33,32+,NWE,5,218,2,2
KevinDonnalley33CAR2001,Kevin Donnalley,2001,ol,33,32+,CAR,5,230,6,6
DemarDotson33TAM2018,Demar Dotson,2018,ol,33,32+,TAM,Undrafted,Undrafted,7,7
RogerDuffy33PIT2000,Roger Duffy,2000,ol,33,32+,PIT,10,105,13,7
JohnFina33ARI2002,John Fina,2002,ol,33,32+,ARI,1,170,7,0
MikeFlanagan33HOU2006,Mike Flanagan,2006,ol,33,32+,HOU,5,243,9,9
ToddFordham33CAR2006,Todd Fordham,2006,ol,33,32+,CAR,Undrafted,Undrafted,16,1
HankFraley33STL2010,Hank Fraley,2010,ol,33,32+,STL,Undrafted,Undrafted,7,0
MikeGoff33KAN2009,Mike Goff,2009,ol,33,32+,KAN,5,229,8,7
ScottGragg33NYJ2005,Scott Gragg,2005,ol,33,32+,NYJ,4,204,16,7
JohnGreco33NYG2018,John Greco,2018,ol,33,32+,NYG,5,215,7,6
AndreGurode33BAL2011,Andre Gurode,2011,ol,33,32+,BAL,4,185,13,5
BenHamilton33SEA2010,Ben Hamilton,2010,ol,33,32+,SEA,6,17,7,6
NickHardwick33SDG2014,Nick Hardwick,2014,ol,33,32+,SDG,5,216,1,1
AndyHeck33WAS2000,Andy Heck,2000,ol,33,32+,WAS,1,56,16,2
ToddHerremans33IND2015,Todd Herremans,2015,ol,33,32+,IND,6,31,8,2
ArtisHicks33CLE2011,Artis Hicks,2011,ol,33,32+,CLE,Undrafted,Undrafted,9,3
RussHochstein33DEN2010,Russ Hochstein,2010,ol,33,32+,DEN,7,58,16,6
JonJansen33DET2009,Jon Jansen,2009,ol,33,32+,DET,4,185,11,2
RyanKalil33CAR2018,Ryan Kalil,2018,ol,33,32+,CAR,4,209,7,7
CorbinLacina33CHI2003,Corbin Lacina,2003,ol,33,32+,CHI,8,74,8,1
EverettLindsay33MIN2003,Everett Lindsay,2003,ol,33,32+,MIN,7,39,12,0
AlexMack33ATL2018,Alex Mack,2018,ol,33,32+,ATL,1,120,7,7
JasonMathews33TEN2004,Jason Mathews,2004,ol,33,32+,TEN,5,217,15,7
EvanMathis33PHI2014,Evan Mathis,2014,ol,33,32+,PHI,5,230,9,9
BryantMcKinnie33BAL2012,Bryant McKinnie,2012,ol,33,32+,BAL,1,220,16,0
DwayneMorgan33ATL2003,Dwayne Morgan,2003,ol,33,32+,ATL,Undrafted,Undrafted,5,0
ChrisNaeole33JAX2007,Chris Naeole,2007,ol,33,32+,JAX,1,3,8,8
JamarNesbit33NOR2009,Jamar Nesbit,2009,ol,33,32+,NOR,Undrafted,Undrafted,13,0
TyNsekhe33WAS2018,Ty Nsekhe,2018,ol,33,32+,WAS,Undrafted,Undrafted,7,0
TomNutten33STL2004,Tom Nutten,2004,ol,33,32+,STL,9,132,8,6
ShaunO'Hara33NYG2010,Shaun O'Hara,2010,ol,33,32+,NYG,Undrafted,Undrafted,6,6
RomanOben33SDG2005,Roman Oben,2005,ol,33,32+,SDG,5,216,8,8
JonathanOgden*33BAL2007,Jonathan Ogden*,2007,ol,33,32+,BAL,1,188,11,10
VaughnParker33WAS2004,Vaughn Parker,2004,ol,33,32+,WAS,4,213,1,0
EphraimSalaam33DET2009,Ephraim Salaam,2009,ol,33,32+,DET,9,107,5,0
WadeSmith33PHI2014,Wade Smith,2014,ol,33,32+,PHI,5,229,5,0
MarcusSpears33HOU2004,Marcus Spears,2004,ol,33,32+,HOU,4,187,16,3
JohnSt. Clair33CLE2010,John St. Clair,2010,ol,33,32+,CLE,5,247,11,10
RonStone33OAK2004,Ron Stone,2004,ol,33,32+,OAK,6,249,5,5
JohnSullivan33LAR2018,John Sullivan,2018,ol,33,32+,LAR,8,96,8,8
DaveSzott33KAN2000,Dave Szott,2000,ol,33,32+,KAN,9,89,1,1
MarkTauscher33GNB2010,Mark Tauscher,2010,ol,33,32+,GNB,9,135,4,4
JoeThomas33CLE2017,Joe Thomas,2017,ol,33,32+,CLE,1,177,7,7
RandyThomas33WAS2009,Randy Thomas,2009,ol,33,32+,WAS,4,207,2,2
RyanTucker33CLE2008,Ryan Tucker,2008,ol,33,32+,CLE,6,16,1,1
RichTylski33CAR2004,Rich Tylski,2004,ol,33,32+,CAR,Undrafted,Undrafted,16,1
RossVerba33DET2006,Ross Verba,2006,ol,33,32+,DET,1,178,7,7
KippVickers33WAS2002,Kipp Vickers,2002,ol,33,32+,WAS,Undrafted,Undrafted,5,2
ChrisVillarrial33BUF2006,Chris Villarrial,2006,ol,33,32+,BUF,7,59,8,8
JohnWade33OAK2008,John Wade,2008,ol,33,32+,OAK,7,54,5,4
BobWhitfield33JAX2004,Bob Whitfield,2004,ol,33,32+,JAX,1,231,10,0
JasonWhittle33BUF2008,Jason Whittle,2008,ol,33,32+,BUF,Undrafted,Undrafted,9,2
ErikWilliams33BAL2001,Erik Williams,2001,ol,33,32+,BAL,5,221,5,0
MattWillig33SFO2002,Matt Willig,2002,ol,33,32+,SFO,Undrafted,Undrafted,11,3
EricWinston33CIN2016,Eric Winston,2016,ol,33,32+,CIN,5,216,16,2
CoryWithrow33STL2008,Cory Withrow,2008,ol,33,32+,STL,Undrafted,Undrafted,1,0
MarshalYanda33BAL2017,Marshal Yanda,2017,ol,33,32+,BAL,5,238,2,2
WillieAnderson32CIN2007,Willie Anderson,2007,ol,32,29-32,CIN,1,3,7,5
DarrylAshmore32OAK2001,Darryl Ashmore,2001,ol,32,29-32,OAK,9,79,14,1
DavidBaas32NYG2013,David Baas,2013,ol,32,29-32,NYG,4,181,3,3
BradBadger32ARI2007,Brad Badger,2007,ol,32,29-32,ARI,7,70,1,0
WillBeatty32PHI2017,Will Beatty,2017,ol,32,29-32,PHI,4,211,1,0
JoeBerger32MIN2014,Joe Berger,2014,ol,32,29-32,MIN,8,117,16,9
TonyBergstrom32WAS2018,Tony Bergstrom,2018,ol,32,29-32,WAS,5,248,7,3
JordanBlack32WAS2012,Jordan Black,2012,ol,32,29-32,WAS,7,60,14,0
BarrettBrooks32PIT2004,Barrett Brooks,2004,ol,32,29-32,PIT,4,208,5,0
EthanBrooks32BAL2004,Ethan Brooks,2004,ol,32,29-32,BAL,9,140,14,7
RubenBrown32CHI2004,Ruben Brown,2004,ol,32,29-32,CHI,1,46,9,9
KirkChambers32ATL2011,Kirk Chambers,2011,ol,32,29-32,ATL,8,84,3,0
GosderCherilus32TAM2016,Gosder Cherilus,2016,ol,32,29-32,TAM,1,77,15,3
ChrisClark32HOU2017,Chris Clark,2017,ol,32,29-32,HOU,Undrafted,Undrafted,10,8
WillieColon32NYJ2015,Willie Colon,2015,ol,32,29-32,NYJ,6,37,6,6
HarveyDahl32STL2013,Harvey Dahl,2013,ol,32,29-32,STL,Undrafted,Undrafted,9,9
DavidDiehl32NYG2012,David Diehl,2012,ol,32,29-32,NYG,7,68,13,9
EvanDietrich-Smith32TAM2018,Evan Dietrich-Smith,2018,ol,32,29-32,TAM,Undrafted,Undrafted,7,0
DerrickDockery32DAL2012,Derrick Dockery,2012,ol,32,29-32,DAL,5,233,15,2
JasonFabini32DAL2006,Jason Fabini,2006,ol,32,29-32,DAL,6,15,15,0
ToddFordham32CAR2005,Todd Fordham,2005,ol,32,29-32,CAR,Undrafted,Undrafted,16,0
RamonFoster32PIT2018,Ramon Foster,2018,ol,32,29-32,PIT,Undrafted,Undrafted,7,7
HankFraley32CLE2009,Hank Fraley,2009,ol,32,29-32,CLE,Undrafted,Undrafted,15,4
JohnGreco32NYG2017,John Greco,2017,ol,32,29-32,NYG,5,215,6,0
BrockGutierrez32DET2005,Brock Gutierrez,2005,ol,32,29-32,DET,Undrafted,Undrafted,16,0
BenHamilton32DEN2009,Ben Hamilton,2009,ol,32,29-32,DEN,6,17,15,8
ToddHerremans32PHI2014,Todd Herremans,2014,ol,32,29-32,PHI,6,31,8,8
TonyHills32NOR2016,Tony Hills,2016,ol,32,29-32,NOR,6,36,11,0
JohnHudson32BAL2000,John Hudson,2000,ol,32,29-32,BAL,3,176,8,0
MattJoyce32DET2004,Matt Joyce,2004,ol,32,29-32,DET,Undrafted,Undrafted,12,3
RyanKalil32CAR2017,Ryan Kalil,2017,ol,32,29-32,CAR,4,209,6,6
LincolnKennedy32OAK2003,Lincoln Kennedy,2003,ol,32,29-32,OAK,1,242,12,10
DanKoppen32NWE2011,Dan Koppen,2011,ol,32,29-32,NWE,7,72,1,1
MattLepsis32DEN2006,Matt Lepsis,2006,ol,32,29-32,DEN,Undrafted,Undrafted,6,6
AndyLevitre32ATL2018,Andy Levitre,2018,ol,32,29-32,ATL,4,201,2,2
EverettLindsay32MIN2002,Everett Lindsay,2002,ol,32,29-32,MIN,7,39,16,5
NickMangold32NYJ2016,Nick Mangold,2016,ol,32,29-32,NYJ,1,174,8,8
JasonMathews32TEN2003,Jason Mathews,2003,ol,32,29-32,TEN,5,217,15,0
JermaneMayberry32NOR2005,Jermane Mayberry,2005,ol,32,29-32,NOR,1,161,11,8
DamionMcIntosh32SEA2009,Damion McIntosh,2009,ol,32,29-32,SEA,5,235,10,2
SteveMcKinney32HOU2007,Steve McKinney,2007,ol,32,29-32,HOU,6,246,3,3
AdamMeadows32DEN2006,Adam Meadows,2006,ol,32,29-32,DEN,4,197,3,3
WillMontgomery32CHI2015,Will Montgomery,2015,ol,32,29-32,CHI,9,146,4,4
EdwinMulitalo32BAL2006,Edwin Mulitalo,2006,ol,32,29-32,BAL,6,34,4,4
TomMyslinski32PIT2000,Tom Myslinski,2000,ol,32,29-32,PIT,6,12,6,0
SteveNeal32NWE2008,Steve Neal,2008,ol,32,29-32,NWE,Undrafted,Undrafted,11,9
JamarNesbit32NOR2008,Jamar Nesbit,2008,ol,32,29-32,NOR,Undrafted,Undrafted,7,3
JeremyNewberry32SDG2008,Jeremy Newberry,2008,ol,32,29-32,SDG,4,208,16,3
TyNsekhe32WAS2017,Ty Nsekhe,2017,ol,32,29-32,WAS,Undrafted,Undrafted,11,5
MattO'Dwyer32TAM2004,Matt O'Dwyer,2004,ol,32,29-32,TAM,4,181,4,0
OrlandoPace*32STL2007,Orlando Pace*,2007,ol,32,29-32,STL,1,2,1,1
VaughnParker32SDG2003,Vaughn Parker,2003,ol,32,29-32,SDG,4,213,3,3
JermeyParnell32JAX2018,Jermey Parnell,2018,ol,32,29-32,JAX,Undrafted,Undrafted,8,8
MarcusPrice32BUF2004,Marcus Price,2004,ol,32,29-32,BUF,8,80,14,3
ManuelRamirez32DET2015,Manuel Ramirez,2015,ol,32,29-32,DET,6,21,16,7
CoryRaymer32WAS2005,Cory Raymer,2005,ol,32,29-32,WAS,4,185,2,0
BrettRomberg32ATL2011,Brett Romberg,2011,ol,32,29-32,ATL,Undrafted,Undrafted,2,0
MichaelRoos32TEN2014,Michael Roos,2014,ol,32,29-32,TEN,4,190,5,5
OliverRoss32ARI2006,Oliver Ross,2006,ol,32,29-32,ARI,7,44,11,5
GreyRuegamer32NYG2008,Grey Ruegamer,2008,ol,32,29-32,NYG,5,223,16,0
EphraimSalaam32HOU2008,Ephraim Salaam,2008,ol,32,29-32,HOU,9,107,13,0
ChrisSamuels32WAS2009,Chris Samuels,2009,ol,32,29-32,WAS,1,177,5,5
TonySemple32DET2002,Tony Semple,2002,ol,32,29-32,DET,7,61,10,10
L.J.Shelton32SDG2008,L.J. Shelton,2008,ol,32,29-32,SDG,1,120,16,2
BarrySims32OAK2006,Barry Sims,2006,ol,32,29-32,OAK,Undrafted,Undrafted,10,7
JoshSitton32MIA2018,Josh Sitton,2018,ol,32,29-32,MIA,6,41,1,1
MattSlauson32IND2018,Matt Slauson,2018,ol,32,29-32,IND,8,102,5,5
AdamSnyder32NYG2014,Adam Snyder,2014,ol,32,29-32,NYG,5,247,4,1
MarcusSpears32KAN2003,Marcus Spears,2003,ol,32,29-32,KAN,4,187,15,0
ChrisSpencer32TEN2014,Chris Spencer,2014,ol,32,29-32,TEN,1,167,16,5
BarryStokes32ATL2005,Barry Stokes,2005,ol,32,29-32,ATL,Undrafted,Undrafted,16,1
WillSvitek32TEN2014,Will Svitek,2014,ol,32,29-32,TEN,8,96,5,3
MarkTauscher32GNB2009,Mark Tauscher,2009,ol,32,29-32,GNB,9,135,8,8
ChrisTerry32KAN2007,Chris Terry,2007,ol,32,29-32,KAN,4,182,11,8
AdamTreu32OAK2006,Adam Treu,2006,ol,32,29-32,OAK,5,223,11,0
RyanTucker32CLE2007,Ryan Tucker,2007,ol,32,29-32,CLE,6,16,12,8
KyleTurley32KAN2007,Kyle Turley,2007,ol,32,29-32,KAN,1,220,7,5
MaxUnger32NOR2018,Max Unger,2018,ol,32,29-32,NOR,4,198,7,7
KeydrickVincent32TAM2010,Keydrick Vincent,2010,ol,32,29-32,TAM,Undrafted,Undrafted,5,5
CodyWallace32PIT2016,Cody Wallace,2016,ol,32,29-32,PIT,6,10,1,1
ToddWeiner32ATL2007,Todd Weiner,2007,ol,32,29-32,ATL,4,196,8,7
ReggieWells322TM2012,Reggie Wells,2012,ol,32,29-32,2TM,8,85,3,2
BobWhitfield32ATL2003,Bob Whitfield,2003,ol,32,29-32,ATL,1,231,8,8
JasonWhittle32BUF2007,Jason Whittle,2007,ol,32,29-32,BUF,Undrafted,Undrafted,3,0
MattWillig32SFO2001,Matt Willig,2001,ol,32,29-32,SFO,Undrafted,Undrafted,15,0
EricWinston32CIN2015,Eric Winston,2015,ol,32,29-32,CIN,5,216,13,2
CoryWithrow32SDG2007,Cory Withrow,2007,ol,32,29-32,SDG,Undrafted,Undrafted,13,4
TonyWragge32STL2011,Tony Wragge,2011,ol,32,29-32,STL,Undrafted,Undrafted,15,8
TomAckerman31TEN2003,Tom Ackerman,2003,ol,31,29-32,TEN,7,51,16,0
LarryAllen*31DAL2002,Larry Allen*,2002,ol,31,29-32,DAL,4,195,5,5
DarrylAshmore31OAK2000,Darryl Ashmore,2000,ol,31,29-32,OAK,9,79,16,0
BradBadger31OAK2006,Brad Badger,2006,ol,31,29-32,OAK,7,70,7,0
ZaneBeadles31SFO2017,Zane Beadles,2017,ol,31,29-32,SFO,4,194,16,5
WillBeatty31NYG2016,Will Beatty,2016,ol,31,29-32,NYG,4,211,6,0
JoeBerger31MIN2013,Joe Berger,2013,ol,31,29-32,MIN,8,117,16,2
TonyBergstrom312TM2017,Tony Bergstrom,2017,ol,31,29-32,2TM,5,248,13,3
KevinBoothe31OAK2014,Kevin Boothe,2014,ol,31,29-32,OAK,8,84,9,0
JeremyBridges31ARI2011,Jeremy Bridges,2011,ol,31,29-32,ARI,8,94,16,5
EthanBrooks31BAL2003,Ethan Brooks,2003,ol,31,29-32,BAL,9,140,15,3
JermonBushrod31CHI2015,Jermon Bushrod,2015,ol,31,29-32,CHI,6,30,12,4
MarcColombo31DAL2009,Marc Colombo,2009,ol,31,29-32,DAL,1,174,9,9
BillConaty31MIN2004,Bill Conaty,2004,ol,31,29-32,MIN,Undrafted,Undrafted,8,0
EvanDietrich-Smith31TAM2017,Evan Dietrich-Smith,2017,ol,31,29-32,TAM,Undrafted,Undrafted,15,6
DerrickDockery31DAL2011,Derrick Dockery,2011,ol,31,29-32,DAL,5,233,9,2
EarlDotson31GNB2001,Earl Dotson,2001,ol,31,29-32,GNB,5,233,12,0
VladDucasse31BUF2018,Vlad Ducasse,2018,ol,31,29-32,BUF,4,212,8,8
JasonFabini31NYJ2005,Jason Fabini,2005,ol,31,29-32,NYJ,6,15,9,9
MikeFlanagan31GNB2004,Mike Flanagan,2004,ol,31,29-32,GNB,5,243,3,3
SpencerFolau31NOR2004,Spencer Folau,2004,ol,31,29-32,NOR,Undrafted,Undrafted,16,3
ToddFordham31CAR2004,Todd Fordham,2004,ol,31,29-32,CAR,Undrafted,Undrafted,15,7
KynanForney31JAX2009,Kynan Forney,2009,ol,31,29-32,JAX,9,129,3,0
LennieFriedman31CLE2007,Lennie Friedman,2007,ol,31,29-32,CLE,4,212,16,0
DylanGandy31DET2013,Dylan Gandy,2013,ol,31,29-32,DET,6,34,15,0
FrankGarcia31ARI2003,Frank Garcia,2003,ol,31,29-32,ARI,6,38,7,3
BrenoGiacomini31NYJ2016,Breno Giacomini,2016,ol,31,29-32,NYJ,7,57,5,5
AdamGoldberg31STL2011,Adam Goldberg,2011,ol,31,29-32,STL,Undrafted,Undrafted,16,8
BrandonGorin31DEN2009,Brandon Gorin,2009,ol,31,29-32,DEN,9,111,6,1
BenGrubbs31KAN2015,Ben Grubbs,2015,ol,31,29-32,KAN,1,174,7,7
GeoffHangartner31CAR2013,Geoff Hangartner,2013,ol,31,29-32,CAR,7,76,8,2
RyanHarris31PIT2016,Ryan Harris,2016,ol,31,29-32,PIT,5,221,4,0
ArtisHicks31MIN2009,Artis Hicks,2009,ol,31,29-32,MIN,Undrafted,Undrafted,16,3
TonyHills31NOR2015,Tony Hills,2015,ol,31,29-32,NOR,6,36,8,0
RussHochstein31NWE2008,Russ Hochstein,2008,ol,31,29-32,NWE,7,58,15,2
MontraeHolland31DAL2011,Montrae Holland,2011,ol,31,29-32,DAL,6,6,10,10
WayneHunter31STL2012,Wayne Hunter,2012,ol,31,29-32,STL,5,224,14,4
MikeIupati31ARI2018,Mike Iupati,2018,ol,31,29-32,ARI,1,77,7,7
JamaalJackson31PHI2011,Jamaal Jackson,2011,ol,31,29-32,PHI,Undrafted,Undrafted,16,0
KendylJacox31MIA2006,Kendyl Jacox,2006,ol,31,29-32,MIA,Undrafted,Undrafted,16,8
JonJansen31WAS2007,Jon Jansen,2007,ol,31,29-32,WAS,4,185,1,1
JonasJennings31SFO2008,Jonas Jennings,2008,ol,31,29-32,SFO,5,248,2,2
Tre'Johnson31WAS2002,Tre' Johnson,2002,ol,31,29-32,WAS,4,179,10,3
MattJoyce31DET2003,Matt Joyce,2003,ol,31,29-32,DET,Undrafted,Undrafted,13,3
RyanKalil31CAR2016,Ryan Kalil,2016,ol,31,29-32,CAR,4,209,8,8
JasonKelce31PHI2018,Jason Kelce,2018,ol,31,29-32,PHI,8,101,8,8
DanielKilgore31MIA2018,Daniel Kilgore,2018,ol,31,29-32,MIA,7,71,4,4
ChrisKuper31DEN2013,Chris Kuper,2013,ol,31,29-32,DEN,7,69,4,1
CorbinLacina31MIN2001,Corbin Lacina,2001,ol,31,29-32,MIN,8,74,11,10
T.J.Lang31DET2018,T.J. Lang,2018,ol,31,29-32,DET,6,12,5,5
TedLarsen31MIA2018,Ted Larsen,2018,ol,31,29-32,MIA,8,115,8,7
ShawnLauvao31WAS2018,Shawn Lauvao,2018,ol,31,29-32,WAS,5,245,4,4
KoryLichtensteiger31WAS2016,Kory Lichtensteiger,2016,ol,31,29-32,WAS,6,11,3,3
EverettLindsay31MIN2001,Everett Lindsay,2001,ol,31,29-32,MIN,7,39,16,8
ChrisLiwienski31ARI2006,Chris Liwienski,2006,ol,31,29-32,ARI,9,117,16,6
SeanLocklear31NYG2012,Sean Locklear,2012,ol,31,29-32,NYG,5,236,12,10
JakeLong31MIN2016,Jake Long,2016,ol,31,29-32,MIN,1,2,4,3
JasonMathews31TEN2002,Jason Mathews,2002,ol,31,29-32,TEN,5,217,16,2
SteveMcKinney31HOU2006,Steve McKinney,2006,ol,31,29-32,HOU,6,246,16,6
PaulMcQuistan31CLE2014,Paul McQuistan,2014,ol,31,29-32,CLE,5,219,14,1
BradMeester31JAX2008,Brad Meester,2008,ol,31,29-32,JAX,4,211,10,10
WillMontgomery31DEN2014,Will Montgomery,2014,ol,31,29-32,DEN,9,146,16,8
TomNalen31DEN2002,Tom Nalen,2002,ol,31,29-32,DEN,9,128,7,7
SteveNeal31NWE2007,Steve Neal,2007,ol,31,29-32,NWE,Undrafted,Undrafted,8,8
TyNsekhe31WAS2016,Ty Nsekhe,2016,ol,31,29-32,WAS,Undrafted,Undrafted,16,4
MattO'Dwyer31CIN2003,Matt O'Dwyer,2003,ol,31,29-32,CIN,4,181,4,1
RussellOkung31LAC2018,Russell Okung,2018,ol,31,29-32,LAC,1,210,6,6
JerryOstroski31BUF2001,Jerry Ostroski,2001,ol,31,29-32,BUF,2,171,7,7
OrlandoPace*31STL2006,Orlando Pace*,2006,ol,31,29-32,STL,1,2,8,8
LukePetitgout31TAM2007,Luke Petitgout,2007,ol,31,29-32,TAM,1,99,4,4
PetePierson31IND2002,Pete Pierson,2002,ol,31,29-32,IND,7,42,2,0
ChesterPitts31SEA2010,Chester Pitts,2010,ol,31,29-32,SEA,4,200,7,5
MarcusPrice31BUF2003,Marcus Price,2003,ol,31,29-32,BUF,8,80,16,4
JoeReitz31IND2016,Joe Reitz,2016,ol,31,29-32,IND,Undrafted,Undrafted,13,6
TutanReyes31JAX2008,Tutan Reyes,2008,ol,31,29-32,JAX,7,37,15,3
DallasReynolds31NYG2015,Dallas Reynolds,2015,ol,31,29-32,NYG,Undrafted,Undrafted,16,2
VictorRiley31HOU2005,Victor Riley,2005,ol,31,29-32,HOU,1,170,10,8
WillieRoaf*31NOR2001,Willie Roaf*,2001,ol,31,29-32,NOR,1,231,7,7
RayRoberts31DET2000,Ray Roberts,2000,ol,31,29-32,DET,1,3,10,10
GreyRuegamer31NYG2007,Grey Ruegamer,2007,ol,31,29-32,NYG,5,223,16,0
JakeScott31PHI2012,Jake Scott,2012,ol,31,29-32,PHI,7,48,7,7
JonathanScott31ATL2014,Jonathan Scott,2014,ol,31,29-32,ATL,7,48,1,0
MattSlauson31LAC2017,Matt Slauson,2017,ol,31,29-32,LAC,8,102,7,7
AndreSmith31ARI2018,Andre Smith,2018,ol,31,29-32,ARI,1,210,5,5
BrentSmith31NYJ2004,Brent Smith,2004,ol,31,29-32,NYJ,5,249,4,1
ChrisSnee31NYG2013,Chris Snee,2013,ol,31,29-32,NYG,4,182,3,3
AdamSnyder31SFO2013,Adam Snyder,2013,ol,31,29-32,SFO,5,247,16,4
MarcusSpears31KAN2002,Marcus Spears,2002,ol,31,29-32,KAN,4,187,9,0
ChrisSpencer31TEN2013,Chris Spencer,2013,ol,31,29-32,TEN,1,167,16,1
MaxStarks31STL2013,Max Starks,2013,ol,31,29-32,STL,5,226,2,0
JohnSullivan31WAS2016,John Sullivan,2016,ol,31,29-32,WAS,8,96,13,1
WillSvitek31NWE2013,Will Svitek,2013,ol,31,29-32,NWE,8,96,13,2
ChrisTerry31KAN2006,Chris Terry,2006,ol,31,29-32,KAN,4,182,7,0
RandyThomas31WAS2007,Randy Thomas,2007,ol,31,29-32,WAS,4,207,3,3
TraThomas31PHI2005,Tra Thomas,2005,ol,31,29-32,PHI,1,13,10,10
AdamTreu31OAK2005,Adam Treu,2005,ol,31,29-32,OAK,5,223,16,10
RyanTucker31CLE2006,Ryan Tucker,2006,ol,31,29-32,CLE,6,16,9,9
KyleTurley31KAN2006,Kyle Turley,2006,ol,31,29-32,KAN,1,220,7,7
MelvinTuten31CAR2002,Melvin Tuten,2002,ol,31,29-32,CAR,5,219,14,7
KraigUrbik31MIA2016,Kraig Urbik,2016,ol,31,29-32,MIA,5,230,16,6
JaredVeldheer31DEN2018,Jared Veldheer,2018,ol,31,29-32,DEN,5,219,4,4
KippVickers31BAL2000,Kipp Vickers,2000,ol,31,29-32,BAL,Undrafted,Undrafted,12,2
ToddWade31WAS2007,Todd Wade,2007,ol,31,29-32,WAS,4,203,11,10
MikeWahle31SEA2008,Mike Wahle,2008,ol,31,29-32,SEA,4,2,10,10
ScottWells31STL2012,Scott Wells,2012,ol,31,29-32,STL,9,163,7,7
JasonWhittle31MIN2006,Jason Whittle,2006,ol,31,29-32,MIN,Undrafted,Undrafted,16,2
WallyWilliams31NOR2002,Wally Williams,2002,ol,31,29-32,NOR,Undrafted,Undrafted,4,0
MattWillig31SFO2000,Matt Willig,2000,ol,31,29-32,SFO,Undrafted,Undrafted,16,3
MikeWindt31LAC2017,Mike Windt,2017,ol,31,29-32,LAC,Undrafted,Undrafted,16,0
EricWinston31CIN2014,Eric Winston,2014,ol,31,29-32,CIN,5,216,4,2
CoryWithrow31SDG2006,Cory Withrow,2006,ol,31,29-32,SDG,Undrafted,Undrafted,11,0
FloydWomack31CLE2009,Floyd Womack,2009,ol,31,29-32,CLE,6,33,13,9
TonyWragge31SFO2010,Tony Wragge,2010,ol,31,29-32,SFO,Undrafted,Undrafted,15,0
SamYoung31MIA2018,Sam Young,2018,ol,31,29-32,MIA,8,87,5,0
TomAckerman30TEN2002,Tom Ackerman,2002,ol,30,29-32,TEN,7,51,11,3
FlozellAdams30DAL2005,Flozell Adams,2005,ol,30,29-32,DAL,4,186,6,6
BrandenAlbert30MIA2014,Branden Albert,2014,ol,30,29-32,MIA,1,56,9,9
EugeneAmano30TEN2012,Eugene Amano,2012,ol,30,29-32,TEN,9,150,0,NA
StacyAndrews30NYG2011,Stacy Andrews,2011,ol,30,29-32,NYG,6,28,9,3
TomAshworth30SEA2007,Tom Ashworth,2007,ol,30,29-32,SEA,Undrafted,Undrafted,13,0
JamesAtkins30DET2000,James Atkins,2000,ol,30,29-32,DET,Undrafted,Undrafted,3,1
BradBadger30OAK2005,Brad Badger,2005,ol,30,29-32,OAK,7,70,16,8
AllenBarbre30PHI2014,Allen Barbre,2014,ol,30,29-32,PHI,6,23,1,1
JoeBarksdale30LAC2018,Joe Barksdale,2018,ol,30,29-32,LAC,5,245,2,1
KhalifBarnes30OAK2012,Khalif Barnes,2012,ol,30,29-32,OAK,4,202,9,9
D'AnthonyBatiste30ARI2011,D'Anthony Batiste,2011,ol,30,29-32,ARI,Undrafted,Undrafted,4,0
JoeBerger30MIN2012,Joe Berger,2012,ol,30,29-32,MIN,8,117,16,0
TonyBergstrom30HOU2016,Tony Bergstrom,2016,ol,30,29-32,HOU,5,248,15,0
JordanBlack30JAX2010,Jordan Black,2010,ol,30,29-32,JAX,7,60,15,9
ChrisBober30KAN2006,Chris Bober,2006,ol,30,29-32,KAN,Undrafted,Undrafted,16,2
RichBraham30CIN2000,Rich Braham,2000,ol,30,29-32,CIN,5,227,9,9
JeremyBridges30ARI2010,Jeremy Bridges,2010,ol,30,29-32,ARI,8,94,16,7
BlakeBrockermeyer30DEN2003,Blake Brockermeyer,2003,ol,30,29-32,DEN,1,174,16,2
BarrettBrooks30GNB2002,Barrett Brooks,2002,ol,30,29-32,GNB,4,208,2,0
JamesBrown30CLE2000,James Brown,2000,ol,30,29-32,CLE,5,234,7,5
RashadButler30CLE2013,Rashad Butler,2013,ol,30,29-32,CLE,5,241,9,0
MarcusCannon30NWE2018,Marcus Cannon,2018,ol,30,29-32,NWE,7,44,5,5
AnthonyCastonzo30IND2018,Anthony Castonzo,2018,ol,30,29-32,IND,1,130,3,3
KirkChambers30BUF2009,Kirk Chambers,2009,ol,30,29-32,BUF,8,84,14,9
RyanClady30NYJ2016,Ryan Clady,2016,ol,30,29-32,NYJ,1,24,9,8
ChrisClark30HOU2015,Chris Clark,2015,ol,30,29-32,HOU,Undrafted,Undrafted,11,4
OnielCousins30TAM2014,Oniel Cousins,2014,ol,30,29-32,TAM,5,252,16,7
JeromeDavis30SFO2004,Jerome Davis,2004,ol,30,29-32,SFO,Undrafted,Undrafted,2,0
BrianDe La Puente30WAS2015,Brian De La Puente,2015,ol,30,29-32,WAS,Undrafted,Undrafted,4,0
RickDeMulling30WAS2007,Rick DeMulling,2007,ol,30,29-32,WAS,9,131,5,0
JordanDevey30KAN2018,Jordan Devey,2018,ol,30,29-32,KAN,Undrafted,Undrafted,7,2
KrisDielman30SDG2011,Kris Dielman,2011,ol,30,29-32,SDG,Undrafted,Undrafted,6,6
EvanDietrich-Smith30TAM2016,Evan Dietrich-Smith,2016,ol,30,29-32,TAM,Undrafted,Undrafted,12,2
ChrisDishman30STL2004,Chris Dishman,2004,ol,30,29-32,STL,6,9,7,5
DerrickDockery30WAS2010,Derrick Dockery,2010,ol,30,29-32,WAS,5,233,5,2
KevinDogins30CHI2002,Kevin Dogins,2002,ol,30,29-32,CHI,Undrafted,Undrafted,15,8
DemarDotson30TAM2015,Demar Dotson,2015,ol,30,29-32,TAM,Undrafted,Undrafted,6,3
EarlDotson30GNB2000,Earl Dotson,2000,ol,30,29-32,GNB,5,233,2,2
KingDunlap30SDG2015,King Dunlap,2015,ol,30,29-32,SDG,9,142,7,7
SteveEveritt30STL2000,Steve Everitt,2000,ol,30,29-32,STL,1,46,4,1
DerrickFletcher30JAX2005,Derrick Fletcher,2005,ol,30,29-32,JAX,7,61,13,1
MikeFlynn30BAL2004,Mike Flynn,2004,ol,30,29-32,BAL,Undrafted,Undrafted,9,5
SpencerFolau30NOR2003,Spencer Folau,2003,ol,30,29-32,NOR,Undrafted,Undrafted,14,1
ToddFordham30PIT2003,Todd Fordham,2003,ol,30,29-32,PIT,Undrafted,Undrafted,11,6
OrlandoFranklin30WAS2017,Orlando Franklin,2017,ol,30,29-32,WAS,4,195,1,0
LennieFriedman30CLE2006,Lennie Friedman,2006,ol,30,29-32,CLE,4,212,16,2
BrandonFusco30ATL2018,Brandon Fusco,2018,ol,30,29-32,ATL,8,80,7,7
DylanGandy30DET2012,Dylan Gandy,2012,ol,30,29-32,DET,6,34,16,0
FrankGarcia30STL2002,Frank Garcia,2002,ol,30,29-32,STL,6,38,14,3
AndrewGardner30SFO2016,Andrew Gardner,2016,ol,30,29-32,SFO,8,90,1,1
BenGarland30ATL2018,Ben Garland,2018,ol,30,29-32,ATL,Undrafted,Undrafted,5,0
MarcusGilbert30PIT2018,Marcus Gilbert,2018,ol,30,29-32,PIT,4,213,5,5
CornellGreen30TAM2006,Cornell Green,2006,ol,30,29-32,TAM,Undrafted,Undrafted,14,0
MikeGruttadauria30ARI2002,Mike Gruttadauria,2002,ol,30,29-32,ARI,Undrafted,Undrafted,8,8
BrockGutierrez30SFO2003,Brock Gutierrez,2003,ol,30,29-32,SFO,Undrafted,Undrafted,13,0
RexHadnot30SDG2012,Rex Hadnot,2012,ol,30,29-32,SDG,8,82,16,3
BobHallen30SDG2005,Bob Hallen,2005,ol,30,29-32,SDG,4,203,9,3
ToddHerremans30PHI2012,Todd Herremans,2012,ol,30,29-32,PHI,6,31,8,8
ArtisHicks30MIN2008,Artis Hicks,2008,ol,30,29-32,MIN,Undrafted,Undrafted,12,6
TonyHills302TM2014,Tony Hills,2014,ol,30,29-32,2TM,6,36,3,0
RussHochstein30NWE2007,Russ Hochstein,2007,ol,30,29-32,NWE,7,58,16,8
MontraeHolland30DAL2010,Montrae Holland,2010,ol,30,29-32,DAL,6,6,14,2
RichieIncognito30MIA2013,Richie Incognito,2013,ol,30,29-32,MIA,5,233,8,8
MikeIupati30ARI2017,Mike Iupati,2017,ol,30,29-32,ARI,1,77,1,1
JamaalJackson30PHI2010,Jamaal Jackson,2010,ol,30,29-32,PHI,Undrafted,Undrafted,1,1
WaverlyJackson30IND2002,Waverly Jackson,2002,ol,30,29-32,IND,Undrafted,Undrafted,14,4
JonasJennings30SFO2007,Jonas Jennings,2007,ol,30,29-32,SFO,5,248,5,5
Tre'Johnson30CLE2001,Tre' Johnson,2001,ol,30,29-32,CLE,4,179,3,3
LeviJones30WAS2009,Levi Jones,2009,ol,30,29-32,WAS,1,3,9,8
MattJoyce30DET2002,Matt Joyce,2002,ol,30,29-32,DET,Undrafted,Undrafted,15,6
KyleKosier30DAL2008,Kyle Kosier,2008,ol,30,29-32,DAL,9,159,3,3
ChrisKuper30DEN2012,Chris Kuper,2012,ol,30,29-32,DEN,7,69,7,5
TedLarsen30MIA2017,Ted Larsen,2017,ol,30,29-32,MIA,8,115,8,8
ShawnLauvao30WAS2017,Shawn Lauvao,2017,ol,30,29-32,WAS,5,245,9,9
KoryLichtensteiger30WAS2015,Kory Lichtensteiger,2015,ol,30,29-32,WAS,6,11,5,5
ChrisLiwienski30MIN2005,Chris Liwienski,2005,ol,30,29-32,MIN,9,117,15,9
SeanLocklear30WAS2011,Sean Locklear,2011,ol,30,29-32,WAS,5,236,8,4
JakeLong30ATL2015,Jake Long,2015,ol,30,29-32,ATL,1,2,4,0
KyleLong30CHI2018,Kyle Long,2018,ol,30,29-32,CHI,1,109,7,7
LanceLouis30IND2015,Lance Louis,2015,ol,30,29-32,IND,9,157,11,3
BenLynch30SFO2002,Ben Lynch,2002,ol,30,29-32,SFO,9,122,16,0
LoganMankins30NWE2012,Logan Mankins,2012,ol,30,29-32,NWE,1,180,10,10
JasonMathews30TEN2001,Jason Mathews,2001,ol,30,29-32,TEN,5,217,16,2
JermaneMayberry30PHI2003,Jermane Mayberry,2003,ol,30,29-32,PHI,1,161,5,5
MikeMcGlynn30NOR2015,Mike McGlynn,2015,ol,30,29-32,NOR,6,12,12,0
SethMcKinney30BUF2009,Seth McKinney,2009,ol,30,29-32,BUF,5,243,8,1
TerrenceMetcalf30CHI2008,Terrence Metcalf,2008,ol,30,29-32,CHI,5,246,6,0
FrankMiddleton30OAK2004,Frank Middleton,2004,ol,30,29-32,OAK,5,213,7,7
LarryMoore30CIN2005,Larry Moore,2005,ol,30,29-32,CIN,Undrafted,Undrafted,4,0
ChadMustard30DEN2007,Chad Mustard,2007,ol,30,29-32,DEN,Undrafted,Undrafted,12,2
MarshallNewhouse302TM2018,Marshall Newhouse,2018,ol,30,29-32,2TM,7,76,4,0
TyNsekhe30WAS2015,Ty Nsekhe,2015,ol,30,29-32,WAS,Undrafted,Undrafted,13,2
MichaelOher30CAR2016,Michael Oher,2016,ol,30,29-32,CAR,1,141,3,3
MichaelOla30NOR2018,Michael Ola,2018,ol,30,29-32,NOR,Undrafted,Undrafted,3,0
FrankOmiyale30SEA2012,Frank Omiyale,2012,ol,30,29-32,SEA,7,71,16,1
MichaelOtto30TEN2013,Michael Otto,2013,ol,30,29-32,TEN,9,134,15,2
TonyPashos30CLE2010,Tony Pashos,2010,ol,30,29-32,CLE,7,81,6,3
ErikPears30BUF2012,Erik Pears,2012,ol,30,29-32,BUF,Undrafted,Undrafted,7,7
MichaelPerson30SFO2018,Michael Person,2018,ol,30,29-32,SFO,9,150,9,9
LukePetitgout30NYG2006,Luke Petitgout,2006,ol,30,29-32,NYG,1,99,9,9
PetePierson30TAM2001,Pete Pierson,2001,ol,30,29-32,TAM,7,42,16,0
ZachPiller30TEN2006,Zach Piller,2006,ol,30,29-32,TEN,5,233,3,3
ChesterPitts30HOU2009,Chester Pitts,2009,ol,30,29-32,HOU,4,200,2,2
TylerPolumbus302TM2015,Tyler Polumbus,2015,ol,30,29-32,2TM,Undrafted,Undrafted,14,0
MarcusPrice30BUF2002,Marcus Price,2002,ol,30,29-32,BUF,8,80,16,3
JimPyne30PHI2001,Jim Pyne,2001,ol,30,29-32,PHI,9,110,5,1
CoryRaymer30SDG2003,Cory Raymer,2003,ol,30,29-32,SDG,4,185,15,8
ScottRehberg30CIN2003,Scott Rehberg,2003,ol,30,29-32,CIN,9,142,16,1
RileyReiff30MIN2018,Riley Reiff,2018,ol,30,29-32,MIN,1,141,5,5
TutanReyes30JAX2007,Tutan Reyes,2007,ol,30,29-32,JAX,7,37,1,0
DallasReynolds30NYG2014,Dallas Reynolds,2014,ol,30,29-32,NYG,Undrafted,Undrafted,15,0
BarretRobbins30OAK2003,Barret Robbins,2003,ol,30,29-32,OAK,4,198,9,9
DennisRoland30CIN2013,Dennis Roland,2013,ol,30,29-32,CIN,Undrafted,Undrafted,5,0
BrettRomberg30ATL2009,Brett Romberg,2009,ol,30,29-32,ATL,Undrafted,Undrafted,9,0
GreyRuegamer30NYG2006,Grey Ruegamer,2006,ol,30,29-32,NYG,5,223,16,1
RodgerSaffold30LAR2018,Rodger Saffold,2018,ol,30,29-32,LAR,4,181,8,8
RyanSchraeder30ATL2018,Ryan Schraeder,2018,ol,30,29-32,ATL,Undrafted,Undrafted,7,7
TonySemple30DET2000,Tony Semple,2000,ol,30,29-32,DET,7,61,12,8
KevinShaffer30CHI2010,Kevin Shaffer,2010,ol,30,29-32,CHI,9,156,16,2
AminiSilatolu30CAR2018,Amini Silatolu,2018,ol,30,29-32,CAR,4,189,5,0
KendallSimmons302TM2009,Kendall Simmons,2009,ol,30,29-32,2TM,1,178,4,3
ChadSlaughter30BAL2008,Chad Slaughter,2008,ol,30,29-32,BAL,Undrafted,Undrafted,6,0
AndreSmith30CIN2017,Andre Smith,2017,ol,30,29-32,CIN,1,210,13,8
MarvelSmith30PIT2008,Marvel Smith,2008,ol,30,29-32,PIT,4,186,5,5
NateSolder30NYG2018,Nate Solder,2018,ol,30,29-32,NYG,1,77,8,8
ChrisSpencer30CHI2012,Chris Spencer,2012,ol,30,29-32,CHI,1,167,10,5
JohnSt. Clair30CHI2007,John St. Clair,2007,ol,30,29-32,CHI,5,247,16,5
BrendanStai30WAS2002,Brendan Stai,2002,ol,30,29-32,WAS,5,244,5,5
WillSvitek30ATL2012,Will Svitek,2012,ol,30,29-32,ATL,8,96,0,NA
LarryTharpe30PIT2000,Larry Tharpe,2000,ol,30,29-32,PIT,8,51,12,5
RobbieTobeck30SEA2000,Robbie Tobeck,2000,ol,30,29-32,SEA,Undrafted,Undrafted,4,0
JeremyTrueblood30ATL2013,Jeremy Trueblood,2013,ol,30,29-32,ATL,4,209,15,10
RexTucker30DET2006,Rex Tucker,2006,ol,30,29-32,DET,5,216,6,5
MelvinTuten30CAR2001,Melvin Tuten,2001,ol,30,29-32,CAR,5,219,15,1
RichTylski30PIT2001,Rich Tylski,2001,ol,30,29-32,PIT,Undrafted,Undrafted,12,9
MorrisUnutoa30BUF2001,Morris Unutoa,2001,ol,30,29-32,BUF,Undrafted,Undrafted,8,0
KraigUrbik30BUF2015,Kraig Urbik,2015,ol,30,29-32,BUF,5,230,16,4
SteveVallos30DEN2013,Steve Vallos,2013,ol,30,29-32,DEN,9,144,15,0
FernandoVelasco30CAR2015,Fernando Velasco,2015,ol,30,29-32,CAR,Undrafted,Undrafted,12,1
AlejandroVillanueva30PIT2018,Alejandro Villanueva,2018,ol,30,29-32,PIT,Undrafted,Undrafted,7,7
ToddWade30WAS2006,Todd Wade,2006,ol,30,29-32,WAS,4,203,2,1
FredWakefield30OAK2008,Fred Wakefield,2008,ol,30,29-32,OAK,Undrafted,Undrafted,7,0
LangstonWalker30OAK2009,Langston Walker,2009,ol,30,29-32,OAK,4,203,7,2
CodyWallace30PIT2014,Cody Wallace,2014,ol,30,29-32,PIT,6,10,15,2
J'MarcusWebb30IND2018,J'Marcus Webb,2018,ol,30,29-32,IND,9,128,1,1
JohnWelbourn30KAN2006,John Welbourn,2006,ol,30,29-32,KAN,6,250,9,4
ReggieWells30PHI2010,Reggie Wells,2010,ol,30,29-32,PHI,8,85,8,1
RyanWendell30CAR2016,Ryan Wendell,2016,ol,30,29-32,CAR,Undrafted,Undrafted,1,0
GuyWhimper30PIT2013,Guy Whimper,2013,ol,30,29-32,PIT,6,34,11,2
JasonWhittle30NYG2005,Jason Whittle,2005,ol,30,29-32,NYG,Undrafted,Undrafted,14,0
ZachWiegert30JAX2002,Zach Wiegert,2002,ol,30,29-32,JAX,4,186,7,7
KennyWiggins30DET2018,Kenny Wiggins,2018,ol,30,29-32,DET,Undrafted,Undrafted,7,2
MauriceWilliams30JAX2009,Maurice Williams,2009,ol,30,29-32,JAX,4,192,5,4
TrentWilliams30WAS2018,Trent Williams,2018,ol,30,29-32,WAS,1,188,7,7
DonaldWillis30KAN2003,Donald Willis,2003,ol,30,29-32,KAN,Undrafted,Undrafted,16,0
CoryWithrow30MIN2005,Cory Withrow,2005,ol,30,29-32,MIN,Undrafted,Undrafted,16,7
EricWood30BUF2016,Eric Wood,2016,ol,30,29-32,BUF,1,173,9,9
DamienWoody30DET2007,Damien Woody,2007,ol,30,29-32,DET,1,77,13,8
TonyWragge30SFO2009,Tony Wragge,2009,ol,30,29-32,SFO,Undrafted,Undrafted,15,0
JerryWunsch30SEA2004,Jerry Wunsch,2004,ol,30,29-32,SEA,4,185,5,0
BillyYates30CLE2010,Billy Yates,2010,ol,30,29-32,CLE,Undrafted,Undrafted,9,3
SamYoung30MIA2017,Sam Young,2017,ol,30,29-32,MIA,8,87,10,6
TomAckerman29NOR2001,Tom Ackerman,2001,ol,29,29-32,NOR,7,51,16,0
EthanAlbright29BUF2000,Ethan Albright,2000,ol,29,29-32,BUF,Undrafted,Undrafted,16,0
P.J.Alexander29DEN2007,P.J. Alexander,2007,ol,29,29-32,DEN,Undrafted,Undrafted,11,0
BennieAnderson29MIA2006,Bennie Anderson,2006,ol,29,29-32,MIA,Undrafted,Undrafted,2,2
DavidArkin29LAR2016,David Arkin,2016,ol,29,29-32,LAR,6,14,2,0
TomAshworth29SEA2006,Tom Ashworth,2006,ol,29,29-32,SEA,Undrafted,Undrafted,16,6
MarkAsper292TM2014,Mark Asper,2014,ol,29,29-32,2TM,8,86,0,NA
AllenBarbre29PHI2013,Allen Barbre,2013,ol,29,29-32,PHI,6,23,15,0
D'AnthonyBatiste292TM2010,D'Anthony Batiste,2010,ol,29,29-32,2TM,Undrafted,Undrafted,6,0
KelvinBeachum29NYJ2018,Kelvin Beachum,2018,ol,29,29-32,NYJ,9,159,8,8
BradBedell29HOU2006,Brad Bedell,2006,ol,29,29-32,HOU,8,116,9,0
ByronBell29GNB2018,Byron Bell,2018,ol,29,29-32,GNB,Undrafted,Undrafted,7,4
JoeBerger29MIN2011,Joe Berger,2011,ol,29,29-32,MIN,8,117,13,7
TonyBergstrom29OAK2015,Tony Bergstrom,2015,ol,29,29-32,OAK,5,248,16,3
MackenzyBernadeau29DAL2015,Mackenzy Bernadeau,2015,ol,29,29-32,DAL,9,162,16,1
JordanBlack29JAX2009,Jordan Black,2009,ol,29,29-32,JAX,7,60,9,2
KerlinBlaise29DET2003,Kerlin Blaise,2003,ol,29,29-32,DET,Undrafted,Undrafted,2,0
ChrisBober29KAN2005,Chris Bober,2005,ol,29,29-32,KAN,Undrafted,Undrafted,16,2
JohnBock29MIA2000,John Bock,2000,ol,29,29-32,MIA,Undrafted,Undrafted,6,1
TaylorBoggs29ARI2016,Taylor Boggs,2016,ol,29,29-32,ARI,Undrafted,Undrafted,5,2
ClintBoling29CIN2018,Clint Boling,2018,ol,29,29-32,CIN,6,5,8,8
TonyBoselli29JAX2001,Tony Boselli,2001,ol,29,29-32,JAX,1,108,3,3
JeremyBridges29ARI2009,Jeremy Bridges,2009,ol,29,29-32,ARI,8,94,16,4
BlakeBrockermeyer29DEN2002,Blake Brockermeyer,2002,ol,29,29-32,DEN,1,174,16,1
BrandonBrooks29PHI2018,Brandon Brooks,2018,ol,29,29-32,PHI,5,227,8,8
LeviBrown292TM2013,Levi Brown,2013,ol,29,29-32,2TM,1,199,5,4
BryanBulaga29GNB2018,Bryan Bulaga,2018,ol,29,29-32,GNB,1,141,7,7
RashadButler29HOU2012,Rashad Butler,2012,ol,29,29-32,HOU,5,241,0,NA
MattCampbell29WAS2001,Matt Campbell,2001,ol,29,29-32,WAS,Undrafted,Undrafted,11,5
MarcusCannon29NWE2017,Marcus Cannon,2017,ol,29,29-32,NWE,7,44,7,7
JamesCarpenter29NYJ2018,James Carpenter,2018,ol,29,29-32,NYJ,1,161,8,8
KirkChambers29BUF2008,Kirk Chambers,2008,ol,29,29-32,BUF,8,84,16,4
ChrisClark29DEN2014,Chris Clark,2014,ol,29,29-32,DEN,Undrafted,Undrafted,13,7
BenClaxton29ARI2009,Ben Claxton,2009,ol,29,29-32,ARI,7,64,1,0
AnthonyClement29SFO2005,Anthony Clement,2005,ol,29,29-32,SFO,4,184,14,6
TomCompton29MIN2018,Tom Compton,2018,ol,29,29-32,MIN,8,102,7,7
BillConaty29BUF2002,Bill Conaty,2002,ol,29,29-32,BUF,Undrafted,Undrafted,11,0
DamionCook29DET2008,Damion Cook,2008,ol,29,29-32,DET,Undrafted,Undrafted,7,4
KyleCook29CIN2012,Kyle Cook,2012,ol,29,29-32,CIN,Undrafted,Undrafted,4,2
OnielCousins29CLE2013,Oniel Cousins,2013,ol,29,29-32,CLE,5,252,16,4
JeromeDavis29SFO2003,Jerome Davis,2003,ol,29,29-32,SFO,Undrafted,Undrafted,2,0
BrianDe La Puente29CHI2014,Brian De La Puente,2014,ol,29,29-32,CHI,Undrafted,Undrafted,8,6
RickDeMulling29DET2006,Rick DeMulling,2006,ol,29,29-32,DET,9,131,14,7
JordanDevey29KAN2017,Jordan Devey,2017,ol,29,29-32,KAN,Undrafted,Undrafted,9,1
EvanDietrich-Smith29TAM2015,Evan Dietrich-Smith,2015,ol,29,29-32,TAM,Undrafted,Undrafted,8,5
ChrisDishman29ARI2003,Chris Dishman,2003,ol,29,29-32,ARI,6,9,14,2
KevinDogins29CHI2001,Kevin Dogins,2001,ol,29,29-32,CHI,Undrafted,Undrafted,16,0
VladDucasse29BAL2016,Vlad Ducasse,2016,ol,29,29-32,BAL,4,212,10,8
TraiEssex29PIT2011,Trai Essex,2011,ol,29,29-32,PIT,5,246,16,3
JeffFaine29TAM2010,Jeff Faine,2010,ol,29,29-32,TAM,1,120,8,8
DaveFiore29WAS2003,Dave Fiore,2003,ol,29,29-32,WAS,Undrafted,Undrafted,3,3
ToddFordham29JAX2002,Todd Fordham,2002,ol,29,29-32,JAX,Undrafted,Undrafted,16,9
MelvinFowler29BUF2008,Melvin Fowler,2008,ol,29,29-32,BUF,5,227,15,5
LennieFriedman292TM2005,Lennie Friedman,2005,ol,29,29-32,2TM,4,212,11,0
JuniorGalette29WAS2017,Junior Galette,2017,ol,29,29-32,WAS,Undrafted,Undrafted,16,0
RobertGallery29OAK2009,Robert Gallery,2009,ol,29,29-32,OAK,1,108,6,6
DylanGandy29DET2011,Dylan Gandy,2011,ol,29,29-32,DET,6,34,16,0
FrankGarcia29STL2001,Frank Garcia,2001,ol,29,29-32,STL,6,38,13,2
AndrewGardner29PHI2015,Andrew Gardner,2015,ol,29,29-32,PHI,8,90,3,3
BenGarland29ATL2017,Ben Garland,2017,ol,29,29-32,ATL,Undrafted,Undrafted,16,3
NateGarner29MIA2014,Nate Garner,2014,ol,29,29-32,MIA,9,122,10,0
MarcusGilbert29PIT2017,Marcus Gilbert,2017,ol,29,29-32,PIT,4,213,7,7
CordyGlenn29CIN2018,Cordy Glenn,2018,ol,29,29-32,CIN,4,190,8,8
JonathanGoodwin29NOR2007,Jonathan Goodwin,2007,ol,29,29-32,NOR,7,61,13,2
BrandonGorin29STL2007,Brandon Gorin,2007,ol,29,29-32,STL,9,111,11,8
AaronGraham29TEN2002,Aaron Graham,2002,ol,29,29-32,TEN,6,16,16,0
CornellGreen29DEN2005,Cornell Green,2005,ol,29,29-32,DEN,Undrafted,Undrafted,14,0
JordanGross29CAR2009,Jordan Gross,2009,ol,29,29-32,CAR,1,231,9,9
BrockGutierrez29CIN2002,Brock Gutierrez,2002,ol,29,29-32,CIN,Undrafted,Undrafted,16,1
BobHallen29SDG2004,Bob Hallen,2004,ol,29,29-32,SDG,4,203,2,0
LeroyHarris29DET2013,Leroy Harris,2013,ol,29,29-32,DET,6,19,1,0
JoeHawley29TAM2017,Joe Hawley,2017,ol,29,29-32,TAM,6,21,4,2
JimmyHerndon29HOU2002,Jimmy Herndon,2002,ol,29,29-32,HOU,7,52,12,7
ArtisHicks29MIN2007,Artis Hicks,2007,ol,29,29-32,MIN,Undrafted,Undrafted,14,4
CoreyHilliard29DET2014,Corey Hilliard,2014,ol,29,29-32,DET,8,119,1,0
RussHochstein29NWE2006,Russ Hochstein,2006,ol,29,29-32,NWE,7,58,13,0
AustinHoward29OAK2016,Austin Howard,2016,ol,29,29-32,OAK,Undrafted,Undrafted,11,10
RodneyHudson29OAK2018,Rodney Hudson,2018,ol,29,29-32,OAK,4,205,8,8
CoreyHulsey29OAK2006,Corey Hulsey,2006,ol,29,29-32,OAK,Undrafted,Undrafted,5,5
WayneHunter29NYJ2010,Wayne Hunter,2010,ol,29,29-32,NYJ,5,224,14,4
HeathIrwin29STL2002,Heath Irwin,2002,ol,29,29-32,STL,6,5,14,5
WaverlyJackson29IND2001,Waverly Jackson,2001,ol,29,29-32,IND,Undrafted,Undrafted,16,0
JenoJames29MIA2006,Jeno James,2006,ol,29,29-32,MIA,8,91,9,9
JohnJerry29NYG2015,John Jerry,2015,ol,29,29-32,NYG,5,224,16,8
AlJohnson29MIA2008,Al Johnson,2008,ol,29,29-32,MIA,4,186,4,0
Tre'Johnson29WAS2000,Tre' Johnson,2000,ol,29,29-32,WAS,4,179,4,4
BenJones29TEN2018,Ben Jones,2018,ol,29,29-32,TEN,6,252,7,7
LeviJones29CIN2008,Levi Jones,2008,ol,29,29-32,CIN,1,3,10,10
WinstonJustice29DEN2013,Winston Justice,2013,ol,29,29-32,DEN,4,187,4,0
JoshKline29TEN2018,Josh Kline,2018,ol,29,29-32,TEN,Undrafted,Undrafted,7,7
ScottKooistra29CIN2009,Scott Kooistra,2009,ol,29,29-32,CIN,9,125,4,0
EricKush29CHI2018,Eric Kush,2018,ol,29,29-32,CHI,8,78,6,6
MaxLane29NWE2000,Max Lane,2000,ol,29,29-32,NWE,8,75,6,5
TedLarsen29CHI2016,Ted Larsen,2016,ol,29,29-32,CHI,8,115,16,8
RonaldLeary29DEN2018,Ronald Leary,2018,ol,29,29-32,DEN,Undrafted,Undrafted,6,6
DougLegursky29PIT2015,Doug Legursky,2015,ol,29,29-32,PIT,Undrafted,Undrafted,11,0
MattLehr29NOR2008,Matt Lehr,2008,ol,29,29-32,NOR,7,43,13,3
JoshLeRibeus29NOR2018,Josh LeRibeus,2018,ol,29,29-32,NOR,5,222,6,3
MarkLeVoir292TM2011,Mark LeVoir,2011,ol,29,29-32,2TM,Undrafted,Undrafted,10,4
JakeLong29STL2014,Jake Long,2014,ol,29,29-32,STL,1,2,7,7
KyleLong29CHI2017,Kyle Long,2017,ol,29,29-32,CHI,1,109,10,9
LanceLouis29IND2014,Lance Louis,2014,ol,29,29-32,IND,9,157,9,7
DeuceLutui29TEN2012,Deuce Lutui,2012,ol,29,29-32,TEN,4,190,8,8
BenLynch29SFO2001,Ben Lynch,2001,ol,29,29-32,SFO,9,122,11,1
AlexMack29CLE2014,Alex Mack,2014,ol,29,29-32,CLE,1,120,5,5
SeanMahan29TAM2009,Sean Mahan,2009,ol,29,29-32,TAM,7,75,6,4
PatrickMannelly29CHI2004,Patrick Mannelly,2004,ol,29,29-32,CHI,8,98,16,0
BobbyMassie29CHI2018,Bobby Massie,2018,ol,29,29-32,CHI,6,16,7,7
JasonMathews29TEN2000,Jason Mathews,2000,ol,29,29-32,TEN,5,217,16,1
EvanMathis29CIN2010,Evan Mathis,2010,ol,29,29-32,CIN,5,230,12,0
StockarMcDougle29JAX2006,Stockar McDougle,2006,ol,29,29-32,JAX,1,109,11,0
SethMcKinney29CLE2008,Seth McKinney,2008,ol,29,29-32,CLE,5,243,16,3
PatMcQuistan29ARI2012,Pat McQuistan,2012,ol,29,29-32,ARI,9,122,6,3
AdamMeadows29IND2003,Adam Meadows,2003,ol,29,29-32,IND,4,197,12,5
JamonMeredith29TEN2015,Jamon Meredith,2015,ol,29,29-32,TEN,7,70,13,3
TerrenceMetcalf29CHI2007,Terrence Metcalf,2007,ol,29,29-32,CHI,5,246,16,5
FrankMiddleton29OAK2003,Frank Middleton,2003,ol,29,29-32,OAK,5,213,10,8
LarryMoore29CIN2004,Larry Moore,2004,ol,29,29-32,CIN,Undrafted,Undrafted,13,1
ScottMruczkowski29SDG2011,Scott Mruczkowski,2011,ol,29,29-32,SDG,9,154,10,1
JamarNesbit29NOR2005,Jamar Nesbit,2005,ol,29,29-32,NOR,Undrafted,Undrafted,16,4
QuentinNeujahr29JAX2000,Quentin Neujahr,2000,ol,29,29-32,JAX,Undrafted,Undrafted,16,2
JeremyNewberry29SFO2005,Jeremy Newberry,2005,ol,29,29-32,SFO,4,208,10,10
DerekNewton29HOU2016,Derek Newton,2016,ol,29,29-32,HOU,9,124,6,6
DennisNorman29SDG2009,Dennis Norman,2009,ol,29,29-32,SDG,9,133,10,0
ChukkyOkobi29ARI2007,Chukky Okobi,2007,ol,29,29-32,ARI,7,52,1,0
MichaelOla29LAC2017,Michael Ola,2017,ol,29,29-32,LAC,Undrafted,Undrafted,2,0
PatrickOmameh29NYG2018,Patrick Omameh,2018,ol,29,29-32,NYG,Undrafted,Undrafted,7,6
FrankOmiyale29CHI2011,Frank Omiyale,2011,ol,29,29-32,CHI,7,71,16,3
KelechiOsemele29OAK2018,Kelechi Osemele,2018,ol,29,29-32,OAK,4,211,5,5
MichaelOtto29TEN2012,Michael Otto,2012,ol,29,29-32,TEN,9,134,6,3
JoePanos29BUF2000,Joe Panos,2000,ol,29,29-32,BUF,5,228,13,0
MattParadis29DEN2018,Matt Paradis,2018,ol,29,29-32,DEN,8,117,8,8
TonyPashos29SFO2009,Tony Pashos,2009,ol,29,29-32,SFO,7,81,5,1
MichaelPerson29IND2017,Michael Person,2017,ol,29,29-32,IND,9,150,12,4
JamesDaniels21CHI2018,James Daniels,2018,ol,21,< 24,CHI,Undrafted,Undrafted,7,1
NatDorsey21MIN2004,Nat Dorsey,2004,ol,21,< 24,MIN,6,19,13,7
JaredGaither21BAL2007,Jared Gaither,2007,ol,21,< 24,BAL,7,1,6,2
KwameHarris21SFO2003,Kwame Harris,2003,ol,21,< 24,SFO,1,167,14,5
BobbyHart21NYG2015,Bobby Hart,2015,ol,21,< 24,NYG,9,137,9,1
MylesJack21JAX2016,Myles Jack,2016,ol,21,< 24,JAX,4,184,16,10
CyrusKouandjio21BUF2014,Cyrus Kouandjio,2014,ol,21,< 24,BUF,4,193,1,0
MarcusMartin21SFO2014,Marcus Martin,2014,ol,21,< 24,SFO,5,221,8,8
ChukwumaOkorafor21PIT2018,Chukwuma Okorafor,2018,ol,21,< 24,PIT,Undrafted,Undrafted,7,2
JeremiahPoutasi21TEN2015,Jeremiah Poutasi,2015,ol,21,< 24,TEN,5,216,11,7
TraiTurner21CAR2014,Trai Turner,2014,ol,21,< 24,CAR,5,245,13,9
ConnorWilliams21DAL2018,Connor Williams,2018,ol,21,< 24,DAL,Undrafted,Undrafted,7,7
MikeAdams22PIT2012,Mike Adams,2012,ol,22,< 24,PIT,4,206,10,6
VadalAlexander22OAK2016,Vadal Alexander,2016,ol,22,< 24,OAK,9,146,9,5
EugeneAmano22TEN2004,Eugene Amano,2004,ol,22,< 24,TEN,9,150,15,2
ShawnAndrews22PHI2004,Shawn Andrews,2004,ol,22,< 24,PHI,1,67,1,1
TerronArmstead22NOR2013,Terron Armstead,2013,ol,22,< 24,NOR,5,226,6,2
JonAsamoah22KAN2010,Jon Asamoah,2010,ol,22,< 24,KAN,5,218,15,1
AlvinBailey22SEA2013,Alvin Bailey,2013,ol,22,< 24,SEA,Undrafted,Undrafted,14,0
AlexBalducci22SFO2016,Alex Balducci,2016,ol,22,< 24,SFO,Undrafted,Undrafted,2,0
JacobBender22NYJ2007,Jacob Bender,2007,ol,22,< 24,NYJ,8,85,2,0
CalebBenenoch22TAM2016,Caleb Benenoch,2016,ol,22,< 24,TAM,7,54,5,1
ClintBoling22CIN2011,Clint Boling,2011,ol,22,< 24,CIN,6,5,5,3
MichaelBowie22SEA2013,Michael Bowie,2013,ol,22,< 24,SEA,9,154,9,8
JamonBrown22STL2015,Jamon Brown,2015,ol,22,< 24,STL,5,223,9,9
JasonBrown22BAL2005,Jason Brown,2005,ol,22,< 24,BAL,6,29,6,1
OrlandoBrown22BAL2018,Orlando Brown,2018,ol,22,< 24,BAL,Undrafted,Undrafted,8,2
TrentBrown22SFO2015,Trent Brown,2015,ol,22,< 24,SFO,9,156,6,2
BruceCampbell22OAK2010,Bruce Campbell,2010,ol,22,< 24,OAK,6,9,10,0
JamesCarpenter22SEA2011,James Carpenter,2011,ol,22,< 24,SEA,1,161,9,9
DevinClark22WAS2008,Devin Clark,2008,ol,22,< 24,WAS,Undrafted,Undrafted,2,0
MasonCole22ARI2018,Mason Cole,2018,ol,22,< 24,ARI,Undrafted,Undrafted,8,8
NickCole22PHI2006,Nick Cole,2006,ol,22,< 24,PHI,Undrafted,Undrafted,16,0
CoseyColeman22TAM2000,Cosey Coleman,2000,ol,22,< 24,TAM,4,201,8,0
JuniusCoston22GNB2005,Junius Coston,2005,ol,22,< 24,GNB,7,49,2,0
AndrewDatko22GNB2012,Andrew Datko,2012,ol,22,< 24,GNB,9,153,0,NA
Julie'nDavenport22HOU2017,Julie'n Davenport,2017,ol,22,< 24,HOU,6,36,11,4
DavidDeCastro22PIT2012,David DeCastro,2012,ol,22,< 24,PIT,1,151,4,3
KrisDielman22SDG2003,Kris Dielman,2003,ol,22,< 24,SDG,Undrafted,Undrafted,6,0
RyanDiem22IND2001,Ryan Diem,2001,ol,22,< 24,IND,6,22,15,8
NatDorsey22CLE2005,Nat Dorsey,2005,ol,22,< 24,CLE,6,19,9,0
AlonzoEphraim22PHI2003,Alonzo Ephraim,2003,ol,22,< 24,PHI,Undrafted,Undrafted,16,0
PatrickEstes22SFO2005,Patrick Estes,2005,ol,22,< 24,SFO,9,159,7,0
JeffFaine22CLE2003,Jeff Faine,2003,ol,22,< 24,CLE,1,120,9,9
JakeFisher22CIN2015,Jake Fisher,2015,ol,22,< 24,CIN,4,203,14,1
CameronFleming22NWE2014,Cameron Fleming,2014,ol,22,< 24,NWE,6,47,7,2
JasonFox22DET2010,Jason Fox,2010,ol,22,< 24,DET,6,33,4,0
RobertoGarza22ATL2001,Roberto Garza,2001,ol,22,< 24,ATL,6,252,16,4
RexHadnot22MIA2004,Rex Hadnot,2004,ol,22,< 24,MIA,8,82,14,7
ChrisHairston22BUF2011,Chris Hairston,2011,ol,22,< 24,BUF,6,27,13,7
CharlesHarris22MIA2017,Charles Harris,2017,ol,22,< 24,MIA,1,130,16,2
KwameHarris22SFO2004,Kwame Harris,2004,ol,22,< 24,SFO,1,167,14,7
RyanHarris22DEN2007,Ryan Harris,2007,ol,22,< 24,DEN,5,221,11,0
CaylinHauptmann22SEA2013,Caylin Hauptmann,2013,ol,22,< 24,SEA,Undrafted,Undrafted,1,0
DonaldHawkins22DAL2014,Donald Hawkins,2014,ol,22,< 24,DAL,Undrafted,Undrafted,1,0
JoeHawley22ATL2010,Joe Hawley,2010,ol,22,< 24,ATL,6,21,15,0
CoreyHilliard22IND2007,Corey Hilliard,2007,ol,22,< 24,IND,8,119,3,0
TreyHopkins22CIN2014,Trey Hopkins,2014,ol,22,< 24,CIN,Undrafted,Undrafted,0,NA
RodneyHudson22KAN2011,Rodney Hudson,2011,ol,22,< 24,KAN,4,205,16,1
JoeyHunt22SEA2016,Joey Hunt,2016,ol,22,< 24,SEA,8,125,9,1
BenIjalana22IND2011,Ben Ijalana,2011,ol,22,< 24,IND,4,198,4,0
LukeJoeckel22JAX2013,Luke Joeckel,2013,ol,22,< 24,JAX,1,108,5,5
CharlieJohnson22IND2006,Charlie Johnson,2006,ol,22,< 24,IND,8,107,16,1
KalebJohnson22BAL2015,Kaleb Johnson,2015,ol,22,< 24,BAL,Undrafted,Undrafted,0,0
KenyattaJones22NWE2001,Kenyatta Jones,2001,ol,22,< 24,NWE,6,249,5,0
RyanKalil22CAR2007,Ryan Kalil,2007,ol,22,< 24,CAR,4,209,6,3
SenioKelemete22ARI2012,Senio Kelemete,2012,ol,22,< 24,ARI,7,58,1,0
DennisKelly22PHI2012,Dennis Kelly,2012,ol,22,< 24,PHI,7,60,13,10
DenverKirkland22OAK2016,Denver Kirkland,2016,ol,22,< 24,OAK,Undrafted,Undrafted,6,4
AaronKoch22JAX2000,Aaron Koch,2000,ol,22,< 24,JAX,Undrafted,Undrafted,8,0
CyrusKouandjio22BUF2015,Cyrus Kouandjio,2015,ol,22,< 24,BUF,4,193,12,2
KevinKowalski22DAL2011,Kevin Kowalski,2011,ol,22,< 24,DAL,Undrafted,Undrafted,11,0
T.J.Lang22GNB2009,T.J. Lang,2009,ol,22,< 24,GNB,6,12,16,3
NickLeckey22ARI2004,Nick Leckey,2004,ol,22,< 24,ARI,8,74,16,0
MattLehr22DAL2001,Matt Lehr,2001,ol,22,< 24,DAL,7,43,8,0
JoeLooney22SFO2012,Joe Looney,2012,ol,22,< 24,SFO,6,21,0,NA
PhillipkeithManley22ATL2012,Phillipkeith Manley,2012,ol,22,< 24,ATL,Undrafted,Undrafted,0,NA
ShaqMason22NWE2015,Shaq Mason,2015,ol,22,< 24,NWE,6,37,14,10
JustinMcCray22TEN2014,Justin McCray,2014,ol,22,< 24,TEN,Undrafted,Undrafted,0,NA
KareemMcKenzie22NYJ2001,Kareem McKenzie,2001,ol,22,< 24,NYJ,5,230,8,0
DarrianMiller22CLE2015,Darrian Miller,2015,ol,22,< 24,CLE,Undrafted,Undrafted,6,0
PaceMurphy22LAR2016,Pace Murphy,2016,ol,22,< 24,LAR,Undrafted,Undrafted,2,0
QuentonNelson22IND2018,Quenton Nelson,2018,ol,22,< 24,IND,Undrafted,Undrafted,8,8
QuinnOjinnaka22ATL2006,Quinn Ojinnaka,2006,ol,22,< 24,ATL,7,45,11,0
EricOlsen22DEN2010,Eric Olsen,2010,ol,22,< 24,DEN,8,92,1,0
AustinPasztor22JAX2012,Austin Pasztor,2012,ol,22,< 24,JAX,Undrafted,Undrafted,3,3
AndrusPeat22NOR2015,Andrus Peat,2015,ol,22,< 24,NOR,1,35,12,8
JasonPeters22BUF2004,Jason Peters,2004,ol,22,< 24,BUF,Undrafted,Undrafted,5,1
TerrancePlummer22WAS2015,Terrance Plummer,2015,ol,22,< 24,WAS,Undrafted,Undrafted,3,0
JeremiahPoutasi22JAX2016,Jeremiah Poutasi,2016,ol,22,< 24,JAX,5,216,1,1
GivensPrice22ARI2016,Givens Price,2016,ol,22,< 24,ARI,Undrafted,Undrafted,1,0
ChiloRachal22SFO2008,Chilo Rachal,2008,ol,22,< 24,SFO,4,187,8,6
FrankRagnow22DET2018,Frank Ragnow,2018,ol,22,< 24,DET,Undrafted,Undrafted,7,7
AndreRamsey22BUF2009,Andre Ramsey,2009,ol,22,< 24,BUF,Undrafted,Undrafted,2,0
GregRandall22NWE2000,Greg Randall,2000,ol,22,< 24,NWE,6,32,12,4
AlexRedmond22CIN2017,Alex Redmond,2017,ol,22,< 24,CIN,Undrafted,Undrafted,5,0
GarrettReynolds22ATL2009,Garrett Reynolds,2009,ol,22,< 24,ATL,7,63,4,0
DemetriusRhaney22STL2014,Demetrius Rhaney,2014,ol,22,< 24,STL,9,162,0,NA
AntonioRichardson22MIN2014,Antonio Richardson,2014,ol,22,< 24,MIN,Undrafted,Undrafted,0,NA
BarryRichardson22KAN2008,Barry Richardson,2008,ol,22,< 24,KAN,8,78,6,0
TrevorRobinson22CIN2012,Trevor Robinson,2012,ol,22,< 24,CIN,Undrafted,Undrafted,13,7
BrianSchwenke22TEN2013,Brian Schwenke,2013,ol,22,< 24,TEN,6,10,9,9
MarkSetterstrom22STL2006,Mark Setterstrom,2006,ol,22,< 24,STL,9,154,7,6
RichSeubert22NYG2001,Rich Seubert,2001,ol,22,< 24,NYG,Undrafted,Undrafted,2,0
KevinShaffer22ATL2002,Kevin Shaffer,2002,ol,22,< 24,ATL,9,156,6,0
DavidSharpe22OAK2017,David Sharpe,2017,ol,22,< 24,OAK,6,34,5,2
DerekSherrod22GNB2011,Derek Sherrod,2011,ol,22,< 24,GNB,1,180,5,0
JoshSitton22GNB2008,Josh Sitton,2008,ol,22,< 24,GNB,6,41,11,2
AndreSmith22CIN2009,Andre Smith,2009,ol,22,< 24,CIN,1,210,6,1
BradenSmith22IND2018,Braden Smith,2018,ol,22,< 24,IND,Undrafted,Undrafted,7,5
MarvelSmith22PIT2000,Marvel Smith,2000,ol,22,< 24,PIT,4,186,12,9
RobSmith22CLE2006,Rob Smith,2006,ol,22,< 24,CLE,Undrafted,Undrafted,1,1
JasonSpriggs22GNB2016,Jason Spriggs,2016,ol,22,< 24,GNB,4,197,16,2
MaxStarks22PIT2004,Max Starks,2004,ol,22,< 24,PIT,5,226,10,0
JamesStone22ATL2014,James Stone,2014,ol,22,< 24,ATL,Undrafted,Undrafted,12,9
JohnTheus22SFO2016,John Theus,2016,ol,22,< 24,SFO,7,51,4,1
ColeToner22ARI2016,Cole Toner,2016,ol,22,< 24,ARI,7,78,2,0
RossTucker22WAS2001,Ross Tucker,2001,ol,22,< 24,WAS,Undrafted,Undrafted,3,0
LarryTurner22STL2004,Larry Turner,2004,ol,22,< 24,STL,9,149,14,1
GregVan Roten22GNB2012,Greg Van Roten,2012,ol,22,< 24,GNB,Undrafted,Undrafted,7,0
LaAdrianWaddle22DET2013,LaAdrian Waddle,2013,ol,22,< 24,DET,Undrafted,Undrafted,12,8
DustinWaldron22KAN2012,Dustin Waldron,2012,ol,22,< 24,KAN,Undrafted,Undrafted,0,NA
ChrisWhite22GNB2005,Chris White,2005,ol,22,< 24,GNB,Undrafted,Undrafted,1,0
ElijahWilkinson22DEN2017,Elijah Wilkinson,2017,ol,22,< 24,DEN,Undrafted,Undrafted,9,0
DarrellWilliams22STL2015,Darrell Williams,2015,ol,22,< 24,STL,Undrafted,Undrafted,5,0
ZacWoodfin22BAL2005,Zac Woodfin,2005,ol,22,< 24,BAL,Undrafted,Undrafted,1,0
LeeZiemba22CAR2011,Lee Ziemba,2011,ol,22,< 24,CAR,9,156,6,0
PaulZukauskas22CLE2001,Paul Zukauskas,2001,ol,22,< 24,CLE,9,113,1,0
JeremyZuttah22TAM2008,Jeremy Zuttah,2008,ol,22,< 24,TAM,5,235,12,5
JeffAdams23MIA2012,Jeff Adams,2012,ol,23,< 24,MIA,Undrafted,Undrafted,0,NA
VadalAlexander23OAK2017,Vadal Alexander,2017,ol,23,< 24,OAK,9,146,15,4
DarnellAlford23KAN2000,Darnell Alford,2000,ol,23,< 24,KAN,8,97,1,0
BrianAllen23LAR2018,Brian Allen,2018,ol,23,< 24,LAR,Undrafted,Undrafted,5,0
JoshAllen23TAM2014,Josh Allen,2014,ol,23,< 24,TAM,Undrafted,Undrafted,3,0
RogerAllen23STL2009,Roger Allen,2009,ol,23,< 24,STL,Undrafted,Undrafted,2,1
EugeneAmano23TEN2005,Eugene Amano,2005,ol,23,< 24,TEN,9,150,16,0
StacyAndrews23CIN2004,Stacy Andrews,2004,ol,23,< 24,CIN,6,28,1,0
JeffBaca23MIN2013,Jeff Baca,2013,ol,23,< 24,MIN,8,105,4,0
AlvinBailey23SEA2014,Alvin Bailey,2014,ol,23,< 24,SEA,Undrafted,Undrafted,14,5
SamBaker23ATL2008,Sam Baker,2008,ol,23,< 24,ATL,1,120,8,5
AllenBarbre23GNB2007,Allen Barbre,2007,ol,23,< 24,GNB,6,23,7,0
DonBarclay23GNB2012,Don Barclay,2012,ol,23,< 24,GNB,Undrafted,Undrafted,16,4
WillBarker23TAM2010,Will Barker,2010,ol,23,< 24,TAM,Undrafted,Undrafted,3,0
JoeBarksdale23OAK2011,Joe Barksdale,2011,ol,23,< 24,OAK,5,245,16,0
KevinBarry23GNB2002,Kevin Barry,2002,ol,23,< 24,GNB,Undrafted,Undrafted,14,3
KelvinBeachum23PIT2012,Kelvin Beachum,2012,ol,23,< 24,PIT,9,159,7,5
WillieBeavers23MIN2016,Willie Beavers,2016,ol,23,< 24,MIN,6,26,2,0
NickBecton23SDG2013,Nick Becton,2013,ol,23,< 24,SDG,Undrafted,Undrafted,1,0
BradBedell23CLE2000,Brad Bedell,2000,ol,23,< 24,CLE,8,116,12,0
CalebBenenoch23TAM2017,Caleb Benenoch,2017,ol,23,< 24,TAM,7,54,13,5
JoeBerger23MIA2005,Joe Berger,2005,ol,23,< 24,MIA,8,117,3,0
MackenzyBernadeau23CAR2009,Mackenzy Bernadeau,2009,ol,23,< 24,CAR,9,162,16,7
MartinBibla23ATL2002,Martin Bibla,2002,ol,23,< 24,ATL,6,20,10,0
EvanBoehm23ARI2016,Evan Boehm,2016,ol,23,< 24,ARI,6,33,16,1
DeyshawnBond23IND2017,Deyshawn Bond,2017,ol,23,< 24,IND,Undrafted,Undrafted,4,4
TravisBond23CAR2013,Travis Bond,2013,ol,23,< 24,CAR,9,124,2,0
AlexBoone23SFO2010,Alex Boone,2010,ol,23,< 24,SFO,Undrafted,Undrafted,1,0
JarvisBorum23ARI2001,Jarvis Borum,2001,ol,23,< 24,ARI,Undrafted,Undrafted,1,1
MichaelBowie23CLE2014,Michael Bowie,2014,ol,23,< 24,CLE,9,154,0,NA
KevinBreedlove23SDG2003,Kevin Breedlove,2003,ol,23,< 24,SDG,Undrafted,Undrafted,1,0
SamBrenner23MIA2013,Sam Brenner,2013,ol,23,< 24,MIA,Undrafted,Undrafted,7,4
MikeBrewster23JAX2012,Mike Brewster,2012,ol,23,< 24,JAX,Undrafted,Undrafted,12,7
EbenBritton23JAX2010,Eben Britton,2010,ol,23,< 24,JAX,4,187,7,7
BrandonBrooks23HOU2012,Brandon Brooks,2012,ol,23,< 24,HOU,5,227,6,0
CharlesBrown23NOR2010,Charles Brown,2010,ol,23,< 24,NOR,4,214,3,0
EltonBrown23ARI2005,Elton Brown,2005,ol,23,< 24,ARI,6,15,9,9
JamonBrown23LAR2016,Jamon Brown,2016,ol,23,< 24,LAR,5,223,11,5
MilfordBrown23HOU2003,Milford Brown,2003,ol,23,< 24,HOU,8,2,3,2
BryantBrowning23CAR2011,Bryant Browning,2011,ol,23,< 24,CAR,Undrafted,Undrafted,1,0
BryanBulaga23GNB2012,Bryan Bulaga,2012,ol,23,< 24,GNB,1,141,9,9
ChandlerBurden23MIA2012,Chandler Burden,2012,ol,23,< 24,MIA,Undrafted,Undrafted,0,NA
TyreekBurwell23SDG2015,Tyreek Burwell,2015,ol,23,< 24,SDG,Undrafted,Undrafted,9,0
JermonBushrod23NOR2007,Jermon Bushrod,2007,ol,23,< 24,NOR,6,30,1,0
BradButler23BUF2006,Brad Butler,2006,ol,23,< 24,BUF,7,49,2,0
AntoineCaldwell23HOU2009,Antoine Caldwell,2009,ol,23,< 24,HOU,5,228,11,3
BruceCampbell23OAK2011,Bruce Campbell,2011,ol,23,< 24,OAK,6,9,4,0
VernonCarey23MIA2004,Vernon Carey,2004,ol,23,< 24,MIA,1,99,14,2
GabeCarimi23CHI2011,Gabe Carimi,2011,ol,23,< 24,CHI,1,174,2,2
CooperCarlisle23DEN2000,Cooper Carlisle,2000,ol,23,< 24,DEN,6,16,14,0
JamesCarpenter23SEA2012,James Carpenter,2012,ol,23,< 24,SEA,1,161,7,7
JustinCheadle23PIT2012,Justin Cheadle,2012,ol,23,< 24,PIT,Undrafted,Undrafted,0,NA
ChrisChester23BAL2006,Chris Chester,2006,ol,23,< 24,BAL,4,206,11,4
Le'RavenClark23IND2016,Le'Raven Clark,2016,ol,23,< 24,IND,5,234,8,3
NickCole23PHI2007,Nick Cole,2007,ol,23,< 24,PHI,Undrafted,Undrafted,16,1
AnthonyCollins23CIN2008,Anthony Collins,2008,ol,23,< 24,CIN,6,16,9,6
La'elCollins23DAL2016,La'el Collins,2016,ol,23,< 24,DAL,Undrafted,Undrafted,3,3
WillieColon23PIT2006,Willie Colon,2006,ol,23,< 24,PIT,6,37,2,2
JonathanCompas23TAM2009,Jonathan Compas,2009,ol,23,< 24,TAM,Undrafted,Undrafted,2,0
TomCompton23WAS2012,Tom Compton,2012,ol,23,< 24,WAS,8,102,0,NA
DanConnolly23JAX2005,Dan Connolly,2005,ol,23,< 24,JAX,Undrafted,Undrafted,4,0
DamionCook23BAL2002,Damion Cook,2002,ol,23,< 24,BAL,Undrafted,Undrafted,3,0
RyanCook23MIN2006,Ryan Cook,2006,ol,23,< 24,MIN,4,201,6,3
JonCooper23MIN2009,Jon Cooper,2009,ol,23,< 24,MIN,Undrafted,Undrafted,1,0
AustinCorbett23CLE2018,Austin Corbett,2018,ol,23,< 24,CLE,Undrafted,Undrafted,6,1
PaulCornick23DEN2012,Paul Cornick,2012,ol,23,< 24,DEN,Undrafted,Undrafted,0,NA
DaveCosta23SFO2001,Dave Costa,2001,ol,23,< 24,SFO,Undrafted,Undrafted,14,0
PhilCosta23DAL2010,Phil Costa,2010,ol,23,< 24,DAL,Undrafted,Undrafted,4,1
JuniusCoston23GNB2006,Junius Coston,2006,ol,23,< 24,GNB,7,49,1,0
TyrellCrosby23DET2018,Tyrell Crosby,2018,ol,23,< 24,DET,Undrafted,Undrafted,1,0
CarsonDach23NYG2003,Carson Dach,2003,ol,23,< 24,NYG,Undrafted,Undrafted,16,0
TreyDarilek23PHI2004,Trey Darilek,2004,ol,23,< 24,PHI,6,37,3,0
Julie'nDavenport23HOU2018,Julie'n Davenport,2018,ol,23,< 24,HOU,6,36,8,7
C.J.Davis23CAR2010,C.J. Davis,2010,ol,23,< 24,CAR,Undrafted,Undrafted,7,0
ChrisDeGeare23MIN2010,Chris DeGeare,2010,ol,23,< 24,MIN,7,69,8,5
EnochDeMar23CLE2003,Enoch DeMar,2003,ol,23,< 24,CLE,Undrafted,Undrafted,5,2
KrisDielman23SDG2004,Kris Dielman,2004,ol,23,< 24,SDG,Undrafted,Undrafted,15,0
EvanDietrich-Smith23GNB2009,Evan Dietrich-Smith,2009,ol,23,< 24,GNB,Undrafted,Undrafted,13,0
RayDominguez23GNB2011,Ray Dominguez,2011,ol,23,< 24,GNB,Undrafted,Undrafted,1,0
AndrewDonnal23STL2015,Andrew Donnal,2015,ol,23,< 24,STL,6,23,5,2
NatDorsey23CLE2006,Nat Dorsey,2006,ol,23,< 24,CLE,6,19,13,2
JamilDouglas23MIA2015,Jamil Douglas,2015,ol,23,< 24,MIA,6,18,16,6
CorneliusEdison23CHI2016,Cornelius Edison,2016,ol,23,< 24,CHI,Undrafted,Undrafted,6,0
SteveEdwards23CHI2002,Steve Edwards,2002,ol,23,< 24,CHI,Undrafted,Undrafted,1,0
JermaineEluemunor23BAL2017,Jermaine Eluemunor,2017,ol,23,< 24,BAL,7,66,8,2
AlonzoEphraim23PHI2004,Alonzo Ephraim,2004,ol,23,< 24,PHI,Undrafted,Undrafted,14,2
CameronErving23CLE2015,Cameron Erving,2015,ol,23,< 24,CLE,1,99,16,4
TraiEssex23PIT2005,Trai Essex,2005,ol,23,< 24,PIT,5,246,6,4
AnthonyFabiano23CLE2016,Anthony Fabiano,2016,ol,23,< 24,CLE,Undrafted,Undrafted,4,1
DanielFederkeil23IND2006,Daniel Federkeil,2006,ol,23,< 24,IND,Undrafted,Undrafted,2,0
DanFeeney23LAC2017,Dan Feeney,2017,ol,23,< 24,LAC,5,222,15,9
JonFeliciano23OAK2015,Jon Feliciano,2015,ol,23,< 24,OAK,6,33,6,3
ReidFerguson23BUF2017,Reid Ferguson,2017,ol,23,< 24,BUF,Undrafted,Undrafted,16,0
JakeFisher23CIN2016,Jake Fisher,2016,ol,23,< 24,CIN,4,203,15,3
CameronFleming23NWE2015,Cameron Fleming,2015,ol,23,< 24,NWE,6,47,12,7
BrianFolkerts23CAR2013,Brian Folkerts,2013,ol,23,< 24,CAR,Undrafted,Undrafted,10,0
KynanForney23ATL2001,Kynan Forney,2001,ol,23,< 24,ATL,9,129,12,8
GeorgeFoster23DEN2003,George Foster,2003,ol,23,< 24,DEN,1,109,1,0
RamonFoster23PIT2009,Ramon Foster,2009,ol,23,< 24,PIT,Undrafted,Undrafted,14,4
RenardoFoster23ATL2007,Renardo Foster,2007,ol,23,< 24,ATL,Undrafted,Undrafted,7,2
MelvinFowler23CLE2002,Melvin Fowler,2002,ol,23,< 24,CLE,5,227,1,1
DougFree23DAL2007,Doug Free,2007,ol,23,< 24,DAL,6,27,1,0
KyleFuller23HOU2017,Kyle Fuller,2017,ol,23,< 24,HOU,9,155,9,2
BrandonFusco23MIN2011,Brandon Fusco,2011,ol,23,< 24,MIN,8,80,3,0
ChristianGaddis23BUF2007,Christian Gaddis,2007,ol,23,< 24,BUF,Undrafted,Undrafted,1,0
DylanGandy23IND2005,Dylan Gandy,2005,ol,23,< 24,IND,6,34,16,2
AndrewGardner23MIA2009,Andrew Gardner,2009,ol,23,< 24,MIA,8,90,1,0
RobertoGarza23ATL2002,Roberto Garza,2002,ol,23,< 24,ATL,6,252,6,4
BrenoGiacomini23GNB2008,Breno Giacomini,2008,ol,23,< 24,GNB,7,57,1,0
GarrettGilkey23CLE2013,Garrett Gilkey,2013,ol,23,< 24,CLE,9,138,6,1
MarkGlowinski23SEA2015,Mark Glowinski,2015,ol,23,< 24,SEA,6,40,9,1
JoaquinGonzalez23CLE2002,Joaquin Gonzalez,2002,ol,23,< 24,CLE,9,138,9,0
DillonGordon23PHI2016,Dillon Gordon,2016,ol,23,< 24,PHI,Undrafted,Undrafted,1,0
StevenGrace23ARI2002,Steven Grace,2002,ol,23,< 24,ARI,Undrafted,Undrafted,1,0
JohnGreco23STL2008,John Greco,2008,ol,23,< 24,STL,5,215,9,1
TyronneGreen23SDG2009,Tyronne Green,2009,ol,23,< 24,SDG,6,39,3,0
RobertGriffin23IND2012,Robert Griffin,2012,ol,23,< 24,IND,8,113,0,NA
HarlandGunn23ATL2012,Harland Gunn,2012,ol,23,< 24,ATL,Undrafted,Undrafted,0,NA
ChrisHairston23BUF2012,Chris Hairston,2012,ol,23,< 24,BUF,6,27,12,8
GeoffHangartner23CAR2005,Geoff Hangartner,2005,ol,23,< 24,CAR,7,76,6,0
LeroyHarris23TEN2007,Leroy Harris,2007,ol,23,< 24,TEN,6,19,5,0
BobbyHart23NYG2017,Bobby Hart,2017,ol,23,< 24,NYG,9,137,10,7
TannerHawkinson23CIN2013,Tanner Hawkinson,2013,ol,23,< 24,CIN,7,63,1,0
MichaelHay23STL2012,Michael Hay,2012,ol,23,< 24,STL,Undrafted,Undrafted,0,NA
EricHeitmann23SFO2003,Eric Heitmann,2003,ol,23,< 24,SFO,9,150,9,8
NickHennessey23BUF2009,Nick Hennessey,2009,ol,23,< 24,BUF,Undrafted,Undrafted,1,0
WillHernandez23NYG2018,Will Hernandez,2018,ol,23,< 24,NYG,Undrafted,Undrafted,8,8
ToddHerremans23PHI2005,Todd Herremans,2005,ol,23,< 24,PHI,6,31,4,4
StephonHeyer23WAS2007,Stephon Heyer,2007,ol,23,< 24,WAS,Undrafted,Undrafted,12,5
CoreyHilliard23IND2008,Corey Hilliard,2008,ol,23,< 24,IND,8,119,2,0
JasonHilliard23NYG2004,Jason Hilliard,2004,ol,23,< 24,NYG,Undrafted,Undrafted,2,0
MontraeHolland23NOR2003,Montrae Holland,2003,ol,23,< 24,NOR,6,6,16,7
KhaledHolmes23IND2013,Khaled Holmes,2013,ol,23,< 24,IND,6,26,3,0
LamarHolmes23ATL2012,Lamar Holmes,2012,ol,23,< 24,ATL,5,244,1,0
MikeHoughton23BUF2002,Mike Houghton,2002,ol,23,< 24,BUF,8,110,1,0
AustinHoward23PHI2010,Austin Howard,2010,ol,23,< 24,PHI,Undrafted,Undrafted,4,1
CordaroHoward23BUF2010,Cordaro Howard,2010,ol,23,< 24,BUF,Undrafted,Undrafted,10,4
ChrisHubbard23PIT2014,Chris Hubbard,2014,ol,23,< 24,PIT,Undrafted,Undrafted,1,0
RodneyHudson23KAN2012,Rodney Hudson,2012,ol,23,< 24,KAN,4,205,3,3
KevinHughes23STL2011,Kevin Hughes,2011,ol,23,< 24,STL,Undrafted,Undrafted,3,0
WayneHunter23SEA2004,Wayne Hunter,2004,ol,23,< 24,SEA,5,224,1,0
JamesHurst23BAL2014,James Hurst,2014,ol,23,< 24,BAL,Undrafted,Undrafted,16,5
DannyIsidora23MIN2017,Danny Isidora,2017,ol,23,< 24,MIN,7,89,7,1
AlcenderJackson23DAL2000,Alcender Jackson,2000,ol,23,< 24,DAL,Undrafted,Undrafted,3,0
Tre'Jackson23NWE2015,Tre' Jackson,2015,ol,23,< 24,NWE,6,15,13,9
TramainJacobs23NYG2015,Tramain Jacobs,2015,ol,23,< 24,NYG,Undrafted,Undrafted,5,0
Ja'WuanJames23MIA2015,Ja'Wuan James,2015,ol,23,< 24,MIA,1,99,7,7
JenoJames23CAR2000,Jeno James,2000,ol,23,< 24,CAR,8,91,16,4
RyanJensen23BAL2014,Ryan Jensen,2014,ol,23,< 24,BAL,8,113,1,0
GregJerman23MIA2002,Greg Jerman,2002,ol,23,< 24,MIA,Undrafted,Undrafted,2,0
UlrickJohn23MIA2015,Ulrick John,2015,ol,23,< 24,MIA,9,144,2,0
CharlieJohnson23IND2007,Charlie Johnson,2007,ol,23,< 24,IND,8,107,14,10
RishawJohnson23SEA2012,Rishaw Johnson,2012,ol,23,< 24,SEA,Undrafted,Undrafted,0,NA
AdrianJones23NYJ2004,Adrian Jones,2004,ol,23,< 24,NYJ,6,38,12,0
BarrettJones23STL2013,Barrett Jones,2013,ol,23,< 24,STL,6,17,3,0
BenJones23HOU2012,Ben Jones,2012,ol,23,< 24,HOU,6,252,16,10
TerrenJones233TM2014,Terren Jones,2014,ol,23,< 24,3TM,Undrafted,Undrafted,1,0
WinstonJustice23PHI2007,Winston Justice,2007,ol,23,< 24,PHI,4,187,7,1
DaveKadela23ATL2001,Dave Kadela,2001,ol,23,< 24,ATL,Undrafted,Undrafted,1,0
TedKarras23NWE2016,Ted Karras,2016,ol,23,< 24,NWE,8,132,16,1
MichaelKeathley23SDG2001,Michael Keathley,2001,ol,23,< 24,SDG,Undrafted,Undrafted,16,0
ChrisKemoeatu23PIT2006,Chris Kemoeatu,2006,ol,23,< 24,PIT,8,114,3,2
ZacKerin23MIN2014,Zac Kerin,2014,ol,23,< 24,MIN,Undrafted,Undrafted,0,NA
AustinKing23ATL2004,Austin King,2004,ol,23,< 24,ATL,6,39,4,0
AdrianKlemm23NWE2000,Adrian Klemm,2000,ol,23,< 24,NWE,4,195,5,4
AaronKoch23JAX2001,Aaron Koch,2001,ol,23,< 24,JAX,Undrafted,Undrafted,16,1
AdamKoets23NYG2007,Adam Koets,2007,ol,23,< 24,NYG,8,98,1,0
PeterKonz23ATL2012,Peter Konz,2012,ol,23,< 24,ATL,4,205,16,10
ScottKooistra23CIN2003,Scott Kooistra,2003,ol,23,< 24,CIN,9,125,8,0
ArieKouandjio23WAS2015,Arie Kouandjio,2015,ol,23,< 24,WAS,6,16,4,0
CyrusKouandjio23BUF2016,Cyrus Kouandjio,2016,ol,23,< 24,BUF,4,193,12,5
KevinKowalski23DAL2012,Kevin Kowalski,2012,ol,23,< 24,DAL,Undrafted,Undrafted,1,0
OlinKreutz23CHI2000,Olin Kreutz,2000,ol,23,< 24,CHI,5,214,7,7
TroyKropog23TEN2009,Troy Kropog,2009,ol,23,< 24,TEN,6,41,1,0
KendallLamm23HOU2015,Kendall Lamm,2015,ol,23,< 24,HOU,Undrafted,Undrafted,15,4
NoelLaMontagne23CLE2000,Noel LaMontagne,2000,ol,23,< 24,CLE,Undrafted,Undrafted,2,0
T.J.Lang23GNB2010,T.J. Lang,2010,ol,23,< 24,GNB,6,12,12,0
ShawnLauvao23CLE2010,Shawn Lauvao,2010,ol,23,< 24,CLE,5,245,10,1
RonaldLeary23DAL2012,Ronald Leary,2012,ol,23,< 24,DAL,Undrafted,Undrafted,0,NA
NickLeckey23ARI2005,Nick Leckey,2005,ol,23,< 24,ARI,8,74,14,9
JamesLee23TAM2008,James Lee,2008,ol,23,< 24,TAM,Undrafted,Undrafted,1,0
DougLegursky23PIT2009,Doug Legursky,2009,ol,23,< 24,PIT,Undrafted,Undrafted,8,0
MattLehr23DAL2002,Matt Lehr,2002,ol,23,< 24,DAL,7,43,12,4
CharlesLeno23CHI2014,Charles Leno,2014,ol,23,< 24,CHI,9,157,6,1
JoshLeRibeus23WAS2012,Josh LeRibeus,2012,ol,23,< 24,WAS,5,222,5,0
TaylorLewan23TEN2014,Taylor Lewan,2014,ol,23,< 24,TEN,1,13,11,6
PatrickLewis232TM2014,Patrick Lewis,2014,ol,23,< 24,2TM,Undrafted,Undrafted,6,4
KoryLichtensteiger23DEN2008,Kory Lichtensteiger,2008,ol,23,< 24,DEN,6,11,16,0
RyanLilja23IND2004,Ryan Lilja,2004,ol,23,< 24,IND,Undrafted,Undrafted,7,6
BrandonLinder23JAX2015,Brandon Linder,2015,ol,23,< 24,JAX,5,246,3,3
JeffLinkenbach23IND2010,Jeff Linkenbach,2010,ol,23,< 24,IND,Undrafted,Undrafted,16,4
SeanLocklear23SEA2004,Sean Locklear,2004,ol,23,< 24,SEA,5,236,16,0
JoeLong23PIT2012,Joe Long,2012,ol,23,< 24,PIT,Undrafted,Undrafted,0,NA
JoeLooney23SFO2013,Joe Looney,2013,ol,23,< 24,SFO,6,21,4,0
CorneliusLucas23DET2014,Cornelius Lucas,2014,ol,23,< 24,DET,Undrafted,Undrafted,15,3
JonathanLuigs23CIN2009,Jonathan Luigs,2009,ol,23,< 24,CIN,6,9,8,0
DeuceLutui23ARI2006,Deuce Lutui,2006,ol,23,< 24,ARI,4,190,15,9
ErikMagnuson23SFO2017,Erik Magnuson,2017,ol,23,< 24,SFO,Undrafted,Undrafted,4,2
SeanMahan23TAM2003,Sean Mahan,2003,ol,23,< 24,TAM,7,75,9,0
BrendanMahon23CAR2018,Brendan Mahon,2018,ol,23,< 24,CAR,Undrafted,Undrafted,2,0
GregMancz23HOU2015,Greg Mancz,2015,ol,23,< 24,HOU,Undrafted,Undrafted,3,0
SteveManeri23KAN2011,Steve Maneri,2011,ol,23,< 24,KAN,Undrafted,Undrafted,6,1
MarcusMartin23SFO2016,Marcus Martin,2016,ol,23,< 24,SFO,5,221,4,2
MattMartin23TEN2002,Matt Martin,2002,ol,23,< 24,TEN,Undrafted,Undrafted,1,0
ChrisMassey23STL2002,Chris Massey,2002,ol,23,< 24,STL,9,155,16,1
KevinMatthews23TEN2010,Kevin Matthews,2010,ol,23,< 24,TEN,Undrafted,Undrafted,3,1
MattMcCants23NYG2012,Matt McCants,2012,ol,23,< 24,NYG,8,111,0,NA
AntoineMcClain23BAL2012,Antoine McClain,2012,ol,23,< 24,BAL,Undrafted,Undrafted,0,NA
ToddMcClure23ATL2000,Todd McClure,2000,ol,23,< 24,ATL,9,148,10,7
StockarMcDougle23DET2000,Stockar McDougle,2000,ol,23,< 24,DET,1,109,8,8
T.Y.McGill23IND2015,T.Y. McGill,2015,ol,23,< 24,IND,Undrafted,Undrafted,12,0
MikeMcGlynn23PHI2008,Mike McGlynn,2008,ol,23,< 24,PHI,6,12,3,0
ChrisMcIntosh23SEA2000,Chris McIntosh,2000,ol,23,< 24,SEA,1,130,14,10
DamionMcIntosh23SDG2000,Damion McIntosh,2000,ol,23,< 24,SDG,5,235,3,0
SethMcKinney23MIA2002,Seth McKinney,2002,ol,23,< 24,MIA,5,243,16,2
BryantMcKinnie23MIN2002,Bryant McKinnie,2002,ol,23,< 24,MIN,1,220,8,7
PatMcQuistan23DAL2006,Pat McQuistan,2006,ol,23,< 24,DAL,9,122,1,0
PaulMcQuistan23OAK2006,Paul McQuistan,2006,ol,23,< 24,OAK,5,219,15,6
JamonMeredith23BUF2009,Jamon Meredith,2009,ol,23,< 24,BUF,7,70,8,4
AaronMerz23BUF2006,Aaron Merz,2006,ol,23,< 24,BUF,9,159,7,1
KoltonMiller23OAK2018,Kolton Miller,2018,ol,23,< 24,OAK,Undrafted,Undrafted,8,8
RyanMiller23CLE2012,Ryan Miller,2012,ol,23,< 24,CLE,7,68,8,0
JimMolinaro23WAS2004,Jim Molinaro,2004,ol,23,< 24,WAS,8,89,11,0
TonyMoll23GNB2006,Tony Moll,2006,ol,23,< 24,GNB,7,73,16,10
WillMontgomery23CAR2006,Will Montgomery,2006,ol,23,< 24,CAR,9,146,6,4
BrandonMoore23NYJ2003,Brandon Moore,2003,ol,23,< 24,NYJ,Undrafted,Undrafted,3,1
D.J.Morrell23BUF2014,D.J. Morrell,2014,ol,23,< 24,BUF,Undrafted,Undrafted,0,NA
ChrisMorris23OAK2006,Chris Morris,2006,ol,23,< 24,OAK,9,124,5,0
MorganMoses23WAS2014,Morgan Moses,2014,ol,23,< 24,WAS,5,216,8,1
TaylorMoton23CAR2017,Taylor Moton,2017,ol,23,< 24,CAR,4,214,16,0
ScottMruczkowski23SDG2005,Scott Mruczkowski,2005,ol,23,< 24,SDG,9,154,6,0
KyleMurphy23GNB2016,Kyle Murphy,2016,ol,23,< 24,GNB,8,110,3,0
DougNienhuis23NYJ2005,Doug Nienhuis,2005,ol,23,< 24,NYJ,9,165,7,0
LucasNix23OAK2012,Lucas Nix,2012,ol,23,< 24,OAK,Undrafted,Undrafted,1,0
XavierNixon23IND2013,Xavier Nixon,2013,ol,23,< 24,IND,Undrafted,Undrafted,4,1
MathiasNkwenti23PIT2001,Mathias Nkwenti,2001,ol,23,< 24,PIT,6,15,1,0
BenNoll23DAL2004,Ben Noll,2004,ol,23,< 24,DAL,Undrafted,Undrafted,1,1
DennisNorman23SEA2003,Dennis Norman,2003,ol,23,< 24,SEA,9,133,1,0
AndrewNorwell23CAR2014,Andrew Norwell,2014,ol,23,< 24,CAR,Undrafted,Undrafted,10,9
JosephNoteboom23LAR2018,Joseph Noteboom,2018,ol,23,< 24,LAR,Undrafted,Undrafted,8,0
DrewNowak23JAX2013,Drew Nowak,2013,ol,23,< 24,JAX,Undrafted,Undrafted,2,0
UcheNwaneri23JAX2007,Uche Nwaneri,2007,ol,23,< 24,JAX,7,55,9,1
RyanO'Callaghan23NWE2006,Ryan O'Callaghan,2006,ol,23,< 24,NWE,7,42,11,6
ShaunO'Hara23CLE2000,Shaun O'Hara,2000,ol,23,< 24,CLE,Undrafted,Undrafted,8,4
BrianO'Neill23MIN2018,Brian O'Neill,2018,ol,23,< 24,MIN,Undrafted,Undrafted,7,3
CedricOgbuehi23CIN2015,Cedric Ogbuehi,2015,ol,23,< 24,CIN,1,120,5,0
RichOhrnberger23NWE2009,Rich Ohrnberger,2009,ol,23,< 24,NWE,6,28,3,0
QuinnOjinnaka23ATL2007,Quinn Ojinnaka,2007,ol,23,< 24,ATL,7,45,11,7
ChukkyOkobi23PIT2001,Chukky Okobi,2001,ol,23,< 24,PIT,7,52,1,0
RussellOkung23SEA2010,Russell Okung,2010,ol,23,< 24,SEA,1,210,10,10
CraigOsika23SFO2002,Craig Osika,2002,ol,23,< 24,SFO,Undrafted,Undrafted,0,0
TonyPalmer23GNB2006,Tony Palmer,2006,ol,23,< 24,GNB,9,155,6,0
AdamPankey23GNB2017,Adam Pankey,2017,ol,23,< 24,GNB,Undrafted,Undrafted,1,0
BrandonParker23OAK2018,Brandon Parker,2018,ol,23,< 24,OAK,Undrafted,Undrafted,7,4
TerrancePennington23BUF2006,Terrance Pennington,2006,ol,23,< 24,BUF,9,126,11,9
KentPerkins23CIN2017,Kent Perkins,2017,ol,23,< 24,CIN,Undrafted,Undrafted,1,0
StephenPeterman23DAL2005,Stephen Peterman,2005,ol,23,< 24,DAL,5,235,3,0
JasonPeters23BUF2005,Jason Peters,2005,ol,23,< 24,BUF,Undrafted,Undrafted,16,10
MitchPetrus23NYG2010,Mitch Petrus,2010,ol,23,< 24,NYG,7,53,11,0
EthanPocic23SEA2018,Ethan Pocic,2018,ol,23,< 24,SEA,4,208,4,2
TylerPolumbus23DEN2008,Tyler Polumbus,2008,ol,23,< 24,DEN,Undrafted,Undrafted,16,0
DukePreston23BUF2005,Duke Preston,2005,ol,23,< 24,BUF,6,27,15,1
SpencerPulley23SDG2016,Spencer Pulley,2016,ol,23,< 24,SDG,Undrafted,Undrafted,16,0
ScottQuessenberry23LAC2018,Scott Quessenberry,2018,ol,23,< 24,LAC,Undrafted,Undrafted,6,0
DominicRaiola23DET2001,Dominic Raiola,2001,ol,23,< 24,DET,4,200,16,0
AlexRedmond23CIN2018,Alex Redmond,2018,ol,23,< 24,CIN,Undrafted,Undrafted,8,8
JahReid23BAL2011,Jah Reid,2011,ol,23,< 24,BAL,5,237,16,0
MikeRemmers23TAM2012,Mike Remmers,2012,ol,23,< 24,TAM,Undrafted,Undrafted,0,NA
AlanReuber23ARI2004,Alan Reuber,2004,ol,23,< 24,ARI,Undrafted,Undrafted,3,0
DemetriusRhaney23STL2015,Demetrius Rhaney,2015,ol,23,< 24,STL,9,162,16,1
BarryRichardson23KAN2009,Barry Richardson,2009,ol,23,< 24,KAN,8,78,10,1
BrianRimpf23BAL2004,Brian Rimpf,2004,ol,23,< 24,BAL,9,157,1,0
BernardRobertson23CHI2002,Bernard Robertson,2002,ol,23,< 24,CHI,7,44,16,5
CamRobinson23JAX2018,Cam Robinson,2018,ol,23,< 24,JAX,4,182,2,2
CoreyRobinson23DET2015,Corey Robinson,2015,ol,23,< 24,DET,9,152,1,0
TrevorRobinson23CIN2013,Trevor Robinson,2013,ol,23,< 24,CIN,Undrafted,Undrafted,6,0
JeffRoehl23NYG2003,Jeff Roehl,2003,ol,23,< 24,NYG,Undrafted,Undrafted,12,2
JacobRogers23DAL2004,Jacob Rogers,2004,ol,23,< 24,DAL,4,202,2,0
MikeRosenthal23NYG2000,Mike Rosenthal,2000,ol,23,< 24,NYG,7,55,8,2
RodgerSaffold23STL2011,Rodger Saffold,2011,ol,23,< 24,STL,4,181,9,9
TySambrailo23DEN2015,Ty Sambrailo,2015,ol,23,< 24,DEN,4,209,3,3
KevinSampson23KAN2004,Kevin Sampson,2004,ol,23,< 24,KAN,9,143,6,0
ZebrieSanders23BUF2012,Zebrie Sanders,2012,ol,23,< 24,BUF,7,50,0,NA
StephenSchilling23SDG2011,Stephen Schilling,2011,ol,23,< 24,SDG,8,111,9,2
MikeSchneck23PIT2000,Mike Schneck,2000,ol,23,< 24,PIT,Undrafted,Undrafted,16,0
GeoffSchwartz23CAR2009,Geoff Schwartz,2009,ol,23,< 24,CAR,9,153,16,3
JakeScott23IND2004,Jake Scott,2004,ol,23,< 24,IND,7,48,12,9
JonathanScott23DET2006,Jonathan Scott,2006,ol,23,< 24,DET,7,48,13,4
LyleSendlein23ARI2007,Lyle Sendlein,2007,ol,23,< 24,ARI,Undrafted,Undrafted,14,2
MarkSetterstrom23STL2007,Mark Setterstrom,2007,ol,23,< 24,STL,9,154,3,3
IsaacSeumalo23PHI2016,Isaac Seumalo,2016,ol,23,< 24,PHI,5,230,9,4
KevinShaffer23ATL2003,Kevin Shaffer,2003,ol,23,< 24,ATL,9,156,16,8
DavidSharpe23HOU2018,David Sharpe,2018,ol,23,< 24,HOU,6,34,2,0
TylerShatley23JAX2014,Tyler Shatley,2014,ol,23,< 24,JAX,Undrafted,Undrafted,1,0
AustinShepherd23MIN2015,Austin Shepherd,2015,ol,23,< 24,MIN,9,139,14,0
DerekSherrod23GNB2012,Derek Sherrod,2012,ol,23,< 24,GNB,1,180,0,NA
WesShivers23ATL2000,Wes Shivers,2000,ol,23,< 24,ATL,9,148,3,0
J.B.Shugarts23BUF2012,J.B. Shugarts,2012,ol,23,< 24,BUF,Undrafted,Undrafted,0,NA
IanSilberman23SFO2015,Ian Silberman,2015,ol,23,< 24,SFO,8,100,1,0
RobSims23SEA2006,Rob Sims,2006,ol,23,< 24,SEA,6,33,14,3
JeremiahSirles23SDG2014,Jeremiah Sirles,2014,ol,23,< 24,SDG,Undrafted,Undrafted,2,1
DanSkipper23DET2017,Dan Skipper,2017,ol,23,< 24,DET,Undrafted,Undrafted,1,0
JasonSlowey23OAK2012,Jason Slowey,2012,ol,23,< 24,OAK,8,107,0,NA
JustinSmiley23SFO2004,Justin Smiley,2004,ol,23,< 24,SFO,4,195,16,9
AndreSmith23CIN2010,Andre Smith,2010,ol,23,< 24,CIN,1,210,7,4
JasonSmith23STL2009,Jason Smith,2009,ol,23,< 24,STL,1,108,8,5
WadeSmith23MIA2004,Wade Smith,2004,ol,23,< 24,MIA,5,229,6,2
DavidSnow23BUF2012,David Snow,2012,ol,23,< 24,BUF,Undrafted,Undrafted,5,2
AdamSnyder23SFO2005,Adam Snyder,2005,ol,23,< 24,SFO,5,247,16,8
BradleySowell23IND2012,Bradley Sowell,2012,ol,23,< 24,IND,Undrafted,Undrafted,10,0
ChrisSpencer23SEA2005,Chris Spencer,2005,ol,23,< 24,SEA,1,167,7,0
JasonSpriggs23GNB2017,Jason Spriggs,2017,ol,23,< 24,GNB,4,197,7,5
JasonStarkey23ARI2000,Jason Starkey,2000,ol,23,< 24,ARI,Undrafted,Undrafted,2,0
MattStinchcomb23OAK2000,Matt Stinchcomb,2000,ol,23,< 24,OAK,1,88,13,9
JamesStone23ATL2015,James Stone,2015,ol,23,< 24,ATL,Undrafted,Undrafted,7,1
ZachStrief23NOR2006,Zach Strief,2006,ol,23,< 24,NOR,9,121,9,1
KaseyStuddard23HOU2007,Kasey Studdard,2007,ol,23,< 24,HOU,8,92,3,0
XavierSu'a-Filo23HOU2014,Xavier Su'a-Filo,2014,ol,23,< 24,HOU,4,181,13,1
JohnSullivan23MIN2008,John Sullivan,2008,ol,23,< 24,MIN,8,96,16,0
MarquesSullivan23BUF2001,Marques Sullivan,2001,ol,23,< 24,BUF,7,50,10,2
WillSvitek23KAN2005,Will Svitek,2005,ol,23,< 24,KAN,8,96,1,0
TravisSwanson23DET2014,Travis Swanson,2014,ol,23,< 24,DET,5,227,16,5
J.R.Sweezy23SEA2012,J.R. Sweezy,2012,ol,23,< 24,SEA,9,136,13,3
HerbertTaylor23KAN2007,Herbert Taylor,2007,ol,23,< 24,KAN,8,105,2,0
MattTennant23NOR2010,Matt Tennant,2010,ol,23,< 24,NOR,7,65,16,0
ScottTercero23STL2004,Scott Tercero,2004,ol,23,< 24,STL,8,93,8,4
ClaudeTerrell23STL2005,Claude Terrell,2005,ol,23,< 24,STL,6,40,14,10
AdamTerry23BAL2005,Adam Terry,2005,ol,23,< 24,BAL,4,214,7,0
JebTerry23TAM2004,Jeb Terry,2004,ol,23,< 24,TAM,7,52,4,0
SamTevi23LAC2017,Sam Tevi,2017,ol,23,< 24,LAC,8,100,14,1
DonaldThomas23MIA2008,Donald Thomas,2008,ol,23,< 24,MIA,8,104,1,1
MichaelThompson23ATL2000,Michael Thompson,2000,ol,23,< 24,ATL,6,4,2,2
HughThornton23IND2014,Hugh Thornton,2014,ol,23,< 24,IND,5,238,10,8
AndrewTiller23NOR2012,Andrew Tiller,2012,ol,23,< 24,NOR,8,87,0,NA
MattTobin23PHI2013,Matt Tobin,2013,ol,23,< 24,PHI,Undrafted,Undrafted,1,0
CameronTom23NOR2018,Cameron Tom,2018,ol,23,< 24,NOR,Undrafted,Undrafted,3,0
PhilTrautwein23STL2009,Phil Trautwein,2009,ol,23,< 24,STL,Undrafted,Undrafted,4,0
J.C.Tretter23GNB2014,J.C. Tretter,2014,ol,23,< 24,GNB,6,27,8,0
RossTucker232TM2002,Ross Tucker,2002,ol,23,< 24,2TM,Undrafted,Undrafted,10,7
MaxTuerk23ARI2017,Max Tuerk,2017,ol,23,< 24,ARI,5,216,1,0
BillyTurner23MIA2014,Billy Turner,2014,ol,23,< 24,MIA,5,217,2,0
LandonTurner23NOR2016,Landon Turner,2016,ol,23,< 24,NOR,Undrafted,Undrafted,7,1
LarryTurner23STL2005,Larry Turner,2005,ol,23,< 24,STL,9,149,6,0
RobertTurner23NYJ2007,Robert Turner,2007,ol,23,< 24,NYJ,Undrafted,Undrafted,2,0
JohnUrschel23BAL2014,John Urschel,2014,ol,23,< 24,BAL,7,83,11,3
HalapoulivaatiVaitai23PHI2016,Halapoulivaati Vaitai,2016,ol,23,< 24,PHI,7,72,7,6
GregVan Roten23GNB2013,Greg Van Roten,2013,ol,23,< 24,GNB,Undrafted,Undrafted,3,0
LouisVasquez23SDG2010,Louis Vasquez,2010,ol,23,< 24,SDG,5,229,10,10
KeydrickVincent23PIT2001,Keydrick Vincent,2001,ol,23,< 24,PIT,Undrafted,Undrafted,5,1
KurtVollers23DAL2002,Kurt Vollers,2002,ol,23,< 24,DAL,Undrafted,Undrafted,1,0
LaAdrianWaddle23DET2014,LaAdrian Waddle,2014,ol,23,< 24,DET,Undrafted,Undrafted,10,10
MikeWahle23GNB2000,Mike Wahle,2000,ol,23,< 24,GNB,4,2,16,6
GregWalker23NYG2004,Greg Walker,2004,ol,23,< 24,NYG,Undrafted,Undrafted,7,0
LangstonWalker23OAK2002,Langston Walker,2002,ol,23,< 24,OAK,4,203,12,2
EdWang23BUF2010,Ed Wang,2010,ol,23,< 24,BUF,7,47,6,0
BrianWaters23KAN2000,Brian Waters,2000,ol,23,< 24,KAN,Undrafted,Undrafted,6,0
RokeviousWatkins23STL2012,Rokevious Watkins,2012,ol,23,< 24,STL,7,57,1,0
JoshWells23JAX2014,Josh Wells,2014,ol,23,< 24,JAX,Undrafted,Undrafted,12,0
ReggieWells23ARI2003,Reggie Wells,2003,ol,23,< 24,ARI,8,85,15,1
ScottWells23GNB2004,Scott Wells,2004,ol,23,< 24,GNB,9,163,5,2
RyanWendell23NWE2009,Ryan Wendell,2009,ol,23,< 24,NWE,Undrafted,Undrafted,2,0
De'OndreWesley23BAL2015,De'Ondre Wesley,2015,ol,23,< 24,BAL,Undrafted,Undrafted,6,0
LeonardWester23TAM2016,Leonard Wester,2016,ol,23,< 24,TAM,Undrafted,Undrafted,3,0
JohnWetzel23DAL2014,John Wetzel,2014,ol,23,< 24,DAL,Undrafted,Undrafted,0,NA
ChadWheeler23NYG2017,Chad Wheeler,2017,ol,23,< 24,NYG,Undrafted,Undrafted,11,5
GuyWhimper23NYG2006,Guy Whimper,2006,ol,23,< 24,NYG,6,34,8,0
TeagWhiting23ARI2002,Teag Whiting,2002,ol,23,< 24,ARI,Undrafted,Undrafted,1,0
CodyWichmann23STL2015,Cody Wichmann,2015,ol,23,< 24,STL,8,125,12,7
ElijahWilkinson23DEN2018,Elijah Wilkinson,2018,ol,23,< 24,DEN,Undrafted,Undrafted,4,0
ChrisWilliams23CHI2008,Chris Williams,2008,ol,23,< 24,CHI,Undrafted,Undrafted,9,0
DarylWilliams23CAR2015,Daryl Williams,2015,ol,23,< 24,CAR,6,6,10,2
EdwinWilliams23WAS2009,Edwin Williams,2009,ol,23,< 24,WAS,Undrafted,Undrafted,3,2
GarryWilliams23CAR2009,Garry Williams,2009,ol,23,< 24,CAR,Undrafted,Undrafted,7,0
LouisWilliams23CAR2002,Louis Williams,2002,ol,23,< 24,CAR,9,122,2,0
MauriceWilliams23JAX2002,Maurice Williams,2002,ol,23,< 24,JAX,4,192,5,5
TrentWilliams23WAS2011,Trent Williams,2011,ol,23,< 24,WAS,1,188,10,10
RayWillis23SEA2005,Ray Willis,2005,ol,23,< 24,SEA,6,8,6,0
EricWinston23HOU2006,Eric Winston,2006,ol,23,< 24,HOU,5,216,12,7
BrianWinters23NYJ2014,Brian Winters,2014,ol,23,< 24,NYJ,5,223,6,6
FloydWomack23SEA2001,Floyd Womack,2001,ol,23,< 24,SEA,6,33,5,0
EricWood23BUF2009,Eric Wood,2009,ol,23,< 24,BUF,1,173,10,10
TonyWragge23ARI2002,Tony Wragge,2002,ol,23,< 24,ARI,Undrafted,Undrafted,2,1
KerryWynn23NYG2014,Kerry Wynn,2014,ol,23,< 24,NYG,Undrafted,Undrafted,5,0
BillyYates23MIA2003,Billy Yates,2003,ol,23,< 24,MIA,Undrafted,Undrafted,3,0
SamYoung23DAL2010,Sam Young,2010,ol,23,< 24,DAL,8,87,2,0
DaveYovanovits23NYJ2004,Dave Yovanovits,2004,ol,23,< 24,NYJ,9,148,4,0
LeeZiemba23IND2012,Lee Ziemba,2012,ol,23,< 24,IND,9,156,0,NA
PaulZukauskas23CLE2002,Paul Zukauskas,2002,ol,23,< 24,CLE,9,113,16,3
OdayAboushi24HOU2015,Oday Aboushi,2015,ol,24,< 24,HOU,7,48,7,5
MikeAdams24PIT2014,Mike Adams,2014,ol,24,< 24,PIT,4,206,16,4
LevyAdcock24NYG2012,Levy Adcock,2012,ol,24,< 24,NYG,Undrafted,Undrafted,0,NA
DarnellAlford24KAN2001,Darnell Alford,2001,ol,24,< 24,KAN,8,97,2,0
IanAllen24NYG2002,Ian Allen,2002,ol,24,< 24,NYG,Undrafted,Undrafted,3,0
JeffAllen24KAN2014,Jeff Allen,2014,ol,24,< 24,KAN,4,193,1,1
EugeneAmano24TEN2006,Eugene Amano,2006,ol,24,< 24,TEN,9,150,16,1
BryanAnderson24CHI2004,Bryan Anderson,2004,ol,24,< 24,CHI,9,168,4,0
JustinAnderson24IND2012,Justin Anderson,2012,ol,24,< 24,IND,9,118,0,NA
TroyAndrew24MIA2001,Troy Andrew,2001,ol,24,< 24,MIA,Undrafted,Undrafted,8,0
JoshAndrews24PHI2015,Josh Andrews,2015,ol,24,< 24,PHI,Undrafted,Undrafted,13,0
StacyAndrews24CIN2005,Stacy Andrews,2005,ol,24,< 24,CIN,6,28,14,0
PhilArmour24IND2000,Phil Armour,2000,ol,24,< 24,IND,Undrafted,Undrafted,3,0
RodneyAustin24DET2012,Rodney Austin,2012,ol,24,< 24,DET,Undrafted,Undrafted,0,NA
DavidBaas24SFO2005,David Baas,2005,ol,24,< 24,SFO,4,181,13,5
AlvinBailey24SEA2015,Alvin Bailey,2015,ol,24,< 24,SEA,Undrafted,Undrafted,15,3
StevenBaker24ARI2012,Steven Baker,2012,ol,24,< 24,ARI,Undrafted,Undrafted,0,NA
JasonBall24SDG2003,Jason Ball,2003,ol,24,< 24,SDG,Undrafted,Undrafted,8,8
MichaelBamiro242TM2014,Michael Bamiro,2014,ol,24,< 24,2TM,Undrafted,Undrafted,0,NA
AllenBarbre24GNB2008,Allen Barbre,2008,ol,24,< 24,GNB,6,23,8,0
ChrisBarker24NWE2014,Chris Barker,2014,ol,24,< 24,NWE,Undrafted,Undrafted,1,0
JoeBarksdale24STL2012,Joe Barksdale,2012,ol,24,< 24,STL,5,245,6,2
TimBarnes24STL2012,Tim Barnes,2012,ol,24,< 24,STL,Undrafted,Undrafted,15,0
KevinBarry24GNB2003,Kevin Barry,2003,ol,24,< 24,GNB,Undrafted,Undrafted,16,1
KirkBarton24CHI2008,Kirk Barton,2008,ol,24,< 24,CHI,9,158,1,0
ColinBaxter242TM2011,Colin Baxter,2011,ol,24,< 24,2TM,Undrafted,Undrafted,8,2
WillBeatty24NYG2009,Will Beatty,2009,ol,24,< 24,NYG,4,211,16,4
BradBedell24CLE2001,Brad Bedell,2001,ol,24,< 24,CLE,8,116,15,4
JoshBeekman24CHI2007,Josh Beekman,2007,ol,24,< 24,CHI,6,36,1,0
JacobBell24TEN2005,Jacob Bell,2005,ol,24,< 24,TEN,7,44,9,1
CalebBenenoch24TAM2018,Caleb Benenoch,2018,ol,24,< 24,TAM,7,54,7,7
MartinBibla24ATL2003,Martin Bibla,2003,ol,24,< 24,ATL,6,20,10,2
AdamBisnowaty24NYG2017,Adam Bisnowaty,2017,ol,24,< 24,NYG,8,110,1,1
JordanBlack24KAN2004,Jordan Black,2004,ol,24,< 24,KAN,7,60,16,4
AustinBlythe24IND2016,Austin Blythe,2016,ol,24,< 24,IND,9,159,8,1
EvanBoehm24ARI2017,Evan Boehm,2017,ol,24,< 24,ARI,6,33,15,8
TravisBond24STL2014,Travis Bond,2014,ol,24,< 24,STL,9,124,0,NA
AlexBoone24SFO2011,Alex Boone,2011,ol,24,< 24,SFO,Undrafted,Undrafted,16,0
KevinBoothe24NYG2007,Kevin Boothe,2007,ol,24,< 24,NYG,8,84,1,0
LukeBowanko24JAX2015,Luke Bowanko,2015,ol,24,< 24,JAX,8,115,5,0
BradleyBozeman24BAL2018,Bradley Bozeman,2018,ol,24,< 24,BAL,Undrafted,Undrafted,7,1
CameronBradfield24JAX2011,Cameron Bradfield,2011,ol,24,< 24,JAX,Undrafted,Undrafted,10,2
DavidBrandt24WAS2001,David Brandt,2001,ol,24,< 24,WAS,Undrafted,Undrafted,13,1
JakeBrendel24MIA2016,Jake Brendel,2016,ol,24,< 24,MIA,Undrafted,Undrafted,1,0
SamBrenner24MIA2014,Sam Brenner,2014,ol,24,< 24,MIA,Undrafted,Undrafted,0,NA
MikeBrewster24JAX2013,Mike Brewster,2013,ol,24,< 24,JAX,Undrafted,Undrafted,14,3
RobertBrewster24DAL2010,Robert Brewster,2010,ol,24,< 24,DAL,5,226,1,0
JeremyBridges24ARI2004,Jeremy Bridges,2004,ol,24,< 24,ARI,8,94,14,8
MikeBrisiel24HOU2007,Mike Brisiel,2007,ol,24,< 24,HOU,Undrafted,Undrafted,4,4
EbenBritton24JAX2011,Eben Britton,2011,ol,24,< 24,JAX,4,187,4,3
CharlesBrown24NOR2011,Charles Brown,2011,ol,24,< 24,NOR,4,214,8,5
JamesBrown24CHI2012,James Brown,2012,ol,24,< 24,CHI,Undrafted,Undrafted,5,3
MilfordBrown24HOU2004,Milford Brown,2004,ol,24,< 24,HOU,8,2,2,2
BryantBrowning24CLE2012,Bryant Browning,2012,ol,24,< 24,CLE,Undrafted,Undrafted,0,NA
RobBruggeman24ATL2010,Rob Bruggeman,2010,ol,24,< 24,ATL,Undrafted,Undrafted,1,0
DougBrzezinski24PHI2000,Doug Brzezinski,2000,ol,24,< 24,PHI,5,214,16,0
TyreekBurwell24SDG2016,Tyreek Burwell,2016,ol,24,< 24,SDG,Undrafted,Undrafted,5,0
JermonBushrod24NOR2008,Jermon Bushrod,2008,ol,24,< 24,NOR,6,30,2,0
KellyButler24CLE2006,Kelly Butler,2006,ol,24,< 24,CLE,8,80,6,5
RashadButler24HOU2007,Rashad Butler,2007,ol,24,< 24,HOU,5,241,8,0
CarterBykowski242TM2014,Carter Bykowski,2014,ol,24,< 24,2TM,9,157,0,NA
AntoineCaldwell24HOU2010,Antoine Caldwell,2010,ol,24,< 24,HOU,5,228,12,7
BruceCampbell24CAR2012,Bruce Campbell,2012,ol,24,< 24,CAR,6,9,5,0
MarcusCannon24NWE2012,Marcus Cannon,2012,ol,24,< 24,NWE,7,44,16,1
RolandoCantu24ARI2005,Rolando Cantu,2005,ol,24,< 24,ARI,Undrafted,Undrafted,1,0
CooperCarlisle24DEN2001,Cooper Carlisle,2001,ol,24,< 24,DEN,6,16,16,0
JonCarman24BUF2000,Jon Carman,2000,ol,24,< 24,BUF,Undrafted,Undrafted,3,0
BrandonCarter24TAM2010,Brandon Carter,2010,ol,24,< 24,TAM,Undrafted,Undrafted,1,0
TylerCatalina24WAS2017,Tyler Catalina,2017,ol,24,< 24,WAS,Undrafted,Undrafted,7,2
NateChandler24CAR2013,Nate Chandler,2013,ol,24,< 24,CAR,Undrafted,Undrafted,16,8
RogerChanoine24CLE2000,Roger Chanoine,2000,ol,24,< 24,CLE,Undrafted,Undrafted,7,0
ChrisChester24BAL2007,Chris Chester,2007,ol,24,< 24,BAL,4,206,16,5
Le'RavenClark24IND2017,Le'Raven Clark,2017,ol,24,< 24,IND,5,234,15,5
AdrienClarke24PHI2005,Adrien Clarke,2005,ol,24,< 24,PHI,9,138,14,4
JeromeyClary24SDG2007,Jeromey Clary,2007,ol,24,< 24,SDG,8,96,16,6
CareyClayton24SDG2001,Carey Clayton,2001,ol,24,< 24,SDG,Undrafted,Undrafted,1,0
EmmettCleary24CIN2014,Emmett Cleary,2014,ol,24,< 24,CIN,Undrafted,Undrafted,0,NA
NickCole24PHI2008,Nick Cole,2008,ol,24,< 24,PHI,Undrafted,Undrafted,16,5
AnthonyCollins24CIN2009,Anthony Collins,2009,ol,24,< 24,CIN,6,16,14,7
AvianteCollins24MIN2017,Aviante Collins,2017,ol,24,< 24,MIN,Undrafted,Undrafted,3,0
JavierCollins24DAL2002,Javier Collins,2002,ol,24,< 24,DAL,Undrafted,Undrafted,9,4
MarcColombo24CHI2002,Marc Colombo,2002,ol,24,< 24,CHI,1,174,10,5
TomCompton24WAS2013,Tom Compton,2013,ol,24,< 24,WAS,8,102,15,0
JackConklin24TEN2018,Jack Conklin,2018,ol,24,< 24,TEN,1,231,4,4
DamionCook24BAL2003,Damion Cook,2003,ol,24,< 24,BAL,Undrafted,Undrafted,1,0
ErikCook24WAS2011,Erik Cook,2011,ol,24,< 24,WAS,9,140,6,2
JonCooper24MIN2010,Jon Cooper,2010,ol,24,< 24,MIN,Undrafted,Undrafted,12,1
JonathanCooper24ARI2014,Jonathan Cooper,2014,ol,24,< 24,ARI,1,220,10,2
JimCordle24NYG2011,Jim Cordle,2011,ol,24,< 24,NYG,Undrafted,Undrafted,9,0
JackCornell24OAK2013,Jack Cornell,2013,ol,24,< 24,OAK,Undrafted,Undrafted,1,0
JuniusCoston24GNB2007,Junius Coston,2007,ol,24,< 24,GNB,7,49,13,7
OnielCousins24BAL2008,Oniel Cousins,2008,ol,24,< 24,BAL,5,252,5,0
AndrewCrummey24CIN2008,Andrew Crummey,2008,ol,24,< 24,CIN,Undrafted,Undrafted,6,0
JoeDahl24DET2017,Joe Dahl,2017,ol,24,< 24,DET,7,58,6,3
TreyDarilek24PHI2005,Trey Darilek,2005,ol,24,< 24,PHI,6,37,15,0
AnthonyDavis24TAM2004,Anthony Davis,2004,ol,24,< 24,TAM,Undrafted,Undrafted,2,0
DionDawkins24BUF2018,Dion Dawkins,2018,ol,24,< 24,BUF,4,213,8,8
TaylorDecker24DET2017,Taylor Decker,2017,ol,24,< 24,DET,1,67,8,8
RickDeMulling24IND2001,Rick DeMulling,2001,ol,24,< 24,IND,9,131,7,0
DanDercher24SFO2000,Dan Dercher,2000,ol,24,< 24,SFO,Undrafted,Undrafted,2,0
KyleDeVan24IND2009,Kyle DeVan,2009,ol,24,< 24,IND,Undrafted,Undrafted,15,9
R.J.Dill24STL2014,R.J. Dill,2014,ol,24,< 24,STL,Undrafted,Undrafted,0,NA
BrandynDombrowski24SDG2009,Brandyn Dombrowski,2009,ol,24,< 24,SDG,Undrafted,Undrafted,16,8
AndrewDonnal24LAR2016,Andrew Donnal,2016,ol,24,< 24,LAR,6,23,16,4
Char-ronDorsey24DAL2001,Char-ron Dorsey,2001,ol,24,< 24,DAL,9,154,9,2
NatDorsey24CLE2007,Nat Dorsey,2007,ol,24,< 24,CLE,6,19,5,0
DemarDotson24TAM2009,Demar Dotson,2009,ol,24,< 24,TAM,Undrafted,Undrafted,9,0
JamilDouglas24MIA2016,Jamil Douglas,2016,ol,24,< 24,MIA,6,18,1,0
DakotaDozier24NYJ2015,Dakota Dozier,2015,ol,24,< 24,NYJ,6,43,4,0
TommieDraheim242TM2012,Tommie Draheim,2012,ol,24,< 24,2TM,Undrafted,Undrafted,0,NA
SpencerDrango24CLE2016,Spencer Drango,2016,ol,24,< 24,CLE,7,75,16,9
KingDunlap24PHI2009,King Dunlap,2009,ol,24,< 24,PHI,9,142,12,0
CaseyDunn24WAS2018,Casey Dunn,2018,ol,24,< 24,WAS,Undrafted,Undrafted,2,0
NickEaston24MIN2016,Nick Easton,2016,ol,24,< 24,MIN,Undrafted,Undrafted,11,5
ParkerEhinger24KAN2016,Parker Ehinger,2016,ol,24,< 24,KAN,6,8,5,4
PatElflein24MIN2018,Pat Elflein,2018,ol,24,< 24,MIN,5,221,6,5
KenrickEllis24NYJ2011,Kenrick Ellis,2011,ol,24,< 24,NYJ,5,247,5,2
JermaineEluemunor24BAL2018,Jermaine Eluemunor,2018,ol,24,< 24,BAL,7,66,1,0
AlonzoEphraim24MIA2005,Alonzo Ephraim,2005,ol,24,< 24,MIA,Undrafted,Undrafted,13,3
TraiEssex24PIT2006,Trai Essex,2006,ol,24,< 24,PIT,5,246,15,0
JohnEstes24JAX2011,John Estes,2011,ol,24,< 24,JAX,Undrafted,Undrafted,2,0
PatrickEstes24SFO2007,Patrick Estes,2007,ol,24,< 24,SFO,9,159,1,0
AnthonyFabiano24IND2017,Anthony Fabiano,2017,ol,24,< 24,IND,Undrafted,Undrafted,5,1
TayoFabuluje24CHI2015,Tayo Fabuluje,2015,ol,24,< 24,CHI,8,92,4,0
DillonFarrell24SFO2014,Dillon Farrell,2014,ol,24,< 24,SFO,Undrafted,Undrafted,8,0
KrisFarris24BUF2001,Kris Farris,2001,ol,24,< 24,BUF,5,225,3,1
DanielFederkeil24IND2007,Daniel Federkeil,2007,ol,24,< 24,IND,Undrafted,Undrafted,8,0
DanFeeney24LAC2018,Dan Feeney,2018,ol,24,< 24,LAC,5,222,7,7
MattFeiler24PIT2016,Matt Feiler,2016,ol,24,< 24,PIT,Undrafted,Undrafted,1,0
RayFeinga24MIA2010,Ray Feinga,2010,ol,24,< 24,MIA,Undrafted,Undrafted,3,0
JonFeliciano24OAK2016,Jon Feliciano,2016,ol,24,< 24,OAK,6,33,16,0
BillFerrario24GNB2002,Bill Ferrario,2002,ol,24,< 24,GNB,6,8,16,0
JakeFisher24CIN2017,Jake Fisher,2017,ol,24,< 24,CIN,4,203,8,7
CameronFleming24NWE2016,Cameron Fleming,2016,ol,24,< 24,NWE,6,47,16,5
EreckFlowers242TM2018,Ereck Flowers,2018,ol,24,< 24,2TM,1,242,6,2
BrianFolkerts24CAR2014,Brian Folkerts,2014,ol,24,< 24,CAR,Undrafted,Undrafted,16,0
ToniuFonoti242TM2005,Toniu Fonoti,2005,ol,24,< 24,2TM,4,187,3,3
PatrickFord24NYJ2014,Patrick Ford,2014,ol,24,< 24,NYJ,Undrafted,Undrafted,0,NA
JasonFoster24OAK2012,Jason Foster,2012,ol,24,< 24,OAK,Undrafted,Undrafted,0,NA
RamonFoster24PIT2010,Ramon Foster,2010,ol,24,< 24,PIT,Undrafted,Undrafted,12,8
JasonFox24DET2012,Jason Fox,2012,ol,24,< 24,DET,6,33,1,0
ReidFragel24TAM2015,Reid Fragel,2015,ol,24,< 24,TAM,9,152,1,0
DaltonFreeman24NYJ2014,Dalton Freeman,2014,ol,24,< 24,NYJ,Undrafted,Undrafted,16,1
MakoaFreitas24IND2003,Makoa Freitas,2003,ol,24,< 24,IND,8,118,12,6
LennieFriedman24DEN2000,Lennie Friedman,2000,ol,24,< 24,DEN,4,212,16,8
DustinFry24STL2007,Dustin Fry,2007,ol,24,< 24,STL,7,45,4,0
ZachFulton24KAN2015,Zach Fulton,2015,ol,24,< 24,KAN,8,102,16,6
AndyGallik24TEN2015,Andy Gallik,2015,ol,24,< 24,TEN,8,118,11,8
MaxGarcia24DEN2015,Max Garcia,2015,ol,24,< 24,DEN,6,39,15,5
NateGarner24MIA2009,Nate Garner,2009,ol,24,< 24,MIA,9,122,16,8
JoshuaGarnett24SFO2018,Joshua Garnett,2018,ol,24,< 24,SFO,1,173,3,0
RobertoGarza24ATL2003,Roberto Garza,2003,ol,24,< 24,ATL,6,252,14,8
JustinGeisinger24TEN2006,Justin Geisinger,2006,ol,24,< 24,TEN,8,106,2,0
GarthGerhart24CLE2012,Garth Gerhart,2012,ol,24,< 24,CLE,Undrafted,Undrafted,0,NA
AdamGettis24WAS2012,Adam Gettis,2012,ol,24,< 24,WAS,7,48,0,NA
EricGhiaciuc24CIN2005,Eric Ghiaciuc,2005,ol,24,< 24,CIN,6,23,5,1
VernonGholston24NYJ2010,Vernon Gholston,2010,ol,24,< 24,NYJ,1,210,16,2
JoeGibbs24GNB2012,Joe Gibbs,2012,ol,24,< 24,GNB,Undrafted,Undrafted,0,NA
AaronGibson242TM2001,Aaron Gibson,2001,ol,24,< 24,2TM,1,170,7,5
MikeGibson24SEA2009,Mike Gibson,2009,ol,24,< 24,SEA,8,93,3,0
MarcusGilbert24PIT2012,Marcus Gilbert,2012,ol,24,< 24,PIT,4,213,5,5
GarrettGilkey24TAM2014,Garrett Gilkey,2014,ol,24,< 24,TAM,9,138,16,1
GarryGilliam24SEA2014,Garry Gilliam,2014,ol,24,< 24,SEA,Undrafted,Undrafted,14,1
AdamGoldberg24MIN2004,Adam Goldberg,2004,ol,24,< 24,MIN,Undrafted,Undrafted,13,6
JoaquinGonzalez24CLE2003,Joaquin Gonzalez,2003,ol,24,< 24,CLE,9,138,16,3
DenzelleGood24IND2015,Denzelle Good,2015,ol,24,< 24,IND,9,166,6,4
StephenGoodin24NYG2012,Stephen Goodin,2012,ol,24,< 24,NYG,Undrafted,Undrafted,0,NA
JonathanGoodwin24NYJ2002,Jonathan Goodwin,2002,ol,24,< 24,NYJ,7,61,13,0
BenGottschalk24TAM2016,Ben Gottschalk,2016,ol,24,< 24,TAM,Undrafted,Undrafted,2,1
GinoGradkowski24BAL2012,Gino Gradkowski,2012,ol,24,< 24,BAL,6,251,16,0
HronissGrasu24CHI2015,Hroniss Grasu,2015,ol,24,< 24,CHI,5,222,8,8
JohnGreco24STL2009,John Greco,2009,ol,24,< 24,STL,5,215,11,3
ChazGreen24DAL2016,Chaz Green,2016,ol,24,< 24,DAL,5,244,4,2
TyronneGreen24SDG2010,Tyronne Green,2010,ol,24,< 24,SDG,6,39,12,7
JakeGrove24OAK2004,Jake Grove,2004,ol,24,< 24,OAK,4,194,9,8
RyanGroy24CHI2014,Ryan Groy,2014,ol,24,< 24,CHI,Undrafted,Undrafted,4,3
HarlandGunn24ATL2013,Harland Gunn,2013,ol,24,< 24,ATL,Undrafted,Undrafted,3,0
MattHall24IND2014,Matt Hall,2014,ol,24,< 24,IND,Undrafted,Undrafted,0,NA
DerekHardman24TAM2010,Derek Hardman,2010,ol,24,< 24,TAM,Undrafted,Undrafted,9,4
BryceHarris24NOR2013,Bryce Harris,2013,ol,24,< 24,NOR,Undrafted,Undrafted,16,1
LeroyHarris24TEN2008,Leroy Harris,2008,ol,24,< 24,TEN,6,19,16,1
RyanHarris24DEN2009,Ryan Harris,2009,ol,24,< 24,DEN,5,221,8,8
JonotthanHarrison24IND2015,Jonotthan Harrison,2015,ol,24,< 24,IND,Undrafted,Undrafted,16,9
BobbyHart24CIN2018,Bobby Hart,2018,ol,24,< 24,CIN,9,137,8,8
JustinHartwig24TEN2002,Justin Hartwig,2002,ol,24,< 24,TEN,8,96,3,0
KevinHaslam24JAX2010,Kevin Haslam,2010,ol,24,< 24,JAX,Undrafted,Undrafted,5,0
JeffHatch24NYG2003,Jeff Hatch,2003,ol,24,< 24,NYG,5,229,4,4
DonaldHawkins24CAR2016,Donald Hawkins,2016,ol,24,< 24,CAR,Undrafted,Undrafted,7,0
JeraldHawkins24PIT2017,Jerald Hawkins,2017,ol,24,< 24,PIT,6,28,5,1
TannerHawkinson24CIN2014,Tanner Hawkinson,2014,ol,24,< 24,CIN,7,63,3,0
JoeHawley24ATL2012,Joe Hawley,2012,ol,24,< 24,ATL,6,21,6,0
CraigHeimburger24BUF2001,Craig Heimburger,2001,ol,24,< 24,BUF,7,71,11,0
MarioHenderson24OAK2008,Mario Henderson,2008,ol,24,< 24,OAK,5,244,11,5
SeantrelHenderson24BUF2016,Seantrel Henderson,2016,ol,24,< 24,BUF,9,148,1,0
RickyHenry24CHI2011,Ricky Henry,2011,ol,24,< 24,CHI,Undrafted,Undrafted,1,0
SteveHerndon24DEN2001,Steve Herndon,2001,ol,24,< 24,DEN,Undrafted,Undrafted,5,3
StephonHeyer24WAS2008,Stephon Heyer,2008,ol,24,< 24,WAS,Undrafted,Undrafted,9,7
HayworthHicks24CAR2012,Hayworth Hicks,2012,ol,24,< 24,CAR,Undrafted,Undrafted,0,NA
MattHill24SEA2002,Matt Hill,2002,ol,24,< 24,SEA,7,79,13,0
RashodHill24MIN2016,Rashod Hill,2016,ol,24,< 24,MIN,Undrafted,Undrafted,1,0
DrewHodgdon24HOU2005,Drew Hodgdon,2005,ol,24,< 24,HOU,7,58,4,3
WillHolden24ARI2017,Will Holden,2017,ol,24,< 24,ARI,7,64,7,5
KhaledHolmes24IND2014,Khaled Holmes,2014,ol,24,< 24,IND,6,26,5,2
TylerHolmes24MIN2012,Tyler Holmes,2012,ol,24,< 24,MIN,Undrafted,Undrafted,0,NA
TamHopkins24NYG2002,Tam Hopkins,2002,ol,24,< 24,NYG,Undrafted,Undrafted,16,1
TreyHopkins24CIN2016,Trey Hopkins,2016,ol,24,< 24,CIN,Undrafted,Undrafted,1,0
TyroneHopson24SFO2000,Tyrone Hopson,2000,ol,24,< 24,SFO,7,69,3,1
ChrisHubbard24PIT2015,Chris Hubbard,2015,ol,24,< 24,PIT,Undrafted,Undrafted,8,0
KevinHughes24SDG2012,Kevin Hughes,2012,ol,24,< 24,SDG,Undrafted,Undrafted,0,NA
D.J.Humphries24ARI2017,D.J. Humphries,2017,ol,24,< 24,ARI,1,151,5,5
JoeyHunt24SEA2018,Joey Hunt,2018,ol,24,< 24,SEA,8,125,6,1
WayneHunter24SEA2005,Wayne Hunter,2005,ol,24,< 24,SEA,5,224,1,0
JamesHurst24BAL2015,James Hurst,2015,ol,24,< 24,BAL,Undrafted,Undrafted,16,8
MauriceHurt24WAS2011,Maurice Hurt,2011,ol,24,< 24,WAS,9,127,8,8
TrevorHutton24IND2004,Trevor Hutton,2004,ol,24,< 24,IND,Undrafted,Undrafted,4,0
GermainIfedi24SEA2018,Germain Ifedi,2018,ol,24,< 24,SEA,1,179,7,7
GabeIkard24TEN2014,Gabe Ikard,2014,ol,24,< 24,TEN,Undrafted,Undrafted,0,NA
RichieIncognito24STL2007,Richie Incognito,2007,ol,24,< 24,STL,5,233,4,4
DannyIsidora24MIN2018,Danny Isidora,2018,ol,24,< 24,MIN,7,89,7,1
CoreyIvy24TAM2001,Corey Ivy,2001,ol,24,< 24,TAM,Undrafted,Undrafted,1,0
JenoJames24CAR2001,Jeno James,2001,ol,24,< 24,CAR,8,91,14,6
MaxJean-Gilles24PHI2007,Max Jean-Gilles,2007,ol,24,< 24,PHI,6,252,4,1
LemuelJeanpierre24SEA2011,Lemuel Jeanpierre,2011,ol,24,< 24,SEA,Undrafted,Undrafted,16,5
RyanJensen24BAL2015,Ryan Jensen,2015,ol,24,< 24,BAL,8,113,11,6
GregJerman24MIA2003,Greg Jerman,2003,ol,24,< 24,MIA,Undrafted,Undrafted,8,1
JohnJerry24MIA2010,John Jerry,2010,ol,24,< 24,MIA,5,224,12,10
UlrickJohn24ARI2016,Ulrick John,2016,ol,24,< 24,ARI,9,144,3,3
MarcusJohnson24MIN2005,Marcus Johnson,2005,ol,24,< 24,MIN,4,198,14,8
MikeJohnson24ATL2011,Mike Johnson,2011,ol,24,< 24,ATL,5,251,2,0
RishawJohnson24KAN2013,Rishaw Johnson,2013,ol,24,< 24,KAN,Undrafted,Undrafted,3,1
T.J.Johnson24CIN2014,T.J. Johnson,2014,ol,24,< 24,CIN,9,163,4,0
WesleyJohnson24NYJ2015,Wesley Johnson,2015,ol,24,< 24,NYJ,7,81,10,1
BarrettJones24STL2014,Barrett Jones,2014,ol,24,< 24,STL,6,17,7,0
BenJones24HOU2013,Ben Jones,2013,ol,24,< 24,HOU,6,252,16,1
MarcelJones24NOR2012,Marcel Jones,2012,ol,24,< 24,NOR,9,146,0,NA
LeanderJordan24CAR2001,Leander Jordan,2001,ol,24,< 24,CAR,5,234,13,5
SteveJustice24IND2008,Steve Justice,2008,ol,24,< 24,IND,8,111,8,1
WinstonJustice24PHI2008,Winston Justice,2008,ol,24,< 24,PHI,4,187,5,0
KyleKalis24IND2017,Kyle Kalis,2017,ol,24,< 24,IND,Undrafted,Undrafted,4,2
TedKarras24NWE2017,Ted Karras,2017,ol,24,< 24,NWE,8,132,16,2
MichaelKeathley24SDG2002,Michael Keathley,2002,ol,24,< 24,SDG,Undrafted,Undrafted,12,2
SenioKelemete24NOR2014,Senio Kelemete,2014,ol,24,< 24,NOR,7,58,10,0
DennisKelly24PHI2014,Dennis Kelly,2014,ol,24,< 24,PHI,7,60,3,3
LewisKelly24MIN2001,Lewis Kelly,2001,ol,24,< 24,MIN,9,159,4,0
RyanKelly24IND2017,Ryan Kelly,2017,ol,24,< 24,IND,1,88,7,7
ChrisKemoeatu24PIT2007,Chris Kemoeatu,2007,ol,24,< 24,PIT,8,114,16,0
ZacKerin24MIN2015,Zac Kerin,2015,ol,24,< 24,MIN,Undrafted,Undrafted,6,0
DanielKilgore24SFO2011,Daniel Kilgore,2011,ol,24,< 24,SFO,7,71,1,0
AndyKing24STL2002,Andy King,2002,ol,24,< 24,STL,Undrafted,Undrafted,5,0
AustinKing24ATL2005,Austin King,2005,ol,24,< 24,ATL,6,39,16,1
JarrielKing24SEA2011,Jarriel King,2011,ol,24,< 24,SEA,Undrafted,Undrafted,1,0
DenverKirkland24OAK2018,Denver Kirkland,2018,ol,24,< 24,OAK,Undrafted,Undrafted,1,0
JoshKline24NWE2013,Josh Kline,2013,ol,24,< 24,NWE,Undrafted,Undrafted,7,1
DanKnapp24CIN2012,Dan Knapp,2012,ol,24,< 24,CIN,Undrafted,Undrafted,0,NA
BryanKnight24CHI2003,Bryan Knight,2003,ol,24,< 24,CHI,7,73,16,2
AdamKoets24NYG2008,Adam Koets,2008,ol,24,< 24,NYG,8,98,1,0
ScottKooistra24CIN2004,Scott Kooistra,2004,ol,24,< 24,CIN,9,125,16,0
KyleKosier24SFO2002,Kyle Kosier,2002,ol,24,< 24,SFO,9,159,15,1
ArieKouandjio24WAS2016,Arie Kouandjio,2016,ol,24,< 24,WAS,6,16,5,2
CyrusKouandjio24DEN2017,Cyrus Kouandjio,2017,ol,24,< 24,DEN,4,193,3,1
MichaelKracalik24BAL2006,Michael Kracalik,2006,ol,24,< 24,BAL,Undrafted,Undrafted,1,0
TroyKropog24TEN2010,Troy Kropog,2010,ol,24,< 24,TEN,6,41,5,0
EdmundKugbila24CAR2014,Edmund Kugbila,2014,ol,24,< 24,CAR,6,11,0,NA
ChrisKuper24DEN2006,Chris Kuper,2006,ol,24,< 24,DEN,7,69,1,0
AlexKupper24HOU2014,Alex Kupper,2014,ol,24,< 24,HOU,Undrafted,Undrafted,0,NA
EricKush24KAN2013,Eric Kush,2013,ol,24,< 24,KAN,8,78,3,1
KendallLamm24HOU2016,Kendall Lamm,2016,ol,24,< 24,HOU,Undrafted,Undrafted,15,3
ForrestLamp24LAC2018,Forrest Lamp,2018,ol,24,< 24,LAC,4,186,1,0
TedLarsen24TAM2011,Ted Larsen,2011,ol,24,< 24,TAM,8,115,16,3
DwayneLedford24SFO2000,Dwayne Ledford,2000,ol,24,< 24,SFO,Undrafted,Undrafted,1,0
RyanLee24NOR2012,Ryan Lee,2012,ol,24,< 24,NOR,Undrafted,Undrafted,0,NA
DougLegursky24PIT2010,Doug Legursky,2010,ol,24,< 24,PIT,Undrafted,Undrafted,16,4
CoryLekkerkerker24SDG2005,Cory Lekkerkerker,2005,ol,24,< 24,SDG,Undrafted,Undrafted,1,0
TimLelito24NOR2013,Tim Lelito,2013,ol,24,< 24,NOR,Undrafted,Undrafted,16,2
CoreyLevin24TEN2018,Corey Levin,2018,ol,24,< 24,TEN,8,127,7,1
AlexLewis24BAL2016,Alex Lewis,2016,ol,24,< 24,BAL,6,36,10,8
PatrickLewis24SEA2015,Patrick Lewis,2015,ol,24,< 24,SEA,Undrafted,Undrafted,9,9
SpencerLong24WAS2014,Spencer Long,2014,ol,24,< 24,WAS,5,229,5,0
JoeLooney24SFO2014,Joe Looney,2014,ol,24,< 24,SFO,6,21,15,4
DanielLoper24TEN2006,Daniel Loper,2006,ol,24,< 24,TEN,7,57,8,0
JoshLovelady24DET2002,Josh Lovelady,2002,ol,24,< 24,DET,Undrafted,Undrafted,3,0
DavidLoverne24NYJ2000,David Loverne,2000,ol,24,< 24,NYJ,5,243,16,0
CorneliusLucas24DET2015,Cornelius Lucas,2015,ol,24,< 24,DET,Undrafted,Undrafted,15,3
J.P.Machado24NYJ2000,J.P. Machado,2000,ol,24,< 24,NYJ,8,106,16,0
LamarMady24OAK2013,Lamar Mady,2013,ol,24,< 24,OAK,Undrafted,Undrafted,7,0
ErikMagnuson24SFO2018,Erik Magnuson,2018,ol,24,< 24,SFO,Undrafted,Undrafted,4,1
SeanMahan24TAM2004,Sean Mahan,2004,ol,24,< 24,TAM,7,75,16,8
JohnMalecki24PIT2012,John Malecki,2012,ol,24,< 24,PIT,Undrafted,Undrafted,1,0
JamesMarten24OAK2008,James Marten,2008,ol,24,< 24,OAK,5,217,1,0
JonathanMartin24MIA2013,Jonathan Martin,2013,ol,24,< 24,MIA,4,191,7,7
BobbyMassie24ARI2013,Bobby Massie,2013,ol,24,< 24,ARI,6,16,8,0
EvanMathis24CAR2005,Evan Mathis,2005,ol,24,< 24,CAR,5,230,9,0
ChrisMcCain24MIA2015,Chris McCain,2015,ol,24,< 24,MIA,Undrafted,Undrafted,9,0
MattMcCants24OAK2013,Matt McCants,2013,ol,24,< 24,OAK,8,111,13,3
ShaneMcDermott24NYG2016,Shane McDermott,2016,ol,24,< 24,NYG,Undrafted,Undrafted,2,0
AndrewMcDonald24MIA2012,Andrew McDonald,2012,ol,24,< 24,MIA,Undrafted,Undrafted,0,NA
NickMcDonald24NWE2011,Nick McDonald,2011,ol,24,< 24,NWE,Undrafted,Undrafted,4,2
StockarMcDougle24DET2001,Stockar McDougle,2001,ol,24,< 24,DET,1,109,9,3
MarquesMcFadden24DAL2002,Marques McFadden,2002,ol,24,< 24,DAL,Undrafted,Undrafted,4,0
DylanMcFarland24BUF2004,Dylan McFarland,2004,ol,24,< 24,BUF,9,117,2,0
MikeMcGlinchey24SFO2018,Mike McGlinchey,2018,ol,24,< 24,SFO,Undrafted,Undrafted,9,9
ConnorMcGovern24DEN2017,Connor McGovern,2017,ol,24,< 24,DEN,7,50,15,5
ChrisMcIntosh24SEA2001,Chris McIntosh,2001,ol,24,< 24,SEA,1,130,10,3
SethMcKinney24MIA2003,Seth McKinney,2003,ol,24,< 24,MIA,5,243,16,3
PatMcQuistan24DAL2007,Pat McQuistan,2007,ol,24,< 24,DAL,9,122,16,0
PaulMcQuistan24OAK2007,Paul McQuistan,2007,ol,24,< 24,OAK,5,219,16,6
NateMenkin24PHI2012,Nate Menkin,2012,ol,24,< 24,PHI,Undrafted,Undrafted,0,NA
JamonMeredith242TM2010,Jamon Meredith,2010,ol,24,< 24,2TM,7,70,5,0
TerrenceMetcalf24CHI2002,Terrence Metcalf,2002,ol,24,< 24,CHI,5,246,5,0
JohnMiller24BUF2017,John Miller,2017,ol,24,< 24,BUF,5,233,4,4
QasimMitchell24CHI2003,Qasim Mitchell,2003,ol,24,< 24,CHI,Undrafted,Undrafted,2,2
JimMolinaro24WAS2005,Jim Molinaro,2005,ol,24,< 24,WAS,8,89,3,0
DavidMolk24SDG2012,David Molk,2012,ol,24,< 24,SDG,9,137,12,0
TonyMoll24GNB2007,Tony Moll,2007,ol,24,< 24,GNB,7,73,9,3
WillMontgomery24NYJ2007,Will Montgomery,2007,ol,24,< 24,NYJ,9,146,7,2
MichaelMoore24WAS2000,Michael Moore,2000,ol,24,< 24,WAS,6,34,5,1
SteveMorley24NYJ2005,Steve Morley,2005,ol,24,< 24,NYJ,Undrafted,Undrafted,7,0
ChrisMorris24OAK2007,Chris Morris,2007,ol,24,< 24,OAK,9,124,10,0
TaylorMoton24CAR2018,Taylor Moton,2018,ol,24,< 24,CAR,4,214,7,7
GeneMruczkowski24NWE2004,Gene Mruczkowski,2004,ol,24,< 24,NWE,Undrafted,Undrafted,10,0
ScottMruczkowski24SDG2006,Scott Mruczkowski,2006,ol,24,< 24,SDG,9,154,7,1
KyleMurphy24GNB2017,Kyle Murphy,2017,ol,24,< 24,GNB,8,110,3,3
LydonMurtha24MIA2009,Lydon Murtha,2009,ol,24,< 24,MIA,9,139,1,0
ChrisMyers24DEN2005,Chris Myers,2005,ol,24,< 24,DEN,8,110,9,0
BillNagy24DAL2011,Bill Nagy,2011,ol,24,< 24,DAL,9,164,4,4
IkechukuNdukwe24BAL2006,Ikechuku Ndukwe,2006,ol,24,< 24,BAL,Undrafted,Undrafted,5,0
BruceNelson24CAR2003,Bruce Nelson,2003,ol,24,< 24,CAR,4,200,15,1
ReggieNelson24JAX2000,Reggie Nelson,2000,ol,24,< 24,JAX,7,48,1,0
DerekNewton24HOU2011,Derek Newton,2011,ol,24,< 24,HOU,9,124,14,0
RudyNiswanger24KAN2006,Rudy Niswanger,2006,ol,24,< 24,KAN,Undrafted,Undrafted,4,0
LucasNix24OAK2013,Lucas Nix,2013,ol,24,< 24,OAK,Undrafted,Undrafted,14,10
XavierNixon24IND2014,Xavier Nixon,2014,ol,24,< 24,IND,Undrafted,Undrafted,4,1
BenNoll24DAL2005,Ben Noll,2005,ol,24,< 24,DAL,Undrafted,Undrafted,4,0
StormNorton24MIN2018,Storm Norton,2018,ol,24,< 24,MIN,Undrafted,Undrafted,1,0
RyanO'Callaghan24NWE2007,Ryan O'Callaghan,2007,ol,24,< 24,NWE,7,42,15,1
ShaunO'Hara24CLE2001,Shaun O'Hara,2001,ol,24,< 24,CLE,Undrafted,Undrafted,16,4
ReesOdhiambo24SEA2016,Rees Odhiambo,2016,ol,24,< 24,SEA,5,250,8,0
RichOhrnberger24NWE2010,Rich Ohrnberger,2010,ol,24,< 24,NWE,6,28,2,0
QuinnOjinnaka24ATL2008,Quinn Ojinnaka,2008,ol,24,< 24,ATL,7,45,8,0
ChukkyOkobi24PIT2002,Chukky Okobi,2002,ol,24,< 24,PIT,7,52,13,5
ClintOldenburg24NYJ2007,Clint Oldenburg,2007,ol,24,< 24,NYJ,7,79,2,0
EricOlsen24NOR2012,Eric Olsen,2012,ol,24,< 24,NOR,8,92,16,4
SethOlsen24DEN2009,Seth Olsen,2009,ol,24,< 24,DEN,6,38,3,0
FrankOmiyale24ATL2006,Frank Omiyale,2006,ol,24,< 24,ATL,7,71,1,0
KelechiOsemele24BAL2013,Kelechi Osemele,2013,ol,24,< 24,BAL,4,211,7,7
CraigOsika24CLE2003,Craig Osika,2003,ol,24,< 24,CLE,Undrafted,Undrafted,1,0
CraigPage24DAL2000,Craig Page,2000,ol,24,< 24,DAL,Undrafted,Undrafted,2,0
TonyPalmer24GNB2007,Tony Palmer,2007,ol,24,< 24,GNB,9,155,2,0
KevinPamphile24TAM2014,Kevin Pamphile,2014,ol,24,< 24,TAM,7,55,7,2
TonyPashos24BAL2004,Tony Pashos,2004,ol,24,< 24,BAL,7,81,6,0
AustinPasztor24JAX2014,Austin Pasztor,2014,ol,24,< 24,JAX,Undrafted,Undrafted,8,8
LucasPatrick24GNB2017,Lucas Patrick,2017,ol,24,< 24,GNB,Undrafted,Undrafted,12,2
LoniePaxton24NWE2002,Lonie Paxton,2002,ol,24,< 24,NWE,Undrafted,Undrafted,16,0
ErikPears24DEN2006,Erik Pears,2006,ol,24,< 24,DEN,Undrafted,Undrafted,16,10
MorganPears24NYG2004,Morgan Pears,2004,ol,24,< 24,NYG,Undrafted,Undrafted,2,0
MikePearson24JAX2004,Mike Pearson,2004,ol,24,< 24,JAX,4,189,4,4
TerrancePennington24ATL2007,Terrance Pennington,2007,ol,24,< 24,ATL,9,126,5,0
StephenPeterman24DET2006,Stephen Peterman,2006,ol,24,< 24,DET,5,235,3,2
RobPetitti24NOR2006,Rob Petitti,2006,ol,24,< 24,NOR,8,119,1,0
MitchPetrus24NYG2011,Mitch Petrus,2011,ol,24,< 24,NYG,7,53,6,3
ZachPiller24TEN2000,Zach Piller,2000,ol,24,< 24,TEN,5,233,16,0
MikePollak24IND2009,Mike Pollak,2009,ol,24,< 24,IND,4,209,14,7
TylerPolumbus24DEN2009,Tyler Polumbus,2009,ol,24,< 24,DEN,Undrafted,Undrafted,15,8
MonsantoPope24DEN2002,Monsanto Pope,2002,ol,24,< 24,DEN,9,143,14,1
NatePotter24ARI2012,Nate Potter,2012,ol,24,< 24,ARI,9,132,8,6
MaurkicePouncey24PIT2013,Maurkice Pouncey,2013,ol,24,< 24,PIT,1,88,1,1
DukePreston24BUF2006,Duke Preston,2006,ol,24,< 24,BUF,6,27,16,8
BillyPrice24CIN2018,Billy Price,2018,ol,24,< 24,CIN,Undrafted,Undrafted,2,2
BrentQvale24NYJ2015,Brent Qvale,2015,ol,24,< 24,NYJ,Undrafted,Undrafted,16,1
RyanRamczyk24NOR2018,Ryan Ramczyk,2018,ol,24,< 24,NOR,1,180,7,7
ManuelRamirez24DET2007,Manuel Ramirez,2007,ol,24,< 24,DET,6,21,1,0
GregRandall24NWE2002,Greg Randall,2002,ol,24,< 24,NWE,6,32,7,3
MartinasRankin24HOU2018,Martinas Rankin,2018,ol,24,< 24,HOU,Undrafted,Undrafted,8,3
AdamRedmond24IND2017,Adam Redmond,2017,ol,24,< 24,IND,Undrafted,Undrafted,4,0
ChrisReed24JAX2016,Chris Reed,2016,ol,24,< 24,JAX,Undrafted,Undrafted,10,4
JahReid24BAL2012,Jah Reid,2012,ol,24,< 24,BAL,5,237,9,7
RileyReiff24DET2012,Riley Reiff,2012,ol,24,< 24,DET,1,141,16,8
MikeRemmers24SDG2013,Mike Remmers,2013,ol,24,< 24,SDG,Undrafted,Undrafted,1,0
TutanReyes24NOR2001,Tutan Reyes,2001,ol,24,< 24,NOR,7,37,1,0
GarrettReynolds24ATL2011,Garrett Reynolds,2011,ol,24,< 24,ATL,7,63,16,7
DemetriusRhaney24LAR2016,Demetrius Rhaney,2016,ol,24,< 24,LAR,9,162,16,0
JameyRichard24IND2008,Jamey Richard,2008,ol,24,< 24,IND,9,147,15,7
CyrilRichardson24BUF2014,Cyril Richardson,2014,ol,24,< 24,BUF,7,60,12,4
BrianRimpf24BAL2005,Brian Rimpf,2005,ol,24,< 24,BAL,9,157,15,7
ChadRinehart24WAS2009,Chad Rinehart,2009,ol,24,< 24,WAS,5,249,4,4
CoreyRobinson24DET2016,Corey Robinson,2016,ol,24,< 24,DET,9,152,14,3
TrevorRobinson242TM2014,Trevor Robinson,2014,ol,24,< 24,2TM,Undrafted,Undrafted,3,1
JordanRoos24SEA2017,Jordan Roos,2017,ol,24,< 24,SEA,Undrafted,Undrafted,7,0
MikeRosenthal24NYG2001,Mike Rosenthal,2001,ol,24,< 24,NYG,7,55,7,0
ChaseRoullier24WAS2017,Chase Roullier,2017,ol,24,< 24,WAS,8,107,13,7
GreyRuegamer24NWE2000,Grey Ruegamer,2000,ol,24,< 24,NWE,5,223,6,0
RodgerSaffold24STL2012,Rodger Saffold,2012,ol,24,< 24,STL,4,181,10,10
EphraimSalaam24ATL2000,Ephraim Salaam,2000,ol,24,< 24,ATL,9,107,14,10
TySambrailo24DEN2016,Ty Sambrailo,2016,ol,24,< 24,DEN,4,209,10,4
KevinSampson24KAN2005,Kevin Sampson,2005,ol,24,< 24,KAN,9,143,4,1
JoshSamuda24MIA2012,Josh Samuda,2012,ol,24,< 24,MIA,Undrafted,Undrafted,16,0
DanSantucci24CIN2007,Dan Santucci,2007,ol,24,< 24,CIN,9,142,2,0
QuentinSaulsberry24DEN2012,Quentin Saulsberry,2012,ol,24,< 24,DEN,Undrafted,Undrafted,0,NA
DamikScafe24SDG2012,Damik Scafe,2012,ol,24,< 24,SDG,Undrafted,Undrafted,2,0
StephenSchilling24SDG2012,Stephen Schilling,2012,ol,24,< 24,SDG,8,111,2,0
CalebSchlauderaff24NYJ2011,Caleb Schlauderaff,2011,ol,24,< 24,NYJ,8,87,6,1
RoySchuening24STL2008,Roy Schuening,2008,ol,24,< 24,STL,7,64,1,0
BrianSchwenke24TEN2015,Brian Schwenke,2015,ol,24,< 24,TEN,6,10,5,5
SteveSciullo24PHI2004,Steve Sciullo,2004,ol,24,< 24,PHI,6,27,15,5
ChrisScott24PIT2011,Chris Scott,2011,ol,24,< 24,PIT,7,58,2,0
JonathanScott24DET2007,Jonathan Scott,2007,ol,24,< 24,DET,7,48,7,2
TrentonScott24LAC2018,Trenton Scott,2018,ol,24,< 24,LAC,Undrafted,Undrafted,4,1
YusufScott24ARI2000,Yusuf Scott,2000,ol,24,< 24,ARI,7,75,9,0
RichSeubert24NYG2003,Rich Seubert,2003,ol,24,< 24,NYG,Undrafted,Undrafted,6,6
IsaacSeumalo24PHI2017,Isaac Seumalo,2017,ol,24,< 24,PHI,5,230,14,2
RyanSeymour24CLE2014,Ryan Seymour,2014,ol,24,< 24,CLE,9,131,11,3
TylerShatley24JAX2015,Tyler Shatley,2015,ol,24,< 24,JAX,Undrafted,Undrafted,11,0
BrandonShell24NYJ2016,Brandon Shell,2016,ol,24,< 24,NYJ,7,65,8,3
GannonShepherd24JAX2001,Gannon Shepherd,2001,ol,24,< 24,JAX,Undrafted,Undrafted,1,0
DerekSherrod24GNB2013,Derek Sherrod,2013,ol,24,< 24,GNB,1,180,7,0
JordanSimmons24SEA2018,Jordan Simmons,2018,ol,24,< 24,SEA,Undrafted,Undrafted,1,0
WesSims24SDG2005,Wes Sims,2005,ol,24,< 24,SDG,8,85,1,0
AdamSnyder24SFO2006,Adam Snyder,2006,ol,24,< 24,SFO,5,247,14,6
BenSobieski24BUF2003,Ben Sobieski,2003,ol,24,< 24,BUF,7,58,1,0
KristjanSokoli24SEA2015,Kristjan Sokoli,2015,ol,24,< 24,SEA,8,124,1,0
IsaacSowells24CLE2006,Isaac Sowells,2006,ol,24,< 24,CLE,6,16,1,0
QuintonSpain24TEN2015,Quinton Spain,2015,ol,24,< 24,TEN,Undrafted,Undrafted,7,6
CharlesSpencer24HOU2006,Charles Spencer,2006,ol,24,< 24,HOU,5,215,2,2
CameronSpikes24STL2000,Cameron Spikes,2000,ol,24,< 24,STL,7,51,9,0
JasonSpriggs24GNB2018,Jason Spriggs,2018,ol,24,< 24,GNB,4,197,6,0
TreStallings24KAN2007,Tre Stallings,2007,ol,24,< 24,KAN,8,95,1,0
RonnieStanley24BAL2018,Ronnie Stanley,2018,ol,24,< 24,BAL,1,210,8,8
JasonStarkey24ARI2001,Jason Starkey,2001,ol,24,< 24,ARI,Undrafted,Undrafted,12,1
AlexStepanovich24ARI2005,Alex Stepanovich,2005,ol,24,< 24,ARI,6,4,9,9
DonaldStephenson24KAN2012,Donald Stephenson,2012,ol,24,< 24,KAN,5,225,16,7
ClintStickdorn24DET2006,Clint Stickdorn,2006,ol,24,< 24,DET,Undrafted,Undrafted,1,0
JonStinchcomb24NOR2003,Jon Stinchcomb,2003,ol,24,< 24,NOR,4,185,6,0
MattStinchcomb24OAK2001,Matt Stinchcomb,2001,ol,24,< 24,OAK,1,88,14,1
ByronStingily24TEN2012,Byron Stingily,2012,ol,24,< 24,TEN,8,83,5,2
AaronStinnie24TEN2018,Aaron Stinnie,2018,ol,24,< 24,TEN,Undrafted,Undrafted,1,0
ZachStrief24NOR2007,Zach Strief,2007,ol,24,< 24,NOR,9,121,16,1
KaseyStuddard24HOU2008,Kasey Studdard,2008,ol,24,< 24,HOU,8,92,2,0
XavierSu'a-Filo24HOU2015,Xavier Su'a-Filo,2015,ol,24,< 24,HOU,4,181,11,9
WillSvitek24KAN2006,Will Svitek,2006,ol,24,< 24,KAN,8,96,2,0
HerbertTaylor24KAN2008,Herbert Taylor,2008,ol,24,< 24,KAN,8,105,16,1
LaneTaylor24GNB2013,Lane Taylor,2013,ol,24,< 24,GNB,Undrafted,Undrafted,10,0
MattTennant24NOR2011,Matt Tennant,2011,ol,24,< 24,NOR,7,65,12,0
AdamTerry24BAL2006,Adam Terry,2006,ol,24,< 24,BAL,4,214,16,2
JebTerry24TAM2005,Jeb Terry,2005,ol,24,< 24,TAM,7,52,16,0
SamTevi24LAC2018,Sam Tevi,2018,ol,24,< 24,LAC,8,100,7,6
DallasThomas24MIA2013,Dallas Thomas,2013,ol,24,< 24,MIA,5,228,6,0
JaimieThomas24IND2010,Jaimie Thomas,2010,ol,24,< 24,IND,9,147,8,0
MichaelThompson24ATL2001,Michael Thompson,2001,ol,24,< 24,ATL,6,4,2,1
MattTobin24PHI2014,Matt Tobin,2014,ol,24,< 24,PHI,Undrafted,Undrafted,13,7
LakenTomlinson24DET2016,Laken Tomlinson,2016,ol,24,< 24,DET,1,173,16,10
ColeToner24LAC2018,Cole Toner,2018,ol,24,< 24,LAC,7,78,1,0
MichaelToudouze24IND2007,Michael Toudouze,2007,ol,24,< 24,IND,7,70,4,0
SebastianTretola24TEN2016,Sebastian Tretola,2016,ol,24,< 24,TEN,8,102,1,0
J.C.Tretter24GNB2015,J.C. Tretter,2015,ol,24,< 24,GNB,6,27,16,3
RexTucker24CHI2000,Rex Tucker,2000,ol,24,< 24,CHI,5,216,6,0
RossTucker24BUF2003,Ross Tucker,2003,ol,24,< 24,BUF,Undrafted,Undrafted,12,5
TorrinTucker24DAL2003,Torrin Tucker,2003,ol,24,< 24,DAL,Undrafted,Undrafted,7,1
LaremyTunsil24MIA2018,Laremy Tunsil,2018,ol,24,< 24,MIA,1,35,8,8
LarryTurner24STL2006,Larry Turner,2006,ol,24,< 24,STL,9,149,1,0
RobertTurner24NYJ2008,Robert Turner,2008,ol,24,< 24,NYJ,Undrafted,Undrafted,10,0
MattUlrich24IND2005,Matt Ulrich,2005,ol,24,< 24,IND,Undrafted,Undrafted,5,0
MaxUnger24SEA2010,Max Unger,2010,ol,24,< 24,SEA,4,198,1,1
JohnUrschel24BAL2015,John Urschel,2015,ol,24,< 24,BAL,7,83,16,7
HalapoulivaatiVaitai24PHI2017,Halapoulivaati Vaitai,2017,ol,24,< 24,PHI,7,72,16,10
JulianVandervelde24PHI2011,Julian Vandervelde,2011,ol,24,< 24,PHI,7,69,1,0
FernandoVelasco24TEN2009,Fernando Velasco,2009,ol,24,< 24,TEN,Undrafted,Undrafted,1,0
KeydrickVincent24PIT2002,Keydrick Vincent,2002,ol,24,< 24,PIT,Undrafted,Undrafted,7,1
KurtVollers24DAL2003,Kurt Vollers,2003,ol,24,< 24,DAL,Undrafted,Undrafted,13,8
JeremyVujnovich24GNB2014,Jeremy Vujnovich,2014,ol,24,< 24,GNB,Undrafted,Undrafted,0,NA
LaAdrianWaddle242TM2015,LaAdrian Waddle,2015,ol,24,< 24,2TM,Undrafted,Undrafted,9,6
RickyWagner24BAL2013,Ricky Wagner,2013,ol,24,< 24,BAL,7,75,16,2
JoshWalker24GNB2015,Josh Walker,2015,ol,24,< 24,GNB,Undrafted,Undrafted,13,0
LangstonWalker24OAK2003,Langston Walker,2003,ol,24,< 24,OAK,4,203,16,8
TysonWalter24DAL2002,Tyson Walter,2002,ol,24,< 24,DAL,8,87,11,8
SethWand24HOU2003,Seth Wand,2003,ol,24,< 24,HOU,5,226,16,2
JylanWare24OAK2017,Jylan Ware,2017,ol,24,< 24,OAK,9,143,1,0
JoshWarner24CHI2003,Josh Warner,2003,ol,24,< 24,CHI,Undrafted,Undrafted,10,0
ToddWashington24TAM2000,Todd Washington,2000,ol,24,< 24,TAM,6,7,10,0
BrianWaters24KAN2001,Brian Waters,2001,ol,24,< 24,KAN,Undrafted,Undrafted,16,8
EarlWatford24ARI2014,Earl Watford,2014,ol,24,< 24,ARI,6,20,10,0
RokeviousWatkins24KAN2013,Rokevious Watkins,2013,ol,24,< 24,KAN,7,57,3,1
ChrisWatt24SDG2014,Chris Watt,2014,ol,24,< 24,SDG,5,241,12,5
ScottWedige24ARI2012,Scott Wedige,2012,ol,24,< 24,ARI,Undrafted,Undrafted,2,0
DarrionWeems24DAL2012,Darrion Weems,2012,ol,24,< 24,DAL,Undrafted,Undrafted,0,NA
ThomasWelch242TM2011,Thomas Welch,2011,ol,24,< 24,2TM,9,118,8,1
ScottWells24GNB2005,Scott Wells,2005,ol,24,< 24,GNB,9,163,16,10
RyanWendell24NWE2010,Ryan Wendell,2010,ol,24,< 24,NWE,Undrafted,Undrafted,15,2
AustinWentworth24MIN2014,Austin Wentworth,2014,ol,24,< 24,MIN,Undrafted,Undrafted,7,0
LeonardWester24TAM2017,Leonard Wester,2017,ol,24,< 24,TAM,Undrafted,Undrafted,8,0
ChristianWesterman24CIN2017,Christian Westerman,2017,ol,24,< 24,CIN,7,69,2,2
ChadWheeler24NYG2018,Chad Wheeler,2018,ol,24,< 24,NYG,Undrafted,Undrafted,8,6
GuyWhimper24NYG2007,Guy Whimper,2007,ol,24,< 24,NYG,6,34,16,0
ChrisWhite24HOU2007,Chris White,2007,ol,24,< 24,HOU,Undrafted,Undrafted,6,0
CodyWhite24HOU2012,Cody White,2012,ol,24,< 24,HOU,Undrafted,Undrafted,0,NA
BenWilkerson24CIN2006,Ben Wilkerson,2006,ol,24,< 24,CIN,Undrafted,Undrafted,3,0
BrettWilliams24KAN2004,Brett Williams,2004,ol,24,< 24,KAN,6,17,5,0
DarrellWilliams24LAR2017,Darrell Williams,2017,ol,24,< 24,LAR,Undrafted,Undrafted,16,1
DarrellWilliams24SFO2017,Darrell Williams,2017,ol,24,< 24,SFO,Undrafted,Undrafted,7,0
DarylWilliams24CAR2016,Daryl Williams,2016,ol,24,< 24,CAR,6,6,13,10
EdwinWilliams24CHI2010,Edwin Williams,2010,ol,24,< 24,CHI,Undrafted,Undrafted,5,3
KeithWilliams24BUF2012,Keith Williams,2012,ol,24,< 24,BUF,8,105,2,0
KyleWilliams24SEA2008,Kyle Williams,2008,ol,24,< 24,SEA,Undrafted,Undrafted,4,2
ZackWilliams24CAR2012,Zack Williams,2012,ol,24,< 24,CAR,Undrafted,Undrafted,1,0
RayWillis24SEA2006,Ray Willis,2006,ol,24,< 24,SEA,6,8,1,0
MarkWilson24WAS2004,Mark Wilson,2004,ol,24,< 24,WAS,7,58,2,1
BrianWinters24NYJ2015,Brian Winters,2015,ol,24,< 24,NYJ,5,223,16,10
BryanWitzmann24HOU2014,Bryan Witzmann,2014,ol,24,< 24,HOU,Undrafted,Undrafted,0,NA
FloydWomack24SEA2002,Floyd Womack,2002,ol,24,< 24,SEA,6,33,11,10
CierreWood24BUF2015,Cierre Wood,2015,ol,24,< 24,BUF,Undrafted,Undrafted,2,0
MansfieldWrotto24SEA2008,Mansfield Wrotto,2008,ol,24,< 24,SEA,6,29,7,4
AndrewWylie24KAN2018,Andrew Wylie,2018,ol,24,< 24,KAN,Undrafted,Undrafted,8,2
MarshalYanda24BAL2008,Marshal Yanda,2008,ol,24,< 24,BAL,5,238,5,5
DavidYankey24CAR2016,David Yankey,2016,ol,24,< 24,CAR,7,51,6,0
WillYeatman24MIA2012,Will Yeatman,2012,ol,24,< 24,MIA,Undrafted,Undrafted,4,0
SamYoung24BUF2011,Sam Young,2011,ol,24,< 24,BUF,8,87,4,0
DaveYovanovits24CLE2005,Dave Yovanovits,2005,ol,24,< 24,CLE,9,148,2,1
ChrisZiemann24NYG2000,Chris Ziemann,2000,ol,24,< 24,NYG,Undrafted,Undrafted,8,0
PaulZukauskas24CLE2003,Paul Zukauskas,2003,ol,24,< 24,CLE,9,113,12,10
JeremyZuttah24TAM2010,Jeremy Zuttah,2010,ol,24,< 24,TAM,5,235,15,9
OdayAboushi25HOU2016,Oday Aboushi,2016,ol,25,25-28,HOU,7,48,4,3
AaronAdams25GNB2014,Aaron Adams,2014,ol,25,25-28,GNB,Undrafted,Undrafted,0,NA
JeffAdams25HOU2014,Jeff Adams,2014,ol,25,25-28,HOU,Undrafted,Undrafted,2,0
AnthonyAlabi25MIA2006,Anthony Alabi,2006,ol,25,25-28,MIA,7,70,6,0
AndyAlleman25MIA2008,Andy Alleman,2008,ol,25,25-28,MIA,5,240,15,4
JeffAllen25KAN2015,Jeff Allen,2015,ol,25,25-28,KAN,4,193,12,8
EugeneAmano25TEN2007,Eugene Amano,2007,ol,25,25-28,TEN,9,150,16,5
JasonAndersen25NWE2000,Jason Andersen,2000,ol,25,25-28,NWE,9,122,7,0
JoshAndrews25PHI2016,Josh Andrews,2016,ol,25,25-28,PHI,Undrafted,Undrafted,3,0
StacyAndrews25CIN2006,Stacy Andrews,2006,ol,25,25-28,CIN,6,28,16,3
DavidArkin25DAL2012,David Arkin,2012,ol,25,25-28,DAL,6,14,1,0
TerronArmstead25NOR2016,Terron Armstead,2016,ol,25,25-28,NOR,5,226,7,7
JonAsamoah25KAN2013,Jon Asamoah,2013,ol,25,25-28,KAN,5,218,14,9
IsaacAsiata25MIA2017,Isaac Asiata,2017,ol,25,25-28,MIA,7,72,1,0
JohanAsiata25CHI2010,Johan Asiata,2010,ol,25,25-28,CHI,Undrafted,Undrafted,2,0
RodneyAustin25DET2013,Rodney Austin,2013,ol,25,25-28,DET,Undrafted,Undrafted,1,0
ThomasAustin25HOU2011,Thomas Austin,2011,ol,25,25-28,HOU,Undrafted,Undrafted,3,0
DavidBaas25SFO2006,David Baas,2006,ol,25,25-28,SFO,4,181,16,0
BradBadger25MIN2000,Brad Badger,2000,ol,25,25-28,MIN,7,70,16,0
AlvinBailey25CLE2016,Alvin Bailey,2016,ol,25,25-28,CLE,Undrafted,Undrafted,14,5
DanielBaldridge25JAX2010,Daniel Baldridge,2010,ol,25,25-28,JAX,Undrafted,Undrafted,1,0
JasonBall25SDG2004,Jason Ball,2004,ol,25,25-28,SDG,Undrafted,Undrafted,3,2
AllenBarbre25GNB2009,Allen Barbre,2009,ol,25,25-28,GNB,6,23,10,7
DonBarclay25GNB2014,Don Barclay,2014,ol,25,25-28,GNB,Undrafted,Undrafted,0,NA
ChrisBarker25NWE2015,Chris Barker,2015,ol,25,25-28,NWE,Undrafted,Undrafted,1,0
TimBarnes25STL2013,Tim Barnes,2013,ol,25,25-28,STL,Undrafted,Undrafted,16,4
KevinBarry25GNB2004,Kevin Barry,2004,ol,25,25-28,GNB,Undrafted,Undrafted,13,3
ColinBaxter25SDG2012,Colin Baxter,2012,ol,25,25-28,SDG,Undrafted,Undrafted,4,0
ChadBeasley25CLE2003,Chad Beasley,2003,ol,25,25-28,CLE,9,128,8,3
WillBeatty25NYG2010,Will Beatty,2010,ol,25,25-28,NYG,4,211,8,2
NickBecton25CHI2015,Nick Becton,2015,ol,25,25-28,CHI,Undrafted,Undrafted,5,0
DemetressBell25BUF2009,Demetress Bell,2009,ol,25,25-28,BUF,9,129,8,8
RyanBenjamin25TAM2002,Ryan Benjamin,2002,ol,25,25-28,TAM,Undrafted,Undrafted,10,0
JoeBerger25DAL2007,Joe Berger,2007,ol,25,25-28,DAL,8,117,1,0
MackenzyBernadeau25CAR2011,Mackenzy Bernadeau,2011,ol,25,25-28,CAR,9,162,15,1
MartinBibla25ATL2004,Martin Bibla,2004,ol,25,25-28,ATL,6,20,11,0
JoelBitonio25CLE2016,Joel Bitonio,2016,ol,25,25-28,CLE,4,183,5,5
AustinBlythe25LAR2017,Austin Blythe,2017,ol,25,25-28,LAR,9,159,16,1
ChrisBober25NYG2001,Chris Bober,2001,ol,25,25-28,NYG,Undrafted,Undrafted,16,0
EvanBoehm25IND2018,Evan Boehm,2018,ol,25,25-28,IND,6,33,3,0
KevinBoothe25NYG2008,Kevin Boothe,2008,ol,25,25-28,NYG,8,84,16,0
LukeBowanko25JAX2016,Luke Bowanko,2016,ol,25,25-28,JAX,8,115,2,0
BrettBoyko25LAC2017,Brett Boyko,2017,ol,25,25-28,LAC,Undrafted,Undrafted,1,0
JakeBrendel25MIA2017,Jake Brendel,2017,ol,25,25-28,MIA,Undrafted,Undrafted,16,0
SamBrenner25MIA2015,Sam Brenner,2015,ol,25,25-28,MIA,Undrafted,Undrafted,3,0
JamesBrewer25NYG2012,James Brewer,2012,ol,25,25-28,NYG,6,21,8,0
MikeBrewster252TM2014,Mike Brewster,2014,ol,25,25-28,2TM,Undrafted,Undrafted,0,NA
JeremyBridges25ARI2005,Jeremy Bridges,2005,ol,25,25-28,ARI,8,94,7,3
WesleyBritt25NWE2006,Wesley Britt,2006,ol,25,25-28,NWE,7,72,10,1
EbenBritton25JAX2012,Eben Britton,2012,ol,25,25-28,JAX,4,187,11,5
CharlesBrown25NOR2012,Charles Brown,2012,ol,25,25-28,NOR,4,214,10,3
EltonBrown25ARI2007,Elton Brown,2007,ol,25,25-28,ARI,6,15,9,5
JamonBrown25LAR2018,Jamon Brown,2018,ol,25,25-28,LAR,5,223,5,0
PatrickBrown25MIN2011,Patrick Brown,2011,ol,25,25-28,MIN,Undrafted,Undrafted,16,0
TrentBrown25NWE2018,Trent Brown,2018,ol,25,25-28,NWE,9,156,8,8
WilbertBrown25WAS2002,Wilbert Brown,2002,ol,25,25-28,WAS,Undrafted,Undrafted,14,9
DougBrzezinski25PHI2001,Doug Brzezinski,2001,ol,25,25-28,PHI,5,214,16,1
DanBuenning25TAM2006,Dan Buenning,2006,ol,25,25-28,TAM,6,10,10,7
TyreekBurwell25IND2017,Tyreek Burwell,2017,ol,25,25-28,IND,Undrafted,Undrafted,1,0
AntoineCaldwell25HOU2011,Antoine Caldwell,2011,ol,25,25-28,HOU,5,228,5,3
MarcusCannon25NWE2013,Marcus Cannon,2013,ol,25,25-28,NWE,7,44,14,6
GabeCarimi25TAM2013,Gabe Carimi,2013,ol,25,25-28,TAM,1,174,14,3
CooperCarlisle25DEN2002,Cooper Carlisle,2002,ol,25,25-28,DEN,6,16,1,0
JonCarman25BUF2001,Jon Carman,2001,ol,25,25-28,BUF,Undrafted,Undrafted,9,2
BraxstonCave25CLE2014,Braxston Cave,2014,ol,25,25-28,CLE,Undrafted,Undrafted,0,NA
KirkChambers25CLE2004,Kirk Chambers,2004,ol,25,25-28,CLE,8,84,6,0
TravisClaridge25ATL2003,Travis Claridge,2003,ol,25,25-28,ATL,4,185,6,6
ChrisClark25DEN2010,Chris Clark,2010,ol,25,25-28,DEN,Undrafted,Undrafted,8,0
CoreyClark25SDG2009,Corey Clark,2009,ol,25,25-28,SDG,9,146,2,0
Le'RavenClark25IND2018,Le'Raven Clark,2018,ol,25,25-28,IND,5,234,7,4
BenClaxton25ATL2005,Ben Claxton,2005,ol,25,25-28,ATL,7,64,2,0
RichardCollier25JAX2006,Richard Collier,2006,ol,25,25-28,JAX,Undrafted,Undrafted,4,0
AnthonyCollins25CIN2010,Anthony Collins,2010,ol,25,25-28,CIN,6,16,9,3
JavierCollins25DAL2003,Javier Collins,2003,ol,25,25-28,DAL,Undrafted,Undrafted,1,0
La'elCollins25DAL2018,La'el Collins,2018,ol,25,25-28,DAL,Undrafted,Undrafted,7,7
MoCollins25OAK2001,Mo Collins,2001,ol,25,25-28,OAK,1,141,6,5
AaronColvin25JAX2016,Aaron Colvin,2016,ol,25,25-28,JAX,6,18,10,4
TomCompton25WAS2014,Tom Compton,2014,ol,25,25-28,WAS,8,102,16,9
DamionCook252TM2004,Damion Cook,2004,ol,25,25-28,2TM,Undrafted,Undrafted,15,6
KyleCook25CIN2008,Kyle Cook,2008,ol,25,25-28,CIN,Undrafted,Undrafted,5,0
JonathanCooper25ARI2015,Jonathan Cooper,2015,ol,25,25-28,ARI,1,220,14,9
JimCordle25NYG2012,Jim Cordle,2012,ol,25,25-28,NYG,Undrafted,Undrafted,16,0
PaulCornick25DEN2014,Paul Cornick,2014,ol,25,25-28,DEN,Undrafted,Undrafted,12,6
PhilCosta25DAL2012,Phil Costa,2012,ol,25,25-28,DAL,Undrafted,Undrafted,3,3
OnielCousins25BAL2009,Oniel Cousins,2009,ol,25,25-28,BAL,5,252,4,3
ColeCroston25NWE2018,Cole Croston,2018,ol,25,25-28,NWE,Undrafted,Undrafted,2,0
HarveyDahl25SFO2006,Harvey Dahl,2006,ol,25,25-28,SFO,Undrafted,Undrafted,4,0
JoeDahl25DET2018,Joe Dahl,2018,ol,25,25-28,DET,7,58,2,0
AnthonyDavis25SFO2014,Anthony Davis,2014,ol,25,25-28,SFO,1,13,7,7
C.J.Davis25DEN2012,C.J. Davis,2012,ol,25,25-28,DEN,Undrafted,Undrafted,7,0
FrankDavis25DET2006,Frank Davis,2006,ol,25,25-28,DET,Undrafted,Undrafted,11,3
TaylorDecker25DET2018,Taylor Decker,2018,ol,25,25-28,DET,1,67,7,7
MikeDeVito25NYJ2009,Mike DeVito,2009,ol,25,25-28,NYJ,Undrafted,Undrafted,15,1
EvanDietrich-Smith25GNB2011,Evan Dietrich-Smith,2011,ol,25,25-28,GNB,Undrafted,Undrafted,16,3
BrandynDombrowski25SDG2010,Brandyn Dombrowski,2010,ol,25,25-28,SDG,Undrafted,Undrafted,16,5
AndrewDonnal25BAL2017,Andrew Donnal,2017,ol,25,25-28,BAL,6,23,6,0
Char-ronDorsey252TM2002,Char-ron Dorsey,2002,ol,25,25-28,2TM,9,154,3,1
DakotaDozier25NYJ2016,Dakota Dozier,2016,ol,25,25-28,NYJ,6,43,13,2
KingDunlap25PHI2010,King Dunlap,2010,ol,25,25-28,PHI,9,142,14,5
RyanDurand25TEN2010,Ryan Durand,2010,ol,25,25-28,TEN,9,150,1,0
SteveEdwards25CHI2004,Steve Edwards,2004,ol,25,25-28,CHI,Undrafted,Undrafted,15,8
ParkerEhinger25KAN2017,Parker Ehinger,2017,ol,25,25-28,KAN,6,8,1,1
DanteEllington25ARI2005,Dante Ellington,2005,ol,25,25-28,ARI,Undrafted,Undrafted,2,0
EdEllis25WAS2000,Ed Ellis,2000,ol,25,25-28,WAS,6,30,12,0
CameronErving25KAN2017,Cameron Erving,2017,ol,25,25-28,KAN,1,99,13,4
TraiEssex25PIT2007,Trai Essex,2007,ol,25,25-28,PIT,5,246,2,0
JohnEstes25JAX2012,John Estes,2012,ol,25,25-28,JAX,Undrafted,Undrafted,0,NA
PaulFanaika25SEA2011,Paul Fanaika,2011,ol,25,25-28,SEA,9,123,3,0
DanielFederkeil25IND2008,Daniel Federkeil,2008,ol,25,25-28,IND,Undrafted,Undrafted,12,3
MattFeiler25PIT2017,Matt Feiler,2017,ol,25,25-28,PIT,Undrafted,Undrafted,5,1
JonFeliciano25OAK2017,Jon Feliciano,2017,ol,25,25-28,OAK,6,33,13,1
B.J.Finney25PIT2016,B.J. Finney,2016,ol,25,25-28,PIT,Undrafted,Undrafted,13,3
JakeFisher25CIN2018,Jake Fisher,2018,ol,25,25-28,CIN,4,203,8,0
CameronFleming25NWE2017,Cameron Fleming,2017,ol,25,25-28,NWE,6,47,12,6
DerrickFletcher252TM2000,Derrick Fletcher,2000,ol,25,25-28,2TM,7,61,3,2
BrianFolkerts25STL2015,Brian Folkerts,2015,ol,25,25-28,STL,Undrafted,Undrafted,2,0
ToniuFonoti25MIA2006,Toniu Fonoti,2006,ol,25,25-28,MIA,4,187,6,0
DavidFoucault25CAR2014,David Foucault,2014,ol,25,25-28,CAR,Undrafted,Undrafted,5,1
MelvinFowler25CLE2004,Melvin Fowler,2004,ol,25,25-28,CLE,5,227,15,3
JasonFox25DET2013,Jason Fox,2013,ol,25,25-28,DET,6,33,8,3
DougFree25DAL2009,Doug Free,2009,ol,25,25-28,DAL,6,27,16,7
MakoaFreitas25IND2004,Makoa Freitas,2004,ol,25,25-28,IND,8,118,16,0
BenFricke25DAL2000,Ben Fricke,2000,ol,25,25-28,DAL,9,123,9,5
BrandonFrye25MIA2008,Brandon Frye,2008,ol,25,25-28,MIA,7,71,7,0
ChristianGaddis25BUF2009,Christian Gaddis,2009,ol,25,25-28,BUF,Undrafted,Undrafted,1,0
RogersGaines25NYG2014,Rogers Gaines,2014,ol,25,25-28,NYG,Undrafted,Undrafted,0,NA
JaredGaither252TM2011,Jared Gaither,2011,ol,25,25-28,2TM,7,1,15,5
DylanGandy25IND2007,Dylan Gandy,2007,ol,25,25-28,IND,6,34,10,1
MikeGandy25CHI2004,Mike Gandy,2004,ol,25,25-28,CHI,5,218,5,5
AndrewGardner25HOU2011,Andrew Gardner,2011,ol,25,25-28,HOU,8,90,1,0
AdamGettis25WAS2013,Adam Gettis,2013,ol,25,25-28,WAS,7,48,13,0
AaronGibson25DAL2002,Aaron Gibson,2002,ol,25,25-28,DAL,1,170,1,0
MikeGibson25SEA2010,Mike Gibson,2010,ol,25,25-28,SEA,8,93,14,8
MarkGlowinski25SEA2017,Mark Glowinski,2017,ol,25,25-28,SEA,6,40,10,2
Na'ShanGoddard25SEA2008,Na'Shan Goddard,2008,ol,25,25-28,SEA,Undrafted,Undrafted,2,0
StephenGoodin25NYG2013,Stephen Goodin,2013,ol,25,25-28,NYG,Undrafted,Undrafted,1,0
JonathanGoodwin25NYJ2003,Jonathan Goodwin,2003,ol,25,25-28,NYJ,7,61,15,0
BrandonGorin25NWE2003,Brandon Gorin,2003,ol,25,25-28,NWE,9,111,6,0
JohnGreco25STL2010,John Greco,2010,ol,25,25-28,STL,5,215,6,0
ChazGreen25DAL2017,Chaz Green,2017,ol,25,25-28,DAL,5,244,14,4
TyronneGreen25SDG2011,Tyronne Green,2011,ol,25,25-28,SDG,6,39,13,8
ShaneGrice25TAM2001,Shane Grice,2001,ol,25,25-28,TAM,Undrafted,Undrafted,1,0
JakeGrove25OAK2005,Jake Grove,2005,ol,25,25-28,OAK,4,194,10,8
RyanGroy25BUF2015,Ryan Groy,2015,ol,25,25-28,BUF,Undrafted,Undrafted,5,0
HarlandGunn25ATL2014,Harland Gunn,2014,ol,25,25-28,ATL,Undrafted,Undrafted,10,1
AdamHaayer25MIN2002,Adam Haayer,2002,ol,25,25-28,MIN,8,107,4,0
JoeHaeg25IND2018,Joe Haeg,2018,ol,25,25-28,IND,7,62,3,3
ChrisHairston25BUF2014,Chris Hairston,2014,ol,25,25-28,BUF,6,27,16,0
DavidHale25BAL2008,David Hale,2008,ol,25,25-28,BAL,6,39,6,0
BobHallen25ATL2000,Bob Hallen,2000,ol,25,25-28,ATL,4,203,16,5
GeoffHangartner25CAR2007,Geoff Hangartner,2007,ol,25,25-28,CAR,7,76,16,4
DerekHardman25TAM2011,Derek Hardman,2011,ol,25,25-28,TAM,Undrafted,Undrafted,3,0
RamonHarewood25BAL2012,Ramon Harewood,2012,ol,25,25-28,BAL,8,103,6,5
BryceHarris25NOR2014,Bryce Harris,2014,ol,25,25-28,NOR,Undrafted,Undrafted,16,2
KwameHarris25SFO2007,Kwame Harris,2007,ol,25,25-28,SFO,1,167,12,0
LeroyHarris25TEN2009,Leroy Harris,2009,ol,25,25-28,TEN,6,19,15,2
MikeHarris25SDG2013,Mike Harris,2013,ol,25,25-28,SDG,Undrafted,Undrafted,5,3
DesmondHarrison25CLE2018,Desmond Harrison,2018,ol,25,25-28,CLE,Undrafted,Undrafted,8,8
JonotthanHarrison25IND2016,Jonotthan Harrison,2016,ol,25,25-28,IND,Undrafted,Undrafted,13,4
TannerHawkinson25PHI2015,Tanner Hawkinson,2015,ol,25,25-28,PHI,7,63,2,0
JoeHawley25ATL2013,Joe Hawley,2013,ol,25,25-28,ATL,6,21,16,7
SeantrelHenderson25BUF2017,Seantrel Henderson,2017,ol,25,25-28,BUF,9,148,7,1
RickyHenry25NOR2012,Ricky Henry,2012,ol,25,25-28,NOR,Undrafted,Undrafted,1,0
SteveHerndon25DEN2002,Steve Herndon,2002,ol,25,25-28,DEN,Undrafted,Undrafted,15,9
AnthonyHerrera25MIN2005,Anthony Herrera,2005,ol,25,25-28,MIN,Undrafted,Undrafted,10,6
ArtisHicks25PHI2003,Artis Hicks,2003,ol,25,25-28,PHI,Undrafted,Undrafted,10,4
MattHill25SEA2003,Matt Hill,2003,ol,25,25-28,SEA,7,79,13,2
RashodHill25MIN2017,Rashod Hill,2017,ol,25,25-28,MIN,Undrafted,Undrafted,11,7
CoreyHilliard25DET2010,Corey Hilliard,2010,ol,25,25-28,DET,8,119,16,4
RussHochstein252TM2002,Russ Hochstein,2002,ol,25,25-28,2TM,7,58,2,0
DrewHodgdon25HOU2006,Drew Hodgdon,2006,ol,25,25-28,HOU,7,58,8,5
KhaledHolmes25IND2015,Khaled Holmes,2015,ol,25,25-28,IND,6,26,9,7
LamarHolmes25ATL2014,Lamar Holmes,2014,ol,25,25-28,ATL,5,244,4,4
ChrisHubbard25PIT2016,Chris Hubbard,2016,ol,25,25-28,PIT,Undrafted,Undrafted,15,4
D.J.Humphries25ARI2018,D.J. Humphries,2018,ol,25,25-28,ARI,1,151,8,8
WayneHunter25JAX2006,Wayne Hunter,2006,ol,25,25-28,JAX,5,224,1,0
JamesHurst25BAL2016,James Hurst,2016,ol,25,25-28,BAL,Undrafted,Undrafted,16,3
MauriceHurt25WAS2012,Maurice Hurt,2012,ol,25,25-28,WAS,9,127,13,1
SteveHutchinson25SEA2002,Steve Hutchinson,2002,ol,25,25-28,SEA,1,77,4,4
BenIjalana25NYJ2014,Ben Ijalana,2014,ol,25,25-28,NYJ,4,198,3,0
GabeIkard252TM2015,Gabe Ikard,2015,ol,25,25-28,2TM,Undrafted,Undrafted,4,0
JohnathanIngram25KAN2005,Johnathan Ingram,2005,ol,25,25-28,KAN,Undrafted,Undrafted,4,0
AlcenderJackson25GNB2002,Alcender Jackson,2002,ol,25,25-28,GNB,Undrafted,Undrafted,2,0
JamaalJackson25PHI2005,Jamaal Jackson,2005,ol,25,25-28,PHI,Undrafted,Undrafted,8,8
KendylJacox25SDG2000,Kendyl Jacox,2000,ol,25,25-28,SDG,Undrafted,Undrafted,16,3
Ja'WuanJames25MIA2017,Ja'Wuan James,2017,ol,25,25-28,MIA,1,99,8,8
JenoJames25CAR2002,Jeno James,2002,ol,25,25-28,CAR,8,91,9,2
MaxJean-Gilles25PHI2008,Max Jean-Gilles,2008,ol,25,25-28,PHI,6,252,12,10
LemuelJeanpierre25SEA2012,Lemuel Jeanpierre,2012,ol,25,25-28,SEA,Undrafted,Undrafted,15,0
RyanJensen25BAL2016,Ryan Jensen,2016,ol,25,25-28,BAL,8,113,7,3
GregJerman25MIA2004,Greg Jerman,2004,ol,25,25-28,MIA,Undrafted,Undrafted,1,0
JohnJerry25MIA2011,John Jerry,2011,ol,25,25-28,MIA,5,224,13,3
LukeJoeckel25JAX2016,Luke Joeckel,2016,ol,25,25-28,JAX,1,108,4,4
UlrickJohn25GNB2017,Ulrick John,2017,ol,25,25-28,GNB,9,144,5,0
MarcusJohnson25MIN2006,Marcus Johnson,2006,ol,25,25-28,MIN,4,198,10,10
MikeJohnson25ATL2012,Mike Johnson,2012,ol,25,25-28,ATL,5,251,16,1
RishawJohnson254TM2014,Rishaw Johnson,2014,ol,25,25-28,4TM,Undrafted,Undrafted,0,NA
T.J.Johnson25CIN2015,T.J. Johnson,2015,ol,25,25-28,CIN,9,163,12,0
WesleyJohnson25NYJ2016,Wesley Johnson,2016,ol,25,25-28,NYJ,7,81,16,8
AdrianJones25NYJ2006,Adrian Jones,2006,ol,25,25-28,NYJ,6,38,9,0
BrettJones25NYG2016,Brett Jones,2016,ol,25,25-28,NYG,Undrafted,Undrafted,14,1
ChrisJones25DAL2014,Chris Jones,2014,ol,25,25-28,DAL,Undrafted,Undrafted,16,0
KenyattaJones25WAS2004,Kenyatta Jones,2004,ol,25,25-28,WAS,6,249,3,2
TedKarras25NWE2018,Ted Karras,2018,ol,25,25-28,NWE,8,132,5,0
NormKatnik25NYJ2006,Norm Katnik,2006,ol,25,25-28,NYJ,Undrafted,Undrafted,3,2
MichaelKeathley25SDG2003,Michael Keathley,2003,ol,25,25-28,SDG,Undrafted,Undrafted,8,2
BrandonKeith25ARI2009,Brandon Keith,2009,ol,25,25-28,ARI,9,136,4,0
JasonKelce25PHI2012,Jason Kelce,2012,ol,25,25-28,PHI,8,101,2,2
SenioKelemete25NOR2015,Senio Kelemete,2015,ol,25,25-28,NOR,7,58,16,5
DennisKelly25PHI2015,Dennis Kelly,2015,ol,25,25-28,PHI,7,60,14,2
LewisKelly25MIN2002,Lewis Kelly,2002,ol,25,25-28,MIN,9,159,7,5
RyanKelly25IND2018,Ryan Kelly,2018,ol,25,25-28,IND,1,88,8,8
ZacKerin25MIN2016,Zac Kerin,2016,ol,25,25-28,MIN,Undrafted,Undrafted,9,0
DanielKilgore25SFO2012,Daniel Kilgore,2012,ol,25,25-28,SFO,7,71,16,0
AndyKing25STL2003,Andy King,2003,ol,25,25-28,STL,Undrafted,Undrafted,1,0
AustinKing25ATL2006,Austin King,2006,ol,25,25-28,ATL,6,39,14,0
AdrianKlemm25NWE2002,Adrian Klemm,2002,ol,25,25-28,NWE,4,195,16,3
JoshKline25NWE2014,Josh Kline,2014,ol,25,25-28,NWE,Undrafted,Undrafted,12,4
AdamKoets25NYG2009,Adam Koets,2009,ol,25,25-28,NYG,8,98,2,0
PeterKonz25ATL2014,Peter Konz,2014,ol,25,25-28,ATL,4,205,7,3
ScottKooistra25CIN2005,Scott Kooistra,2005,ol,25,25-28,CIN,9,125,15,1
ArieKouandjio25WAS2017,Arie Kouandjio,2017,ol,25,25-28,WAS,6,16,8,6
MichaelKracalik25BAL2007,Michael Kracalik,2007,ol,25,25-28,BAL,Undrafted,Undrafted,2,0
EricKush25KAN2014,Eric Kush,2014,ol,25,25-28,KAN,8,78,0,NA
KendallLamm25HOU2017,Kendall Lamm,2017,ol,25,25-28,HOU,Undrafted,Undrafted,10,4
TylerLarsen25CAR2016,Tyler Larsen,2016,ol,25,25-28,CAR,Undrafted,Undrafted,9,5
NickLeckey25STL2007,Nick Leckey,2007,ol,25,25-28,STL,8,74,3,2
JamesLee25TAM2010,James Lee,2010,ol,25,25-28,TAM,Undrafted,Undrafted,15,9
DougLegursky25PIT2011,Doug Legursky,2011,ol,25,25-28,PIT,Undrafted,Undrafted,10,10
MattLehr25DAL2004,Matt Lehr,2004,ol,25,25-28,DAL,7,43,7,2
CoryLekkerkerker25SDG2006,Cory Lekkerkerker,2006,ol,25,25-28,SDG,Undrafted,Undrafted,15,0
TimLelito25NOR2014,Tim Lelito,2014,ol,25,25-28,NOR,Undrafted,Undrafted,16,2
JoshLeRibeus25WAS2014,Josh LeRibeus,2014,ol,25,25-28,WAS,5,222,7,1
PatrickLewis25BUF2016,Patrick Lewis,2016,ol,25,25-28,BUF,Undrafted,Undrafted,1,0
VictorLeyva25CIN2002,Victor Leyva,2002,ol,25,25-28,CIN,7,41,10,0
RyanLilja25IND2006,Ryan Lilja,2006,ol,25,25-28,IND,Undrafted,Undrafted,11,5
JeffLinkenbach25IND2012,Jeff Linkenbach,2012,ol,25,25-28,IND,Undrafted,Undrafted,16,8
CoreyLinsley25GNB2016,Corey Linsley,2016,ol,25,25-28,GNB,7,69,9,9
SeanLocklear25SEA2006,Sean Locklear,2006,ol,25,25-28,SEA,5,236,11,10
JoeLooney25TEN2015,Joe Looney,2015,ol,25,25-28,TEN,6,21,8,6
DanielLoper25TEN2007,Daniel Loper,2007,ol,25,25-28,TEN,7,57,16,0
LanceLouis25CHI2010,Lance Louis,2010,ol,25,25-28,CHI,9,157,16,4
JoshLovelady25DET2003,Josh Lovelady,2003,ol,25,25-28,DET,Undrafted,Undrafted,12,0
DavidLoverne25NYJ2001,David Loverne,2001,ol,25,25-28,NYJ,5,243,16,0
CorneliusLucas25DET2016,Cornelius Lucas,2016,ol,25,25-28,DET,Undrafted,Undrafted,5,0
WayneLucier25NYG2004,Wayne Lucier,2004,ol,25,25-28,NYG,9,160,15,9
J.P.Machado25NYJ2001,J.P. Machado,2001,ol,25,25-28,NYJ,8,106,16,3
LamarMady25OAK2014,Lamar Mady,2014,ol,25,25-28,OAK,Undrafted,Undrafted,0,NA
GregMancz25HOU2017,Greg Mancz,2017,ol,25,25-28,HOU,Undrafted,Undrafted,10,7
PatrickMannelly25CHI2000,Patrick Mannelly,2000,ol,25,25-28,CHI,8,98,16,0
AliMarpet25TAM2018,Ali Marpet,2018,ol,25,25-28,TAM,4,212,7,7
JonathanMartin25SFO2014,Jonathan Martin,2014,ol,25,25-28,SFO,4,191,15,9
NickMartin25HOU2018,Nick Martin,2018,ol,25,25-28,HOU,4,200,8,8
ShaqMason25NWE2018,Shaq Mason,2018,ol,25,25-28,NWE,6,37,8,8
KevinMatthews25TEN2012,Kevin Matthews,2012,ol,25,25-28,TEN,Undrafted,Undrafted,14,2
MattMcCants25OAK2014,Matt McCants,2014,ol,25,25-28,OAK,8,111,11,0
AntoineMcClain25CHI2014,Antoine McClain,2014,ol,25,25-28,CHI,Undrafted,Undrafted,0,NA
JacquesMcClendon25ATL2012,Jacques McClendon,2012,ol,25,25-28,ATL,6,34,0,NA
JustinMcCray25GNB2017,Justin McCray,2017,ol,25,25-28,GNB,Undrafted,Undrafted,13,8
ConorMcDermott25BUF2017,Conor McDermott,2017,ol,25,25-28,BUF,8,122,3,0
NickMcDonald25NWE2012,Nick McDonald,2012,ol,25,25-28,NWE,Undrafted,Undrafted,12,1
DylanMcFarland25BUF2005,Dylan McFarland,2005,ol,25,25-28,BUF,9,117,1,0
ConnorMcGovern25DEN2018,Connor McGovern,2018,ol,25,25-28,DEN,7,50,8,7
DamionMcIntosh25SDG2002,Damion McIntosh,2002,ol,25,25-28,SDG,5,235,10,10
JeremyMcKinney25CLE2001,Jeremy McKinney,2001,ol,25,25-28,CLE,Undrafted,Undrafted,15,9
PatMcQuistan25DAL2008,Pat McQuistan,2008,ol,25,25-28,DAL,9,122,16,0
PaulMcQuistan25OAK2008,Paul McQuistan,2008,ol,25,25-28,OAK,5,219,1,0
JamonMeredith25PIT2011,Jamon Meredith,2011,ol,25,25-28,PIT,7,70,4,0
TerrenceMetcalf25CHI2003,Terrence Metcalf,2003,ol,25,25-28,CHI,5,246,9,2
JackMewhort25IND2016,Jack Mewhort,2016,ol,25,25-28,IND,4,209,10,10
BrianMihalik25DET2017,Brian Mihalik,2017,ol,25,25-28,DET,9,148,15,2
JohnMiller25BUF2018,John Miller,2018,ol,25,25-28,BUF,5,233,8,8
RyanMiller252TM2014,Ryan Miller,2014,ol,25,25-28,2TM,7,68,0,NA
JordanMills25BUF2015,Jordan Mills,2015,ol,25,25-28,BUF,7,71,10,5
JohnMoffitt25SEA2011,John Moffitt,2011,ol,25,25-28,SEA,5,226,9,9
JimMolinaro25WAS2006,Jim Molinaro,2006,ol,25,25-28,WAS,8,89,1,0
TonyMoll25GNB2008,Tony Moll,2008,ol,25,25-28,GNB,7,73,14,5
MattMorgan25STL2005,Matt Morgan,2005,ol,25,25-28,STL,Undrafted,Undrafted,1,0
ChrisMorris25OAK2008,Chris Morris,2008,ol,25,25-28,OAK,9,124,16,1
MitchMorse25KAN2017,Mitch Morse,2017,ol,25,25-28,KAN,4,198,7,7
BrandonMosley25NYG2013,Brandon Mosley,2013,ol,25,25-28,NYG,6,37,13,1
GeneMruczkowski25NWE2005,Gene Mruczkowski,2005,ol,25,25-28,NWE,Undrafted,Undrafted,7,0
ScottMruczkowski25SDG2007,Scott Mruczkowski,2007,ol,25,25-28,SDG,9,154,15,0
DanielMunyer25ARI2017,Daniel Munyer,2017,ol,25,25-28,ARI,Undrafted,Undrafted,1,0
RobMurphy25IND2002,Rob Murphy,2002,ol,25,25-28,IND,Undrafted,Undrafted,10,0
JustinMurray25OAK2018,Justin Murray,2018,ol,25,25-28,OAK,Undrafted,Undrafted,2,0
LydonMurtha25MIA2010,Lydon Murtha,2010,ol,25,25-28,MIA,9,139,8,4
ChrisMyers25DEN2006,Chris Myers,2006,ol,25,25-28,DEN,8,110,16,0
AaronNeary25LAR2017,Aaron Neary,2017,ol,25,25-28,LAR,Undrafted,Undrafted,1,1
MarshallNewhouse25GNB2013,Marshall Newhouse,2013,ol,25,25-28,GNB,7,76,15,2
JimNewton25IND2003,Jim Newton,2003,ol,25,25-28,IND,Undrafted,Undrafted,3,0
RudyNiswanger25KAN2007,Rudy Niswanger,2007,ol,25,25-28,KAN,Undrafted,Undrafted,12,0
MathiasNkwenti25PIT2003,Mathias Nkwenti,2003,ol,25,25-28,PIT,6,15,1,0
DennisNorman25JAX2005,Dennis Norman,2005,ol,25,25-28,JAX,9,133,16,4
DrewNowak25SEA2015,Drew Nowak,2015,ol,25,25-28,SEA,Undrafted,Undrafted,8,7
ReesOdhiambo25SEA2017,Rees Odhiambo,2017,ol,25,25-28,SEA,5,250,7,7
QuinnOjinnaka25ATL2009,Quinn Ojinnaka,2009,ol,25,25-28,ATL,7,45,9,5
ChukkyOkobi25PIT2003,Chukky Okobi,2003,ol,25,25-28,PIT,7,52,16,0
PhilOstrowski25SFO2000,Phil Ostrowski,2000,ol,25,25-28,SFO,7,58,13,0
JeffOtah25CAR2011,Jeff Otah,2011,ol,25,25-28,CAR,1,99,4,4
MichaelOtto25TEN2008,Michael Otto,2008,ol,25,25-28,TEN,9,134,1,0
KevinPamphile25TAM2015,Kevin Pamphile,2015,ol,25,25-28,TAM,7,55,16,2
MattParadis25DEN2014,Matt Paradis,2014,ol,25,25-28,DEN,8,117,0,NA
JermeyParnell25DAL2011,Jermey Parnell,2011,ol,25,25-28,DAL,Undrafted,Undrafted,6,0
AlexParsons25OAK2012,Alex Parsons,2012,ol,25,25-28,OAK,Undrafted,Undrafted,16,1
TonyPashos25BAL2005,Tony Pashos,2005,ol,25,25-28,BAL,7,81,16,7
AustinPasztor25CLE2015,Austin Pasztor,2015,ol,25,25-28,CLE,Undrafted,Undrafted,16,4
ChrisPatrick25SFO2009,Chris Patrick,2009,ol,25,25-28,SFO,Undrafted,Undrafted,3,0
LucasPatrick25GNB2018,Lucas Patrick,2018,ol,25,25-28,GNB,Undrafted,Undrafted,6,0
DavePearson25DET2006,Dave Pearson,2006,ol,25,25-28,DET,Undrafted,Undrafted,2,0
MikePearson25JAX2005,Mike Pearson,2005,ol,25,25-28,JAX,4,189,4,2
AndrusPeat25NOR2018,Andrus Peat,2018,ol,25,25-28,NOR,1,35,4,4
JaredPeck25ATL2004,Jared Peck,2004,ol,25,25-28,ATL,Undrafted,Undrafted,1,0
TupePeko25IND2003,Tupe Peko,2003,ol,25,25-28,IND,9,127,16,1
MichaelPerson25SEA2013,Michael Person,2013,ol,25,25-28,SEA,9,150,1,0
ScottPeters25NYG2003,Scott Peters,2003,ol,25,25-28,NYG,6,29,7,4
RobPetitti25STL2007,Rob Petitti,2007,ol,25,25-28,STL,8,119,5,1
MitchPetrus253TM2012,Mitch Petrus,2012,ol,25,25-28,3TM,7,53,10,1
ZachPiller25TEN2001,Zach Piller,2001,ol,25,25-28,TEN,5,233,14,9
JasonPinkston25CLE2012,Jason Pinkston,2012,ol,25,25-28,CLE,7,57,6,6
TylerPolumbus25SEA2010,Tyler Polumbus,2010,ol,25,25-28,SEA,Undrafted,Undrafted,15,7
MaricoPortis25TEN2004,Marico Portis,2004,ol,25,25-28,TEN,Undrafted,Undrafted,1,0
NatePotter25ARI2013,Nate Potter,2013,ol,25,25-28,ARI,9,132,13,0
DukePreston25BUF2007,Duke Preston,2007,ol,25,25-28,BUF,6,27,13,0
CoryProcter25DAL2007,Cory Procter,2007,ol,25,25-28,DAL,Undrafted,Undrafted,16,2
MikePucillo25BUF2004,Mike Pucillo,2004,ol,25,25-28,BUF,9,125,2,0
JarrodPughsley25KAN2015,Jarrod Pughsley,2015,ol,25,25-28,KAN,Undrafted,Undrafted,2,0
SpencerPulley25NYG2018,Spencer Pulley,2018,ol,25,25-28,NYG,Undrafted,Undrafted,6,2
BrentQvale25NYJ2016,Brent Qvale,2016,ol,25,25-28,NYJ,Undrafted,Undrafted,12,5
CaseyRabach25BAL2002,Casey Rabach,2002,ol,25,25-28,BAL,5,245,12,5
ChiloRachal25SFO2011,Chilo Rachal,2011,ol,25,25-28,SFO,4,187,16,3
ManuelRamirez25DET2008,Manuel Ramirez,2008,ol,25,25-28,DET,6,21,4,3
AdamRedmond25DAL2018,Adam Redmond,2018,ol,25,25-28,DAL,Undrafted,Undrafted,2,0
ChrisReed25JAX2017,Chris Reed,2017,ol,25,25-28,JAX,Undrafted,Undrafted,6,3
JahReid25BAL2013,Jah Reid,2013,ol,25,25-28,BAL,5,237,10,0
AustinReiter25CLE2016,Austin Reiter,2016,ol,25,25-28,CLE,9,133,1,1
MikeRemmers252TM2014,Mike Remmers,2014,ol,25,25-28,2TM,Undrafted,Undrafted,5,5
GarrettReynolds25ATL2012,Garrett Reynolds,2012,ol,25,25-28,ATL,7,63,7,6
DemetriusRhaney25WAS2017,Demetrius Rhaney,2017,ol,25,25-28,WAS,9,162,1,0
JameyRichard25IND2009,Jamey Richard,2009,ol,25,25-28,IND,9,147,10,0
ChadRinehart25BUF2010,Chad Rinehart,2010,ol,25,25-28,BUF,5,249,4,3
CoreyRobinson25DET2017,Corey Robinson,2017,ol,25,25-28,DET,9,152,8,5
GregRobinson25DET2017,Greg Robinson,2017,ol,25,25-28,DET,1,108,6,6
WilliamRobinson25WAS2009,William Robinson,2009,ol,25,25-28,WAS,Undrafted,Undrafted,1,0
DennisRoland25CIN2008,Dennis Roland,2008,ol,25,25-28,CIN,Undrafted,Undrafted,2,1
ChaseRoullier25WAS2018,Chase Roullier,2018,ol,25,25-28,WAS,8,107,7,7
GreyRuegamer25NWE2001,Grey Ruegamer,2001,ol,25,25-28,NWE,5,223,14,1
RodgerSaffold25STL2013,Rodger Saffold,2013,ol,25,25-28,STL,4,181,12,9
TySambrailo25ATL2017,Ty Sambrailo,2017,ol,25,25-28,ATL,4,209,15,2
KevinSampson25KAN2006,Kevin Sampson,2006,ol,25,25-28,KAN,9,143,6,6
RyanSchau25PHI2000,Ryan Schau,2000,ol,25,25-28,PHI,Undrafted,Undrafted,10,0
StephenSchilling25SDG2013,Stephen Schilling,2013,ol,25,25-28,SDG,8,111,7,0
CalebSchlauderaff25NYJ2012,Caleb Schlauderaff,2012,ol,25,25-28,NYJ,8,87,0,NA
RyanSchraeder25ATL2013,Ryan Schraeder,2013,ol,25,25-28,ATL,Undrafted,Undrafted,13,4
WesSchweitzer25ATL2018,Wes Schweitzer,2018,ol,25,25-28,ATL,8,104,7,5
BrianSchwenke25TEN2016,Brian Schwenke,2016,ol,25,25-28,TEN,6,10,16,3
YusufScott25ARI2001,Yusuf Scott,2001,ol,25,25-28,ARI,7,75,5,0
KurtVollers25DAL2004,Kurt Vollers,2004,ol,25,25-28,DAL,Undrafted,Undrafted,13,3
SebastianVollmer25NWE2009,Sebastian Vollmer,2009,ol,25,25-28,NWE,4,208,14,8
LaAdrianWaddle25NWE2016,LaAdrian Waddle,2016,ol,25,25-28,NWE,Undrafted,Undrafted,2,0
JohnWade25JAX2000,John Wade,2000,ol,25,25-28,JAX,7,54,2,2
JoshWalker25HOU2016,Josh Walker,2016,ol,25,25-28,HOU,Undrafted,Undrafted,2,0
LangstonWalker25OAK2004,Langston Walker,2004,ol,25,25-28,OAK,4,203,16,1
CodyWallace25SFO2009,Cody Wallace,2009,ol,25,25-28,SFO,6,10,1,0
TysonWalter25DAL2003,Tyson Walter,2003,ol,25,25-28,DAL,8,87,16,0
J.D.Walton25DEN2012,J.D. Walton,2012,ol,25,25-28,DEN,5,232,4,4
ChanceWarmack25TEN2016,Chance Warmack,2016,ol,25,25-28,TEN,1,3,2,2
JeremiahWarren25NWE2012,Jeremiah Warren,2012,ol,25,25-28,NWE,Undrafted,Undrafted,0,NA
BrandonWashington25STL2013,Brandon Washington,2013,ol,25,25-28,STL,8,110,1,0
TavaresWashington25KAN2008,Tavares Washington,2008,ol,25,25-28,KAN,Undrafted,Undrafted,2,0
ToddWashington25TAM2001,Todd Washington,2001,ol,25,25-28,TAM,6,7,15,1
EarlWatford25ARI2015,Earl Watford,2015,ol,25,25-28,ARI,6,20,7,2
MenelikWatson25OAK2013,Menelik Watson,2013,ol,25,25-28,OAK,4,191,5,3
ChrisWatt25SDG2015,Chris Watt,2015,ol,25,25-28,SDG,5,241,5,3
J'MarcusWebb25MIN2013,J'Marcus Webb,2013,ol,25,25-28,MIN,9,128,8,1
FloydWedderburn25SEA2001,Floyd Wedderburn,2001,ol,25,25-28,SEA,7,47,16,0
DarrionWeems25DAL2013,Darrion Weems,2013,ol,25,25-28,DAL,Undrafted,Undrafted,1,0
ToddWeiner25SEA2000,Todd Weiner,2000,ol,25,25-28,SEA,4,196,16,6
ThomasWelch25BUF2012,Thomas Welch,2012,ol,25,25-28,BUF,9,118,3,0
JoshWells25JAX2016,Josh Wells,2016,ol,25,25-28,JAX,Undrafted,Undrafted,5,0
ReggieWells25ARI2005,Reggie Wells,2005,ol,25,25-28,ARI,8,85,9,9
RyanWendell25NWE2011,Ryan Wendell,2011,ol,25,25-28,NWE,Undrafted,Undrafted,14,3
LeonardWester25TAM2018,Leonard Wester,2018,ol,25,25-28,TAM,Undrafted,Undrafted,7,0
ChristianWesterman25CIN2018,Christian Westerman,2018,ol,25,25-28,CIN,7,69,6,0
JohnWetzel25ARI2016,John Wetzel,2016,ol,25,25-28,ARI,Undrafted,Undrafted,16,8
TravelleWharton25CAR2006,Travelle Wharton,2006,ol,25,25-28,CAR,5,247,1,1
ChrisWhite25HOU2008,Chris White,2008,ol,25,25-28,HOU,Undrafted,Undrafted,8,0
CodyWhite25HOU2013,Cody White,2013,ol,25,25-28,HOU,Undrafted,Undrafted,1,0
TaylorWhitley25DEN2005,Taylor Whitley,2005,ol,25,25-28,DEN,5,239,2,0
JasonWhittle25NYG2000,Jason Whittle,2000,ol,25,25-28,NYG,Undrafted,Undrafted,16,2
BenWilkerson25ATL2007,Ben Wilkerson,2007,ol,25,25-28,ATL,Undrafted,Undrafted,16,0
BobbieWilliams25PHI2001,Bobbie Williams,2001,ol,25,25-28,PHI,4,212,1,1
EdwinWilliams25CHI2011,Edwin Williams,2011,ol,25,25-28,CHI,Undrafted,Undrafted,15,7
KyleWilliams25SEA2009,Kyle Williams,2009,ol,25,25-28,SEA,Undrafted,Undrafted,3,1
MikeWilliams25BUF2005,Mike Williams,2005,ol,25,25-28,BUF,1,188,9,6
RayWillis25SEA2007,Ray Willis,2007,ol,25,25-28,SEA,6,8,5,0
BrandonWiney25WAS2003,Brandon Winey,2003,ol,25,25-28,WAS,8,72,11,3
CoryWithrow25MIN2000,Cory Withrow,2000,ol,25,25-28,MIN,Undrafted,Undrafted,12,0
FloydWomack25SEA2003,Floyd Womack,2003,ol,25,25-28,SEA,6,33,11,4
EricWood25BUF2011,Eric Wood,2011,ol,25,25-28,BUF,1,173,9,9
MansfieldWrotto25SEA2009,Mansfield Wrotto,2009,ol,25,25-28,SEA,6,29,7,1
MarshalYanda25BAL2009,Marshal Yanda,2009,ol,25,25-28,BAL,5,238,16,9
BillyYates25NWE2005,Billy Yates,2005,ol,25,25-28,NWE,Undrafted,Undrafted,4,0
WillYeatman25MIA2013,Will Yeatman,2013,ol,25,25-28,MIA,Undrafted,Undrafted,8,0
SamYoung25BUF2012,Sam Young,2012,ol,25,25-28,BUF,8,87,12,4
ScottYoung25PHI2006,Scott Young,2006,ol,25,25-28,PHI,7,80,12,0
SteveZahursky25JAX2001,Steve Zahursky,2001,ol,25,25-28,JAX,Undrafted,Undrafted,1,0
PaulZukauskas25CLE2004,Paul Zukauskas,2004,ol,25,25-28,CLE,9,113,14,5
OdayAboushi26SEA2017,Oday Aboushi,2017,ol,26,25-28,SEA,7,48,8,8
JeffAdams26HOU2015,Jeff Adams,2015,ol,26,25-28,HOU,Undrafted,Undrafted,2,2
MikeAdams26CHI2016,Mike Adams,2016,ol,26,25-28,CHI,4,206,12,1
AnthonyAlabi26MIA2007,Anthony Alabi,2007,ol,26,25-28,MIA,7,70,10,0
P.J.Alexander26DEN2004,P.J. Alexander,2004,ol,26,25-28,DEN,Undrafted,Undrafted,5,0
AndyAlleman26KAN2009,Andy Alleman,2009,ol,26,25-28,KAN,5,240,9,3
IanAllen26PHI2004,Ian Allen,2004,ol,26,25-28,PHI,Undrafted,Undrafted,4,0
RogerAllen26TAM2012,Roger Allen,2012,ol,26,25-28,TAM,Undrafted,Undrafted,4,0
DavidAndrews26NWE2018,David Andrews,2018,ol,26,25-28,NWE,Undrafted,Undrafted,8,8
ShawnAndrews26PHI2008,Shawn Andrews,2008,ol,26,25-28,PHI,1,67,2,2
RodneyAustin26DET2014,Rodney Austin,2014,ol,26,25-28,DET,Undrafted,Undrafted,0,NA
ThomasAustin26CAR2012,Thomas Austin,2012,ol,26,25-28,CAR,Undrafted,Undrafted,4,1
DavidBaas26SFO2007,David Baas,2007,ol,26,25-28,SFO,4,181,15,8
SamBaker26ATL2011,Sam Baker,2011,ol,26,25-28,ATL,1,120,12,6
StevenBaker26STL2014,Steven Baker,2014,ol,26,25-28,STL,Undrafted,Undrafted,0,NA
AllenBarbre26SEA2010,Allen Barbre,2010,ol,26,25-28,SEA,6,23,3,0
DonBarclay26GNB2015,Don Barclay,2015,ol,26,25-28,GNB,Undrafted,Undrafted,16,5
TimBarnes26STL2014,Tim Barnes,2014,ol,26,25-28,STL,Undrafted,Undrafted,14,0
KevinBarry26GNB2005,Kevin Barry,2005,ol,26,25-28,GNB,Undrafted,Undrafted,16,1
D'AnthonyBatiste26ATL2007,D'Anthony Batiste,2007,ol,26,25-28,ATL,Undrafted,Undrafted,4,4
KelvinBeachum26PIT2015,Kelvin Beachum,2015,ol,26,25-28,PIT,9,159,6,6
JoshBeekman26CHI2009,Josh Beekman,2009,ol,26,25-28,CHI,6,36,11,4
JoeBerger26DAL2008,Joe Berger,2008,ol,26,25-28,DAL,8,117,3,0
TonyBergstrom26OAK2012,Tony Bergstrom,2012,ol,26,25-28,OAK,5,248,9,1
EricBeverly26DET2000,Eric Beverly,2000,ol,26,25-28,DET,Undrafted,Undrafted,16,7
KerlinBlaise26DET2000,Kerlin Blaise,2000,ol,26,25-28,DET,Undrafted,Undrafted,12,0
AustinBlythe26LAR2018,Austin Blythe,2018,ol,26,25-28,LAR,9,159,8,8
OrlandoBobo26BAL2000,Orlando Bobo,2000,ol,26,25-28,BAL,Undrafted,Undrafted,7,0
RussellBodine26BUF2018,Russell Bodine,2018,ol,26,25-28,BUF,6,15,7,6
TaylorBoggs26CHI2013,Taylor Boggs,2013,ol,26,25-28,CHI,Undrafted,Undrafted,1,0
GarettBolles26DEN2018,Garett Bolles,2018,ol,26,25-28,DEN,1,109,8,8
KevinBoothe26NYG2009,Kevin Boothe,2009,ol,26,25-28,NYG,8,84,16,2
LukeBowanko26BAL2017,Luke Bowanko,2017,ol,26,25-28,BAL,8,115,16,1
JamesBrewer26NYG2013,James Brewer,2013,ol,26,25-28,NYG,6,21,16,8
MikeBrisiel26HOU2009,Mike Brisiel,2009,ol,26,25-28,HOU,Undrafted,Undrafted,5,5
WesleyBritt26NWE2007,Wesley Britt,2007,ol,26,25-28,NWE,7,72,4,1
EbenBritton26CHI2013,Eben Britton,2013,ol,26,25-28,CHI,4,187,13,4
ColinBrown26BUF2011,Colin Brown,2011,ol,26,25-28,BUF,7,45,11,1
EltonBrown26ARI2008,Elton Brown,2008,ol,26,25-28,ARI,6,15,16,0
PatrickBrown26MIA2012,Patrick Brown,2012,ol,26,25-28,MIA,Undrafted,Undrafted,0,NA
WilbertBrown26NWE2003,Wilbert Brown,2003,ol,26,25-28,NWE,Undrafted,Undrafted,1,0
DougBrzezinski26PHI2002,Doug Brzezinski,2002,ol,26,25-28,PHI,5,214,16,5
JimBundren26CLE2000,Jim Bundren,2000,ol,26,25-28,CLE,9,121,11,9
BradButler26BUF2009,Brad Butler,2009,ol,26,25-28,BUF,7,49,2,2
RashadButler26HOU2009,Rashad Butler,2009,ol,26,25-28,HOU,5,241,16,0
AntoineCaldwell26HOU2012,Antoine Caldwell,2012,ol,26,25-28,HOU,5,228,11,6
MarcusCannon26NWE2014,Marcus Cannon,2014,ol,26,25-28,NWE,7,44,16,4
GabeCarimi26ATL2014,Gabe Carimi,2014,ol,26,25-28,ATL,1,174,16,7
CooperCarlisle26DEN2003,Cooper Carlisle,2003,ol,26,25-28,DEN,6,16,16,2
KirkChambers26CLE2005,Kirk Chambers,2005,ol,26,25-28,CLE,8,84,15,0
RogerChanoine26CLE2002,Roger Chanoine,2002,ol,26,25-28,CLE,Undrafted,Undrafted,9,2
ChrisClark26DEN2011,Chris Clark,2011,ol,26,25-28,DEN,Undrafted,Undrafted,16,6
BlaineClausell26ARI2018,Blaine Clausell,2018,ol,26,25-28,ARI,Undrafted,Undrafted,2,0
EmmettCleary26DAL2016,Emmett Cleary,2016,ol,26,25-28,DAL,Undrafted,Undrafted,13,1
AnthonyClement26ARI2002,Anthony Clement,2002,ol,26,25-28,ARI,4,184,1,0
T.J.Clemmings26WAS2017,T.J. Clemmings,2017,ol,26,25-28,WAS,6,14,6,2
ChadClifton26GNB2002,Chad Clifton,2002,ol,26,25-28,GNB,4,193,10,9
NickCole26PHI2010,Nick Cole,2010,ol,26,25-28,PHI,Undrafted,Undrafted,13,7
RichardCollier26JAX2007,Richard Collier,2007,ol,26,25-28,JAX,Undrafted,Undrafted,4,1
AnthonyCollins26CIN2011,Anthony Collins,2011,ol,26,25-28,CIN,6,16,7,2
MarcColombo26CHI2004,Marc Colombo,2004,ol,26,25-28,CHI,1,174,8,2
TomCompton26WAS2015,Tom Compton,2015,ol,26,25-28,WAS,8,102,13,2
DanConnolly26NWE2008,Dan Connolly,2008,ol,26,25-28,NWE,Undrafted,Undrafted,1,0
RyanCook26MIN2009,Ryan Cook,2009,ol,26,25-28,MIN,4,201,16,0
JonathanCooper26CLE2016,Jonathan Cooper,2016,ol,26,25-28,CLE,1,220,5,3
JimCordle26NYG2013,Jim Cordle,2013,ol,26,25-28,NYG,Undrafted,Undrafted,11,7
PhilCosta26DAL2013,Phil Costa,2013,ol,26,25-28,DAL,Undrafted,Undrafted,3,0
EdawnCoughman26WAS2014,Edawn Coughman,2014,ol,26,25-28,WAS,Undrafted,Undrafted,0,NA
OnielCousins26BAL2010,Oniel Cousins,2010,ol,26,25-28,BAL,5,252,16,1
DeMarcusCurry26TAM2001,DeMarcus Curry,2001,ol,26,25-28,TAM,Undrafted,Undrafted,3,0
HarveyDahl26ATL2007,Harvey Dahl,2007,ol,26,25-28,ATL,Undrafted,Undrafted,1,0
StanleyDaniels26DEN2010,Stanley Daniels,2010,ol,26,25-28,DEN,Undrafted,Undrafted,7,4
ChrisDavis26SFO2016,Chris Davis,2016,ol,26,25-28,SFO,Undrafted,Undrafted,4,1
JordanDevey26NWE2014,Jordan Devey,2014,ol,26,25-28,NWE,Undrafted,Undrafted,7,4
EvanDietrich-Smith26GNB2012,Evan Dietrich-Smith,2012,ol,26,25-28,GNB,Undrafted,Undrafted,16,6
GennaroDiNapoli26TEN2001,Gennaro DiNapoli,2001,ol,26,25-28,TEN,6,12,5,2
MarcusDixon26NYJ2010,Marcus Dixon,2010,ol,26,25-28,NYJ,Undrafted,Undrafted,3,1
BrandynDombrowski26SDG2011,Brandyn Dombrowski,2011,ol,26,25-28,SDG,Undrafted,Undrafted,15,2
DemarDotson26TAM2011,Demar Dotson,2011,ol,26,25-28,TAM,Undrafted,Undrafted,13,2
DakotaDozier26NYJ2017,Dakota Dozier,2017,ol,26,25-28,NYJ,6,43,14,3
VladDucasse26NYJ2013,Vlad Ducasse,2013,ol,26,25-28,NYJ,4,212,16,4
KingDunlap26PHI2011,King Dunlap,2011,ol,26,25-28,PHI,9,142,12,2
SteveEdwards26CHI2005,Steve Edwards,2005,ol,26,25-28,CHI,Undrafted,Undrafted,6,0
EdEllis26SDG2001,Ed Ellis,2001,ol,26,25-28,SDG,6,30,16,2
KenrickEllis26NYJ2013,Kenrick Ellis,2013,ol,26,25-28,NYJ,5,247,16,1
DerekEngler26NYG2000,Derek Engler,2000,ol,26,25-28,NYG,Undrafted,Undrafted,8,0
CameronErving26KAN2018,Cameron Erving,2018,ol,26,25-28,KAN,1,99,8,8
TraiEssex26PIT2008,Trai Essex,2008,ol,26,25-28,PIT,5,246,7,0
GeorgeFant26SEA2018,George Fant,2018,ol,26,25-28,SEA,Undrafted,Undrafted,7,1
DanielFederkeil26IND2009,Daniel Federkeil,2009,ol,26,25-28,IND,Undrafted,Undrafted,6,0
MattFeiler26PIT2018,Matt Feiler,2018,ol,26,25-28,PIT,Undrafted,Undrafted,3,2
JonFeliciano26OAK2018,Jon Feliciano,2018,ol,26,25-28,OAK,6,33,8,3
JamesFerentz26DEN2015,James Ferentz,2015,ol,26,25-28,DEN,Undrafted,Undrafted,13,0
B.J.Finney26PIT2017,B.J. Finney,2017,ol,26,25-28,PIT,Undrafted,Undrafted,14,4
CameronFleming26DAL2018,Cameron Fleming,2018,ol,26,25-28,DAL,6,47,6,0
D.J.Fluker26NYG2017,D.J. Fluker,2017,ol,26,25-28,NYG,1,13,9,6
RenardoFoster26STL2010,Renardo Foster,2010,ol,26,25-28,STL,Undrafted,Undrafted,10,1
MelvinFowler26MIN2005,Melvin Fowler,2005,ol,26,25-28,MIN,5,227,11,9
JasonFox26MIA2014,Jason Fox,2014,ol,26,25-28,MIA,6,33,9,2
BenFricke26DAL2001,Ben Fricke,2001,ol,26,25-28,DAL,9,123,7,0
LennieFriedman26DEN2002,Lennie Friedman,2002,ol,26,25-28,DEN,4,212,2,0
BrandonFrye26SEA2009,Brandon Frye,2009,ol,26,25-28,SEA,7,71,4,3
JohnFullington26NOR2017,John Fullington,2017,ol,26,25-28,NOR,Undrafted,Undrafted,1,0
BrandonFusco26MIN2014,Brandon Fusco,2014,ol,26,25-28,MIN,8,80,3,3
JaredGaither26SDG2012,Jared Gaither,2012,ol,26,25-28,SDG,7,1,5,4
AndrewGardner26HOU2012,Andrew Gardner,2012,ol,26,25-28,HOU,8,90,3,0
BenGarland26DEN2014,Ben Garland,2014,ol,26,25-28,DEN,Undrafted,Undrafted,8,0
NateGarner26MIA2011,Nate Garner,2011,ol,26,25-28,MIA,9,122,16,1
RobertoGarza26CHI2005,Roberto Garza,2005,ol,26,25-28,CHI,6,252,16,7
JustinGeisinger26WAS2008,Justin Geisinger,2008,ol,26,25-28,WAS,8,106,4,0
GarthGerhart26GNB2014,Garth Gerhart,2014,ol,26,25-28,GNB,Undrafted,Undrafted,2,0
AdamGettis262TM2014,Adam Gettis,2014,ol,26,25-28,2TM,7,48,0,NA
BrenoGiacomini26SEA2011,Breno Giacomini,2011,ol,26,25-28,SEA,7,57,15,8
MikeGibson26SEA2011,Mike Gibson,2011,ol,26,25-28,SEA,8,93,3,0
GrahamGlasgow26DET2018,Graham Glasgow,2018,ol,26,25-28,DET,5,248,7,7
MarkGlowinski26IND2018,Mark Glowinski,2018,ol,26,25-28,IND,6,40,5,3
AdamGoldberg26STL2006,Adam Goldberg,2006,ol,26,25-28,STL,Undrafted,Undrafted,15,2
JoaquinGonzalez26IND2005,Joaquin Gonzalez,2005,ol,26,25-28,IND,9,138,5,0
DenzelleGood26IND2017,Denzelle Good,2017,ol,26,25-28,IND,9,166,6,5
JonathanGoodwin26NYJ2004,Jonathan Goodwin,2004,ol,26,25-28,NYJ,7,61,15,3
GinoGradkowski26BAL2014,Gino Gradkowski,2014,ol,26,25-28,BAL,6,251,8,0
HronissGrasu26CHI2017,Hroniss Grasu,2017,ol,26,25-28,CHI,5,222,6,4
JohnGreco26CLE2011,John Greco,2011,ol,26,25-28,CLE,5,215,15,0
CornellGreen26TAM2002,Cornell Green,2002,ol,26,25-28,TAM,Undrafted,Undrafted,16,3
RyanGroy26BUF2016,Ryan Groy,2016,ol,26,25-28,BUF,Undrafted,Undrafted,16,7
JonHalapio26NYG2017,Jon Halapio,2017,ol,26,25-28,NYG,8,87,10,6
DavidHale26BAL2009,David Hale,2009,ol,26,25-28,BAL,6,39,12,0
GeoffHangartner26CAR2008,Geoff Hangartner,2008,ol,26,25-28,CAR,7,76,16,8
DerekHardman26TAM2012,Derek Hardman,2012,ol,26,25-28,TAM,Undrafted,Undrafted,3,0
BryceHarris26ATL2015,Bryce Harris,2015,ol,26,25-28,ATL,Undrafted,Undrafted,2,0
MikeHarris26MIN2014,Mike Harris,2014,ol,26,25-28,MIN,Undrafted,Undrafted,12,5
JonotthanHarrison26NYJ2017,Jonotthan Harrison,2017,ol,26,25-28,NYJ,Undrafted,Undrafted,8,1
KevinHaslam26SDG2012,Kevin Haslam,2012,ol,26,25-28,SDG,Undrafted,Undrafted,5,3
RobHavenstein26LAR2018,Rob Havenstein,2018,ol,26,25-28,LAR,4,207,8,8
JoeHawley26ATL2014,Joe Hawley,2014,ol,26,25-28,ATL,6,21,4,4
MarioHenderson26OAK2010,Mario Henderson,2010,ol,26,25-28,OAK,5,244,16,7
SeantrelHenderson26HOU2018,Seantrel Henderson,2018,ol,26,25-28,HOU,9,148,1,1
SteveHerndon26DEN2003,Steve Herndon,2003,ol,26,25-28,DEN,Undrafted,Undrafted,2,0
AnthonyHerrera26MIN2006,Anthony Herrera,2006,ol,26,25-28,MIN,Undrafted,Undrafted,2,0
StephonHeyer26WAS2010,Stephon Heyer,2010,ol,26,25-28,WAS,Undrafted,Undrafted,12,5
RobertHicks26BUF2000,Robert Hicks,2000,ol,26,25-28,BUF,5,218,14,7
RashodHill26MIN2018,Rashod Hill,2018,ol,26,25-28,MIN,Undrafted,Undrafted,8,8
CoreyHilliard26DET2011,Corey Hilliard,2011,ol,26,25-28,DET,8,119,16,1
TonyHills26PIT2010,Tony Hills,2010,ol,26,25-28,PIT,6,36,4,0
RussHochstein26NWE2003,Russ Hochstein,2003,ol,26,25-28,NWE,7,58,14,1
DrewHodgdon26HOU2007,Drew Hodgdon,2007,ol,26,25-28,HOU,7,58,2,0
MontraeHolland26NOR2006,Montrae Holland,2006,ol,26,25-28,NOR,6,6,8,0
TreyHopkins26CIN2018,Trey Hopkins,2018,ol,26,25-28,CIN,Undrafted,Undrafted,8,6
TyroneHopson26DET2002,Tyrone Hopson,2002,ol,26,25-28,DET,7,69,8,0
ChrisHubbard26PIT2017,Chris Hubbard,2017,ol,26,25-28,PIT,Undrafted,Undrafted,16,10
KevinHughes26CAR2014,Kevin Hughes,2014,ol,26,25-28,CAR,Undrafted,Undrafted,0,NA
CoreyHulsey26OAK2003,Corey Hulsey,2003,ol,26,25-28,OAK,Undrafted,Undrafted,4,0
TonyHutson26WAS2000,Tony Hutson,2000,ol,26,25-28,WAS,Undrafted,Undrafted,3,0
GabeIkard26BUF2016,Gabe Ikard,2016,ol,26,25-28,BUF,Undrafted,Undrafted,2,0
Ja'WuanJames26MIA2018,Ja'Wuan James,2018,ol,26,25-28,MIA,1,99,8,8
MaxJean-Gilles26PHI2009,Max Jean-Gilles,2009,ol,26,25-28,PHI,6,252,13,5
LemuelJeanpierre26SEA2013,Lemuel Jeanpierre,2013,ol,26,25-28,SEA,Undrafted,Undrafted,16,3
GregJerman26BUF2005,Greg Jerman,2005,ol,26,25-28,BUF,Undrafted,Undrafted,9,3
LaneJohnson26PHI2016,Lane Johnson,2016,ol,26,25-28,PHI,1,188,6,6
MarcusJohnson26MIN2007,Marcus Johnson,2007,ol,26,25-28,MIN,4,198,16,0
T.J.Johnson26CIN2016,T.J. Johnson,2016,ol,26,25-28,CIN,9,163,16,1
AdrianJones26NYJ2007,Adrian Jones,2007,ol,26,25-28,NYJ,6,38,7,0
K.C.Jones26DEN2000,K.C. Jones,2000,ol,26,25-28,DEN,Undrafted,Undrafted,16,0
MarcelJones26BAL2014,Marcel Jones,2014,ol,26,25-28,BAL,9,146,0,NA
WillieJones26KAN2001,Willie Jones,2001,ol,26,25-28,KAN,Undrafted,Undrafted,12,0
LeanderJordan26JAX2003,Leander Jordan,2003,ol,26,25-28,JAX,5,234,6,0
DaveKadela26CAR2004,Dave Kadela,2004,ol,26,25-28,CAR,Undrafted,Undrafted,1,0
BrandonKeith26ARI2010,Brandon Keith,2010,ol,26,25-28,ARI,9,136,9,9
SenioKelemete26NOR2016,Senio Kelemete,2016,ol,26,25-28,NOR,7,58,15,9
DennisKelly26TEN2016,Dennis Kelly,2016,ol,26,25-28,TEN,7,60,16,6
LewisKelly26MIN2003,Lewis Kelly,2003,ol,26,25-28,MIN,9,159,6,0
ZacKerin26DET2017,Zac Kerin,2017,ol,26,25-28,DET,Undrafted,Undrafted,1,1
DanielKilgore26SFO2013,Daniel Kilgore,2013,ol,26,25-28,SFO,7,71,16,0
AdrianKlemm26NWE2003,Adrian Klemm,2003,ol,26,25-28,NWE,4,195,3,3
AdamKoets26NYG2010,Adam Koets,2010,ol,26,25-28,NYG,8,98,8,4
ScottKooistra26CIN2006,Scott Kooistra,2006,ol,26,25-28,CIN,9,125,15,0
DanKoppen26NWE2005,Dan Koppen,2005,ol,26,25-28,NWE,7,72,9,9
MichaelKracalik26BAL2008,Michael Kracalik,2008,ol,26,25-28,BAL,Undrafted,Undrafted,1,0
TroyKropog262TM2012,Troy Kropog,2012,ol,26,25-28,2TM,6,41,1,0
EricKush26STL2015,Eric Kush,2015,ol,26,25-28,STL,8,78,7,0
KendallLamm26HOU2018,Kendall Lamm,2018,ol,26,25-28,HOU,Undrafted,Undrafted,7,5
TedLarsen26TAM2013,Ted Larsen,2013,ol,26,25-28,TAM,8,115,16,4
TylerLarsen26CAR2017,Tyler Larsen,2017,ol,26,25-28,CAR,Undrafted,Undrafted,14,10
RonaldLeary26DAL2015,Ronald Leary,2015,ol,26,25-28,DAL,Undrafted,Undrafted,4,4
NickLeckey26STL2008,Nick Leckey,2008,ol,26,25-28,STL,8,74,10,10
JamesLee26TAM2011,James Lee,2011,ol,26,25-28,TAM,Undrafted,Undrafted,3,1
DougLegursky26PIT2012,Doug Legursky,2012,ol,26,25-28,PIT,Undrafted,Undrafted,16,3
CoryLekkerkerker26MIA2007,Cory Lekkerkerker,2007,ol,26,25-28,MIA,Undrafted,Undrafted,11,2
MarkLeVoir26NWE2008,Mark LeVoir,2008,ol,26,25-28,NWE,Undrafted,Undrafted,16,2
AlexLewis26BAL2018,Alex Lewis,2018,ol,26,25-28,BAL,6,36,6,6
KoryLichtensteiger26WAS2011,Kory Lichtensteiger,2011,ol,26,25-28,WAS,6,11,5,5
BrandonLinder26JAX2018,Brandon Linder,2018,ol,26,25-28,JAX,5,246,8,8
JeffLinkenbach26IND2013,Jeff Linkenbach,2013,ol,26,25-28,IND,Undrafted,Undrafted,12,5
NateLivings26CIN2008,Nate Livings,2008,ol,26,25-28,CIN,Undrafted,Undrafted,6,6
KevinLong26TEN2001,Kevin Long,2001,ol,26,25-28,TEN,9,140,15,5
JoeLooney26DAL2016,Joe Looney,2016,ol,26,25-28,DAL,6,21,16,3
DanielLoper26TEN2008,Daniel Loper,2008,ol,26,25-28,TEN,7,57,16,0
CorneliusLucas26LAR2017,Cornelius Lucas,2017,ol,26,25-28,LAR,Undrafted,Undrafted,1,1
ShawnLynch26ARI2005,Shawn Lynch,2005,ol,26,25-28,ARI,Undrafted,Undrafted,2,1
GregMancz26HOU2018,Greg Mancz,2018,ol,26,25-28,HOU,Undrafted,Undrafted,8,3
PatrickMannelly26CHI2001,Patrick Mannelly,2001,ol,26,25-28,CHI,8,98,15,0
TylerMarz26TEN2018,Tyler Marz,2018,ol,26,25-28,TEN,Undrafted,Undrafted,4,1
EvanMathis26CAR2007,Evan Mathis,2007,ol,26,25-28,CAR,5,230,1,0
JakeMatthews26ATL2018,Jake Matthews,2018,ol,26,25-28,ATL,1,210,7,7
BryanMattison26BAL2010,Bryan Mattison,2010,ol,26,25-28,BAL,Undrafted,Undrafted,2,0
BriceMcCain26HOU2012,Brice McCain,2012,ol,26,25-28,HOU,8,97,12,2
MattMcCants26OAK2015,Matt McCants,2015,ol,26,25-28,OAK,8,111,2,0
JacquesMcClendon26JAX2013,Jacques McClendon,2013,ol,26,25-28,JAX,6,34,5,2
JustinMcCray26GNB2018,Justin McCray,2018,ol,26,25-28,GNB,Undrafted,Undrafted,4,3
ConorMcDermott26BUF2018,Conor McDermott,2018,ol,26,25-28,BUF,8,122,1,0
AndrewMcDonald263TM2014,Andrew McDonald,2014,ol,26,25-28,3TM,Undrafted,Undrafted,2,0
MikeMcGlynn26CIN2011,Mike McGlynn,2011,ol,26,25-28,CIN,6,12,7,4
JeremyMcKinney26DAL2002,Jeremy McKinney,2002,ol,26,25-28,DAL,Undrafted,Undrafted,3,2
PatMcQuistan26DAL2009,Pat McQuistan,2009,ol,26,25-28,DAL,9,122,7,0
PaulMcQuistan26OAK2009,Paul McQuistan,2009,ol,26,25-28,OAK,5,219,3,0
NateMenkin26BAL2014,Nate Menkin,2014,ol,26,25-28,BAL,Undrafted,Undrafted,0,NA
TerrenceMetcalf26CHI2004,Terrence Metcalf,2004,ol,26,25-28,CHI,5,246,13,5
JackMewhort26IND2017,Jack Mewhort,2017,ol,26,25-28,IND,4,209,5,5
BrianMihalik26NYG2018,Brian Mihalik,2018,ol,26,25-28,NYG,9,148,1,0
QasimMitchell26CHI2005,Qasim Mitchell,2005,ol,26,25-28,CHI,Undrafted,Undrafted,3,0
JohnMoffitt26SEA2012,John Moffitt,2012,ol,26,25-28,SEA,5,226,8,6
DavidMolk26PHI2014,David Molk,2014,ol,26,25-28,PHI,9,137,7,4
TonyMoll26BAL2009,Tony Moll,2009,ol,26,25-28,BAL,7,73,5,0
WillMontgomery26WAS2009,Will Montgomery,2009,ol,26,25-28,WAS,9,146,16,3
ChrisMorris26OAK2009,Chris Morris,2009,ol,26,25-28,OAK,9,124,16,10
MitchMorse26KAN2018,Mitch Morse,2018,ol,26,25-28,KAN,4,198,6,6
TonyUgoh26IND2009,Tony Ugoh,2009,ol,26,25-28,IND,4,191,11,4
SteveVallos26SEA2009,Steve Vallos,2009,ol,26,25-28,SEA,9,144,16,3
JulianVandervelde26PHI2013,Julian Vandervelde,2013,ol,26,25-28,PHI,7,69,14,0
FernandoVelasco26TEN2011,Fernando Velasco,2011,ol,26,25-28,TEN,Undrafted,Undrafted,16,0
JaredVeldheer26OAK2013,Jared Veldheer,2013,ol,26,25-28,OAK,5,219,5,5
KurtVollers26IND2005,Kurt Vollers,2005,ol,26,25-28,IND,Undrafted,Undrafted,2,0
JeremyVujnovich26IND2016,Jeremy Vujnovich,2016,ol,26,25-28,IND,Undrafted,Undrafted,2,0
LaAdrianWaddle26NWE2017,LaAdrian Waddle,2017,ol,26,25-28,NWE,Undrafted,Undrafted,12,4
JohnWade26JAX2001,John Wade,2001,ol,26,25-28,JAX,7,54,15,0
LangstonWalker26OAK2005,Langston Walker,2005,ol,26,25-28,OAK,4,203,6,6
TysonWalter26DAL2004,Tyson Walter,2004,ol,26,25-28,DAL,8,87,13,1
SethWand26HOU2005,Seth Wand,2005,ol,26,25-28,HOU,5,226,13,0
ChanceWarmack26PHI2017,Chance Warmack,2017,ol,26,25-28,PHI,1,3,11,3
ToddWashington26TAM2002,Todd Washington,2002,ol,26,25-28,TAM,6,7,16,2
MenelikWatson26OAK2014,Menelik Watson,2014,ol,26,25-28,OAK,4,191,12,9
FredWeary26HOU2003,Fred Weary,2003,ol,26,25-28,HOU,5,216,14,2
J'MarcusWebb26MIN2014,J'Marcus Webb,2014,ol,26,25-28,MIN,9,128,1,0
FloydWedderburn26SEA2002,Floyd Wedderburn,2002,ol,26,25-28,SEA,7,47,14,10
DarrionWeems26DAL2014,Darrion Weems,2014,ol,26,25-28,DAL,Undrafted,Undrafted,0,NA
ThomasWelch26BUF2013,Thomas Welch,2013,ol,26,25-28,BUF,9,118,16,0
JoshWells26JAX2017,Josh Wells,2017,ol,26,25-28,JAX,Undrafted,Undrafted,15,4
GuyWhimper26NYG2009,Guy Whimper,2009,ol,26,25-28,NYG,6,34,6,0
ChrisWhite26HOU2009,Chris White,2009,ol,26,25-28,HOU,Undrafted,Undrafted,12,8
CodyWhite26HOU2014,Cody White,2014,ol,26,25-28,HOU,Undrafted,Undrafted,0,NA
CodyWhitehair26CHI2018,Cody Whitehair,2018,ol,26,25-28,CHI,4,206,7,7
JasonWhittle26NYG2001,Jason Whittle,2001,ol,26,25-28,NYG,Undrafted,Undrafted,16,2
KennyWiggins26SDG2014,Kenny Wiggins,2014,ol,26,25-28,SDG,Undrafted,Undrafted,1,0
BenWilkerson26ATL2008,Ben Wilkerson,2008,ol,26,25-28,ATL,Undrafted,Undrafted,13,0
BobbieWilliams26PHI2002,Bobbie Williams,2002,ol,26,25-28,PHI,4,212,16,0
ChrisWilliams26CHI2011,Chris Williams,2011,ol,26,25-28,CHI,Undrafted,Undrafted,9,9
DarylWilliams26CAR2018,Daryl Williams,2018,ol,26,25-28,CAR,6,6,1,1
EdwinWilliams26CHI2012,Edwin Williams,2012,ol,26,25-28,CHI,Undrafted,Undrafted,6,2
GarryWilliams26CAR2012,Garry Williams,2012,ol,26,25-28,CAR,Undrafted,Undrafted,16,9
GrantWilliams26NWE2000,Grant Williams,2000,ol,26,25-28,NWE,Undrafted,Undrafted,15,8
SammyWilliams26BAL2000,Sammy Williams,2000,ol,26,25-28,BAL,8,72,1,0
ToddWilliams26TEN2004,Todd Williams,2004,ol,26,25-28,TEN,9,136,6,0
RayWillis26SEA2008,Ray Willis,2008,ol,26,25-28,SEA,6,8,16,10
BrandonWiney26NYG2004,Brandon Winey,2004,ol,26,25-28,NYG,8,72,13,0
JerryWisne26GNB2002,Jerry Wisne,2002,ol,26,25-28,GNB,7,49,2,0
CoryWithrow26MIN2001,Cory Withrow,2001,ol,26,25-28,MIN,Undrafted,Undrafted,16,1
BryanWitzmann26KAN2016,Bryan Witzmann,2016,ol,26,25-28,KAN,Undrafted,Undrafted,11,0
FloydWomack26SEA2004,Floyd Womack,2004,ol,26,25-28,SEA,6,33,15,8
MansfieldWrotto262TM2010,Mansfield Wrotto,2010,ol,26,25-28,2TM,6,29,13,7
BillyYates26NWE2006,Billy Yates,2006,ol,26,25-28,NWE,Undrafted,Undrafted,4,3
RyanYoung26HOU2002,Ryan Young,2002,ol,26,25-28,HOU,9,134,9,8
SamYoung262TM2013,Sam Young,2013,ol,26,25-28,2TM,8,87,15,0
ScottYoung26PHI2007,Scott Young,2007,ol,26,25-28,PHI,7,80,1,0
IanAllen27ARI2005,Ian Allen,2005,ol,27,25-28,ARI,Undrafted,Undrafted,2,0
JasonAndersen27KAN2002,Jason Andersen,2002,ol,27,25-28,KAN,9,122,3,0
BenArchibald27NOR2005,Ben Archibald,2005,ol,27,25-28,NOR,Undrafted,Undrafted,5,0
TerronArmstead27NOR2018,Terron Armstead,2018,ol,27,25-28,NOR,5,226,7,7
TomAshworth27NWE2004,Tom Ashworth,2004,ol,27,25-28,NWE,Undrafted,Undrafted,6,6
MarkAsper27JAX2012,Mark Asper,2012,ol,27,25-28,JAX,8,86,1,0
ThomasAustin27IND2013,Thomas Austin,2013,ol,27,25-28,IND,Undrafted,Undrafted,1,0
DavidBaas27SFO2008,David Baas,2008,ol,27,25-28,SFO,4,181,16,9
BradBadger27OAK2002,Brad Badger,2002,ol,27,25-28,OAK,7,70,7,0
DavidBakhtiari27GNB2018,David Bakhtiari,2018,ol,27,25-28,GNB,6,12,7,7
DanielBaldridge272TM2012,Daniel Baldridge,2012,ol,27,25-28,2TM,Undrafted,Undrafted,1,0
ChrisBanks27ATL2000,Chris Banks,2000,ol,27,25-28,ATL,9,137,8,4
AllenBarbre27SEA2011,Allen Barbre,2011,ol,27,25-28,SEA,6,23,4,0
DonBarclay27GNB2016,Don Barclay,2016,ol,27,25-28,GNB,Undrafted,Undrafted,16,1
KhalifBarnes27OAK2009,Khalif Barnes,2009,ol,27,25-28,OAK,4,202,6,2
BradBedell27GNB2004,Brad Bedell,2004,ol,27,25-28,GNB,8,116,4,0
FrankBeede27SEA2000,Frank Beede,2000,ol,27,25-28,SEA,Undrafted,Undrafted,7,0
DemetressBell27BUF2011,Demetress Bell,2011,ol,27,25-28,BUF,9,129,7,6
JoeBerger27MIA2009,Joe Berger,2009,ol,27,25-28,MIA,8,117,16,6
JoelBitonio27CLE2018,Joel Bitonio,2018,ol,27,25-28,CLE,4,183,8,8
JordanBlack27HOU2007,Jordan Black,2007,ol,27,25-28,HOU,7,60,8,0
KerlinBlaise27DET2001,Kerlin Blaise,2001,ol,27,25-28,DET,Undrafted,Undrafted,6,0
PhilipBlake27DEN2012,Philip Blake,2012,ol,27,25-28,DEN,6,11,0,NA
OrlandoBobo27BAL2001,Orlando Bobo,2001,ol,27,25-28,BAL,Undrafted,Undrafted,12,0
TaylorBoggs27CHI2014,Taylor Boggs,2014,ol,27,25-28,CHI,Undrafted,Undrafted,4,0
KevinBoothe27NYG2010,Kevin Boothe,2010,ol,27,25-28,NYG,8,84,8,5
CameronBradfield272TM2014,Cameron Bradfield,2014,ol,27,25-28,2TM,Undrafted,Undrafted,2,2
DavidBrandt27SDG2004,David Brandt,2004,ol,27,25-28,SDG,Undrafted,Undrafted,3,0
JamesBrewer27NYG2014,James Brewer,2014,ol,27,25-28,NYG,6,21,2,0
MikeBrisiel27HOU2010,Mike Brisiel,2010,ol,27,25-28,HOU,Undrafted,Undrafted,12,9
JustinBritt27SEA2018,Justin Britt,2018,ol,27,25-28,SEA,4,214,7,6
WesleyBritt27NWE2008,Wesley Britt,2008,ol,27,25-28,NWE,7,72,2,0
EbenBritton27CHI2014,Eben Britton,2014,ol,27,25-28,CHI,4,187,10,0
CharlesBrown27NYG2014,Charles Brown,2014,ol,27,25-28,NYG,4,214,2,0
ColinBrown27BUF2012,Colin Brown,2012,ol,27,25-28,BUF,7,45,1,1
DougBrzezinski27CAR2003,Doug Brzezinski,2003,ol,27,25-28,CAR,5,214,1,0
DanBuenning27CHI2008,Dan Buenning,2008,ol,27,25-28,CHI,6,10,10,0
RashadButler27HOU2010,Rashad Butler,2010,ol,27,25-28,HOU,5,241,16,4
JeffByers27CAR2012,Jeff Byers,2012,ol,27,25-28,CAR,Undrafted,Undrafted,14,7
A.J.Cann27JAX2018,A.J. Cann,2018,ol,27,25-28,JAX,5,217,7,7
MarcusCannon27NWE2015,Marcus Cannon,2015,ol,27,25-28,NWE,7,44,12,8
CooperCarlisle27DEN2004,Cooper Carlisle,2004,ol,27,25-28,DEN,6,16,16,4
RyanClady27DEN2013,Ryan Clady,2013,ol,27,25-28,DEN,1,24,2,2
ChrisClark27DEN2012,Chris Clark,2012,ol,27,25-28,DEN,Undrafted,Undrafted,16,0
EmmettCleary27DET2017,Emmett Cleary,2017,ol,27,25-28,DET,Undrafted,Undrafted,7,1
T.J.Clemmings27OAK2018,T.J. Clemmings,2018,ol,27,25-28,OAK,6,14,4,0
AnthonyCollins27CIN2012,Anthony Collins,2012,ol,27,25-28,CIN,6,16,5,0
CalvinCollins27MIN2001,Calvin Collins,2001,ol,27,25-28,MIN,8,89,7,3
MarcColombo272TM2005,Marc Colombo,2005,ol,27,25-28,2TM,1,174,5,0
TomCompton27ATL2016,Tom Compton,2016,ol,27,25-28,ATL,8,102,16,0
BillConaty27BUF2000,Bill Conaty,2000,ol,27,25-28,BUF,Undrafted,Undrafted,16,0
DanConnolly27NWE2009,Dan Connolly,2009,ol,27,25-28,NWE,Undrafted,Undrafted,14,4
RyanCook27MIN2010,Ryan Cook,2010,ol,27,25-28,MIN,4,201,16,7
OnielCousins27CLE2011,Oniel Cousins,2011,ol,27,25-28,CLE,5,252,4,1
AnthonyDavis27SFO2016,Anthony Davis,2016,ol,27,25-28,SFO,1,13,1,0
AnthonyDavis27TAM2007,Anthony Davis,2007,ol,27,25-28,TAM,Undrafted,Undrafted,9,0
JesseDavis27MIA2018,Jesse Davis,2018,ol,27,25-28,MIA,Undrafted,Undrafted,8,8
KyleDeVan27TEN2012,Kyle DeVan,2012,ol,27,25-28,TEN,Undrafted,Undrafted,4,1
JordanDevey27SFO2015,Jordan Devey,2015,ol,27,25-28,SFO,Undrafted,Undrafted,15,9
JamesDexter27CAR2000,James Dexter,2000,ol,27,25-28,CAR,7,43,9,2
JorgeDiaz27DAL2000,Jorge Diaz,2000,ol,27,25-28,DAL,Undrafted,Undrafted,9,0
ChrisDishman27ARI2001,Chris Dishman,2001,ol,27,25-28,ARI,6,9,16,5
MarcusDixon27NYJ2011,Marcus Dixon,2011,ol,27,25-28,NYJ,Undrafted,Undrafted,16,3
VladDucasse27MIN2014,Vlad Ducasse,2014,ol,27,25-28,MIN,4,212,13,6
LaurentDuvernay-Tardif27KAN2018,Laurent Duvernay-Tardif,2018,ol,27,25-28,KAN,8,110,5,5
SteveEdwards27NYG2006,Steve Edwards,2006,ol,27,25-28,NYG,Undrafted,Undrafted,2,0
EdEllis27SDG2002,Ed Ellis,2002,ol,27,25-28,SDG,6,30,15,3
JamesFerentz27DEN2016,James Ferentz,2016,ol,27,25-28,DEN,Undrafted,Undrafted,7,0
B.J.Finney27PIT2018,B.J. Finney,2018,ol,27,25-28,PIT,Undrafted,Undrafted,7,2
EricFisher27KAN2018,Eric Fisher,2018,ol,27,25-28,KAN,1,2,8,8
MikeFlanagan27GNB2000,Mike Flanagan,2000,ol,27,25-28,GNB,5,243,16,2
DerrickFletcher27CAR2002,Derrick Fletcher,2002,ol,27,25-28,CAR,7,61,5,0
D.J.Fluker27SEA2018,D.J. Fluker,2018,ol,27,25-28,SEA,1,13,5,5
SpencerFolau27BAL2000,Spencer Folau,2000,ol,27,25-28,BAL,Undrafted,Undrafted,11,4
ToddFordham27JAX2000,Todd Fordham,2000,ol,27,25-28,JAX,Undrafted,Undrafted,16,8
GeorgeFoster27DET2007,George Foster,2007,ol,27,25-28,DET,1,109,15,9
LennieFriedman27WAS2003,Lennie Friedman,2003,ol,27,25-28,WAS,4,212,16,8
ZachFulton27HOU2018,Zach Fulton,2018,ol,27,25-28,HOU,8,102,6,6
DylanGandy27DET2009,Dylan Gandy,2009,ol,27,25-28,DET,6,34,15,5
MaxGarcia27DEN2018,Max Garcia,2018,ol,27,25-28,DEN,6,39,8,3
AndrewGardner27HOU2013,Andrew Gardner,2013,ol,27,25-28,HOU,8,90,3,0
NateGarner27MIA2012,Nate Garner,2012,ol,27,25-28,MIA,9,122,16,4
AdamGettis27NYG2015,Adam Gettis,2015,ol,27,25-28,NYG,7,48,1,0
AaronGibson27CHI2004,Aaron Gibson,2004,ol,27,25-28,CHI,1,170,4,3
MikeGibson27ARI2012,Mike Gibson,2012,ol,27,25-28,ARI,8,93,0,NA
GarryGilliam27SFO2017,Garry Gilliam,2017,ol,27,25-28,SFO,Undrafted,Undrafted,8,1
AdamGoldberg27STL2007,Adam Goldberg,2007,ol,27,25-28,STL,Undrafted,Undrafted,4,2
DenzelleGood27IND2018,Denzelle Good,2018,ol,27,25-28,IND,9,166,3,2
C.J.Goodwin272TM2017,C.J. Goodwin,2017,ol,27,25-28,2TM,Undrafted,Undrafted,14,0
BrandonGorin27NWE2005,Brandon Gorin,2005,ol,27,25-28,NWE,9,111,11,8
GinoGradkowski27ATL2015,Gino Gradkowski,2015,ol,27,25-28,ATL,6,251,4,1
DeMingoGraham27SDG2000,DeMingo Graham,2000,ol,27,25-28,SDG,Undrafted,Undrafted,14,1
HronissGrasu27BAL2018,Hroniss Grasu,2018,ol,27,25-28,BAL,5,222,2,1
CornellGreen27TAM2003,Cornell Green,2003,ol,27,25-28,TAM,Undrafted,Undrafted,7,5
JakeGrove27OAK2007,Jake Grove,2007,ol,27,25-28,OAK,4,194,7,2
RyanGroy27BUF2017,Ryan Groy,2017,ol,27,25-28,BUF,Undrafted,Undrafted,16,1
AndreGurode27DAL2005,Andre Gurode,2005,ol,27,25-28,DAL,4,185,16,2
BrockGutierrez27CIN2000,Brock Gutierrez,2000,ol,27,25-28,CIN,Undrafted,Undrafted,16,7
AdamHaayer27MIN2004,Adam Haayer,2004,ol,27,25-28,MIN,8,107,4,1
RexHadnot27CLE2009,Rex Hadnot,2009,ol,27,25-28,CLE,8,82,9,6
ChrisHairston27SDG2016,Chris Hairston,2016,ol,27,25-28,SDG,6,27,15,5
JonHalapio27NYG2018,Jon Halapio,2018,ol,27,25-28,NYG,8,87,2,2
RyanHarris27HOU2012,Ryan Harris,2012,ol,27,25-28,HOU,5,221,16,2
JonotthanHarrison27NYJ2018,Jonotthan Harrison,2018,ol,27,25-28,NYJ,Undrafted,Undrafted,7,1
GeorgeHegamin27TAM2000,George Hegamin,2000,ol,27,25-28,TAM,5,6,16,1
RickyHenry27KAN2014,Ricky Henry,2014,ol,27,25-28,KAN,Undrafted,Undrafted,0,NA
JimmyHerndon27CHI2000,Jimmy Herndon,2000,ol,27,25-28,CHI,7,52,10,2
SteveHerndon27ATL2004,Steve Herndon,2004,ol,27,25-28,ATL,Undrafted,Undrafted,15,1
StephonHeyer27OAK2011,Stephon Heyer,2011,ol,27,25-28,OAK,Undrafted,Undrafted,12,2
CoreyHilliard27DET2012,Corey Hilliard,2012,ol,27,25-28,DET,8,119,0,NA
TonyHills27DEN2011,Tony Hills,2011,ol,27,25-28,DEN,6,36,1,0
RussHochstein27NWE2004,Russ Hochstein,2004,ol,27,25-28,NWE,7,58,16,2
ChrisHubbard27CLE2018,Chris Hubbard,2018,ol,27,25-28,CLE,Undrafted,Undrafted,8,8
CoreyHulsey27OAK2004,Corey Hulsey,2004,ol,27,25-28,OAK,Undrafted,Undrafted,3,0
WayneHunter27NYJ2008,Wayne Hunter,2008,ol,27,25-28,NYJ,5,224,14,0
JamesHurst27BAL2018,James Hurst,2018,ol,27,25-28,BAL,Undrafted,Undrafted,6,6
HeathIrwin27MIA2000,Heath Irwin,2000,ol,27,25-28,MIA,6,5,13,0
GabeJackson27OAK2018,Gabe Jackson,2018,ol,27,25-28,OAK,5,233,8,8
MaxJean-Gilles27PHI2010,Max Jean-Gilles,2010,ol,27,25-28,PHI,6,252,13,10
LemuelJeanpierre27SEA2014,Lemuel Jeanpierre,2014,ol,27,25-28,SEA,Undrafted,Undrafted,6,3
RyanJensen27TAM2018,Ryan Jensen,2018,ol,27,25-28,TAM,8,113,7,7
AlJohnson27DAL2006,Al Johnson,2006,ol,27,25-28,DAL,4,186,16,0
MarcusJohnson27MIN2008,Marcus Johnson,2008,ol,27,25-28,MIN,4,198,7,0
T.J.Johnson27CIN2017,T.J. Johnson,2017,ol,27,25-28,CIN,9,163,13,4
WesleyJohnson27MIA2018,Wesley Johnson,2018,ol,27,25-28,MIA,7,81,3,0
AdrianJones27KAN2008,Adrian Jones,2008,ol,27,25-28,KAN,6,38,11,10
BrettJones27MIN2018,Brett Jones,2018,ol,27,25-28,MIN,Undrafted,Undrafted,8,3
LeviJones27CIN2006,Levi Jones,2006,ol,27,25-28,CIN,1,3,6,5
RodJones27STL2001,Rod Jones,2001,ol,27,25-28,STL,9,129,6,1
WillieJones27KAN2002,Willie Jones,2002,ol,27,25-28,KAN,Undrafted,Undrafted,6,0
LeanderJordan27SDG2004,Leander Jordan,2004,ol,27,25-28,SDG,5,234,5,0
WinstonJustice27PHI2011,Winston Justice,2011,ol,27,25-28,PHI,4,187,6,1
NickKaczur27NWE2006,Nick Kaczur,2006,ol,27,25-28,NWE,5,4,11,9
MattKalil27MIN2016,Matt Kalil,2016,ol,27,25-28,MIN,1,188,2,2
RyanKalil27CAR2012,Ryan Kalil,2012,ol,27,25-28,CAR,4,209,5,5
SenioKelemete27NOR2017,Senio Kelemete,2017,ol,27,25-28,NOR,7,58,16,8
DennisKelly27TEN2017,Dennis Kelly,2017,ol,27,25-28,TEN,7,60,16,1
DanielKilgore27SFO2014,Daniel Kilgore,2014,ol,27,25-28,SFO,7,71,7,7
AdrianKlemm27NWE2004,Adrian Klemm,2004,ol,27,25-28,NWE,4,195,2,0
ScottKooistra27CIN2007,Scott Kooistra,2007,ol,27,25-28,CIN,9,125,16,0
EricKush27CHI2016,Eric Kush,2016,ol,27,25-28,CHI,8,78,8,4
TylerLarsen27CAR2018,Tyler Larsen,2018,ol,27,25-28,CAR,Undrafted,Undrafted,7,2
NickLeckey27NOR2009,Nick Leckey,2009,ol,27,25-28,NOR,8,74,8,0
DwayneLedford27SFO2003,Dwayne Ledford,2003,ol,27,25-28,SFO,Undrafted,Undrafted,8,1
BradLekkerkerker27OAK2005,Brad Lekkerkerker,2005,ol,27,25-28,OAK,Undrafted,Undrafted,1,0
TimLelito27NOR2016,Tim Lelito,2016,ol,27,25-28,NOR,Undrafted,Undrafted,16,7
CharlesLeno27CHI2018,Charles Leno,2018,ol,27,25-28,CHI,9,157,7,7
MarkLeVoir27NWE2009,Mark LeVoir,2009,ol,27,25-28,NWE,Undrafted,Undrafted,10,0
TaylorLewan27TEN2018,Taylor Lewan,2018,ol,27,25-28,TEN,1,13,6,6
MattLight27NWE2005,Matt Light,2005,ol,27,25-28,NWE,4,197,3,3
JeffLinkenbach27KAN2014,Jeff Linkenbach,2014,ol,27,25-28,KAN,Undrafted,Undrafted,16,3
CoreyLinsley27GNB2018,Corey Linsley,2018,ol,27,25-28,GNB,7,69,7,7
NateLivings27CIN2009,Nate Livings,2009,ol,27,25-28,CIN,Undrafted,Undrafted,14,9
SpencerLong27WAS2017,Spencer Long,2017,ol,27,25-28,WAS,5,229,7,6
JoeLooney27DAL2017,Joe Looney,2017,ol,27,25-28,DAL,6,21,16,0
DanielLoper27DET2009,Daniel Loper,2009,ol,27,25-28,DET,7,57,8,5
DavidLoverne27STL2003,David Loverne,2003,ol,27,25-28,STL,5,243,1,0
J.P.Machado27NYJ2003,J.P. Machado,2003,ol,27,25-28,NYJ,8,106,16,0
PatrickMannelly27CHI2002,Patrick Mannelly,2002,ol,27,25-28,CHI,8,98,14,0
EvanMathis272TM2008,Evan Mathis,2008,ol,27,25-28,2TM,5,230,8,0
KevinMatthews27CAR2014,Kevin Matthews,2014,ol,27,25-28,CAR,Undrafted,Undrafted,0,NA
BryanMattison272TM2011,Bryan Mattison,2011,ol,27,25-28,2TM,Undrafted,Undrafted,13,4
MattMcCants272TM2016,Matt McCants,2016,ol,27,25-28,2TM,8,111,4,0
MattMcChesney27MIA2008,Matt McChesney,2008,ol,27,25-28,MIA,Undrafted,Undrafted,1,0
JacquesMcClendon27JAX2014,Jacques McClendon,2014,ol,27,25-28,JAX,6,34,13,3
BillyTurner27DEN2018,Billy Turner,2018,ol,27,25-28,DEN,5,217,8,4
RobertTurner27NYJ2011,Robert Turner,2011,ol,27,25-28,NYJ,Undrafted,Undrafted,1,0
SteveVallos27CLE2010,Steve Vallos,2010,ol,27,25-28,CLE,9,144,7,0
GregVan Roten27CAR2017,Greg Van Roten,2017,ol,27,25-28,CAR,Undrafted,Undrafted,10,0
JulianVandervelde27PHI2014,Julian Vandervelde,2014,ol,27,25-28,PHI,7,69,1,0
AlejandroVillanueva27PIT2015,Alejandro Villanueva,2015,ol,27,25-28,PIT,Undrafted,Undrafted,16,10
KeydrickVincent27BAL2005,Keydrick Vincent,2005,ol,27,25-28,BAL,Undrafted,Undrafted,9,9
SebastianVollmer27NWE2011,Sebastian Vollmer,2011,ol,27,25-28,NWE,4,208,6,5
LaAdrianWaddle27NWE2018,LaAdrian Waddle,2018,ol,27,25-28,NWE,Undrafted,Undrafted,8,3
FredWakefield27ARI2005,Fred Wakefield,2005,ol,27,25-28,ARI,Undrafted,Undrafted,15,9
JoshWalker27JAX2018,Josh Walker,2018,ol,27,25-28,JAX,Undrafted,Undrafted,4,3
KenyattaWalker27TAM2006,Kenyatta Walker,2006,ol,27,25-28,TAM,1,46,3,3
SethWand27TEN2006,Seth Wand,2006,ol,27,25-28,TEN,5,226,7,0
LarryWarford27NOR2018,Larry Warford,2018,ol,27,25-28,NOR,5,215,7,7
ChanceWarmack27PHI2018,Chance Warmack,2018,ol,27,25-28,PHI,1,3,3,0
JeremiahWarren27TAM2014,Jeremiah Warren,2014,ol,27,25-28,TAM,Undrafted,Undrafted,0,NA
EarlWatford27ARI2017,Earl Watford,2017,ol,27,25-28,ARI,6,20,10,9
FredWeary27HOU2004,Fred Weary,2004,ol,27,25-28,HOU,5,216,2,1
JoshWells27JAX2018,Josh Wells,2018,ol,27,25-28,JAX,Undrafted,Undrafted,5,3
JohnWetzel27ARI2018,John Wetzel,2018,ol,27,25-28,ARI,Undrafted,Undrafted,8,5
GuyWhimper27JAX2010,Guy Whimper,2010,ol,27,25-28,JAX,6,34,6,1
ChrisWhite27SEA2010,Chris White,2010,ol,27,25-28,SEA,Undrafted,Undrafted,6,0
AndrewWhitworth27CIN2008,Andrew Whitworth,2008,ol,27,25-28,CIN,4,205,10,10
CaseyWiegmann27CHI2000,Casey Wiegmann,2000,ol,27,25-28,CHI,Undrafted,Undrafted,16,10
KennyWiggins27SDG2015,Kenny Wiggins,2015,ol,27,25-28,SDG,Undrafted,Undrafted,15,8
ChrisWilliams272TM2012,Chris Williams,2012,ol,27,25-28,2TM,Undrafted,Undrafted,6,0
GarryWilliams27CAR2013,Garry Williams,2013,ol,27,25-28,CAR,Undrafted,Undrafted,1,1
GrantWilliams27NWE2001,Grant Williams,2001,ol,27,25-28,NWE,Undrafted,Undrafted,14,4
SammyWilliams27BAL2001,Sammy Williams,2001,ol,27,25-28,BAL,8,72,15,7
ToddWilliams27TEN2005,Todd Williams,2005,ol,27,25-28,TEN,9,136,1,0
DonaldWillis27KAN2000,Donald Willis,2000,ol,27,25-28,KAN,Undrafted,Undrafted,16,2
BrianWinters27NYJ2018,Brian Winters,2018,ol,27,25-28,NYJ,5,223,8,8
StefenWisniewski27PHI2016,Stefen Wisniewski,2016,ol,27,25-28,PHI,4,197,16,6
CoryWithrow27MIN2002,Cory Withrow,2002,ol,27,25-28,MIN,Undrafted,Undrafted,16,0
FloydWomack27SEA2005,Floyd Womack,2005,ol,27,25-28,SEA,6,33,11,1
JoeWong27OAK2003,Joe Wong,2003,ol,27,25-28,OAK,9,156,2,0
TonyWragge27SFO2006,Tony Wragge,2006,ol,27,25-28,SFO,Undrafted,Undrafted,14,4
BillyYates27NWE2007,Billy Yates,2007,ol,27,25-28,NWE,Undrafted,Undrafted,7,1
RyanYoung27DAL2003,Ryan Young,2003,ol,27,25-28,DAL,9,134,11,8
SamYoung27JAX2014,Sam Young,2014,ol,27,25-28,JAX,8,87,9,6
ScottYoung27CLE2008,Scott Young,2008,ol,27,25-28,CLE,7,80,1,0
TomAckerman28NOR2000,Tom Ackerman,2000,ol,28,25-28,NOR,7,51,15,0
P.J.Alexander28ATL2006,P.J. Alexander,2006,ol,28,25-28,ATL,Undrafted,Undrafted,4,4
JeffAllen28KAN2018,Jeff Allen,2018,ol,28,25-28,KAN,4,193,2,0
ShawnAndrews28NYG2010,Shawn Andrews,2010,ol,28,25-28,NYG,1,67,13,7
StacyAndrews28PHI2009,Stacy Andrews,2009,ol,28,25-28,PHI,6,28,10,2
MarkAsper28BUF2013,Mark Asper,2013,ol,28,25-28,BUF,8,86,6,0
SamBaker28ATL2013,Sam Baker,2013,ol,28,25-28,ATL,1,120,4,4
DonBarclay28DET2017,Don Barclay,2017,ol,28,25-28,DET,Undrafted,Undrafted,3,1
KhalifBarnes28OAK2010,Khalif Barnes,2010,ol,28,25-28,OAK,4,202,16,3
AlexBarron28DAL2010,Alex Barron,2010,ol,28,25-28,DAL,1,99,11,1
D'AnthonyBatiste28WAS2009,D'Anthony Batiste,2009,ol,28,25-28,WAS,Undrafted,Undrafted,8,0
MontyBeisel28ARI2006,Monty Beisel,2006,ol,28,25-28,ARI,6,10,8,2
ByronBell28DAL2017,Byron Bell,2017,ol,28,25-28,DAL,Undrafted,Undrafted,12,2
DemetressBell28PHI2012,Demetress Bell,2012,ol,28,25-28,PHI,9,129,9,5
MackenzyBernadeau28DAL2014,Mackenzy Bernadeau,2014,ol,28,25-28,DAL,9,162,16,1
EricBeverly28DET2002,Eric Beverly,2002,ol,28,25-28,DET,Undrafted,Undrafted,15,3
KerlinBlaise28DET2002,Kerlin Blaise,2002,ol,28,25-28,DET,Undrafted,Undrafted,2,2
ChrisBober28KAN2004,Chris Bober,2004,ol,28,25-28,KAN,Undrafted,Undrafted,12,2
TaylorBoggs28DET2015,Taylor Boggs,2015,ol,28,25-28,DET,Undrafted,Undrafted,2,0
KevinBoothe28NYG2011,Kevin Boothe,2011,ol,28,25-28,NYG,8,84,16,9
JeremyBridges28CAR2008,Jeremy Bridges,2008,ol,28,25-28,CAR,8,94,14,4
BarrettBrooks28DET2000,Barrett Brooks,2000,ol,28,25-28,DET,4,208,15,4
EthanBrooks28ARI2000,Ethan Brooks,2000,ol,28,25-28,ARI,9,140,14,3
CharlesBrown28DAL2015,Charles Brown,2015,ol,28,25-28,DAL,4,214,15,1
ColinBrown28BUF2013,Colin Brown,2013,ol,28,25-28,BUF,7,45,6,5
MilfordBrown28JAX2008,Milford Brown,2008,ol,28,25-28,JAX,8,2,6,4
DougBrzezinski28CAR2004,Doug Brzezinski,2004,ol,28,25-28,CAR,5,214,8,8
BryanBulaga28GNB2017,Bryan Bulaga,2017,ol,28,25-28,GNB,1,141,5,5
RashadButler28HOU2011,Rashad Butler,2011,ol,28,25-28,HOU,5,241,2,0
JeffByers28CAR2013,Jeff Byers,2013,ol,28,25-28,CAR,Undrafted,Undrafted,8,0
KirkChambers28BUF2007,Kirk Chambers,2007,ol,28,25-28,BUF,8,84,16,1
AnthonyClement28ARI2004,Anthony Clement,2004,ol,28,25-28,ARI,4,184,16,7
AnthonyCollins28CIN2013,Anthony Collins,2013,ol,28,25-28,CIN,6,16,15,7
WillieColon28PIT2011,Willie Colon,2011,ol,28,25-28,PIT,6,37,1,1
TomCompton28CHI2017,Tom Compton,2017,ol,28,25-28,CHI,8,102,11,5
RyanCook28MIA2011,Ryan Cook,2011,ol,28,25-28,MIA,4,201,7,0
NorbertDavidds-Garrido28ARI2000,Norbert Davidds-Garrido,2000,ol,28,25-28,ARI,6,9,9,2
AnthonyDavis28TAM2008,Anthony Davis,2008,ol,28,25-28,TAM,Undrafted,Undrafted,4,0
DavidDeCastro28PIT2018,David DeCastro,2018,ol,28,25-28,PIT,1,151,5,5
RickDeMulling28DET2005,Rick DeMulling,2005,ol,28,25-28,DET,9,131,14,5
JordanDevey28KAN2016,Jordan Devey,2016,ol,28,25-28,KAN,Undrafted,Undrafted,1,1
GennaroDiNapoli28DAL2003,Gennaro DiNapoli,2003,ol,28,25-28,DAL,6,12,7,0
TimDuckworth28CAR2010,Tim Duckworth,2010,ol,28,25-28,CAR,Undrafted,Undrafted,5,0
EdEllis28SDG2003,Ed Ellis,2003,ol,28,25-28,SDG,6,30,2,1
TraiEssex28PIT2010,Trai Essex,2010,ol,28,25-28,PIT,5,246,12,5
DaveFiore28SFO2002,Dave Fiore,2002,ol,28,25-28,SFO,Undrafted,Undrafted,3,3
KynanForney28ATL2006,Kynan Forney,2006,ol,28,25-28,ATL,9,129,7,7
GeorgeFoster28DET2008,George Foster,2008,ol,28,25-28,DET,1,109,4,3
HankFraley28PHI2005,Hank Fraley,2005,ol,28,25-28,PHI,Undrafted,Undrafted,8,8
LennieFriedman28WAS2004,Lennie Friedman,2004,ol,28,25-28,WAS,4,212,5,2
DylanGandy28DET2010,Dylan Gandy,2010,ol,28,25-28,DET,6,34,16,0
AndrewGardner28PHI2014,Andrew Gardner,2014,ol,28,25-28,PHI,8,90,16,8
BenGarland28ATL2016,Ben Garland,2016,ol,28,25-28,ATL,Undrafted,Undrafted,16,0
KelvinGarmon28CLE2004,Kelvin Garmon,2004,ol,28,25-28,CLE,9,155,8,8
NateGarner28MIA2013,Nate Garner,2013,ol,28,25-28,MIA,9,122,16,6
AdamGettis28NYG2016,Adam Gettis,2016,ol,28,25-28,NYG,7,48,3,1
BrenoGiacomini28SEA2013,Breno Giacomini,2013,ol,28,25-28,SEA,7,57,9,9
MikeGibson28ARI2013,Mike Gibson,2013,ol,28,25-28,ARI,8,93,16,0
GarryGilliam28SFO2018,Garry Gilliam,2018,ol,28,25-28,SFO,Undrafted,Undrafted,9,0
CordyGlenn28BUF2017,Cordy Glenn,2017,ol,28,25-28,BUF,4,190,6,5
AdamGoldberg28STL2008,Adam Goldberg,2008,ol,28,25-28,STL,Undrafted,Undrafted,16,6
JonathanGoodwin28NOR2006,Jonathan Goodwin,2006,ol,28,25-28,NOR,7,61,16,0
GinoGradkowski28CAR2016,Gino Gradkowski,2016,ol,28,25-28,CAR,6,251,10,3
AaronGraham28OAK2001,Aaron Graham,2001,ol,28,25-28,OAK,6,16,14,0
RyanGroy28BUF2018,Ryan Groy,2018,ol,28,25-28,BUF,Undrafted,Undrafted,7,2
MikeGruttadauria28ARI2000,Mike Gruttadauria,2000,ol,28,25-28,ARI,Undrafted,Undrafted,8,8
BrockGutierrez28CIN2001,Brock Gutierrez,2001,ol,28,25-28,CIN,Undrafted,Undrafted,15,0
AdamHaayer28ARI2005,Adam Haayer,2005,ol,28,25-28,ARI,8,107,12,4
RexHadnot28ARI2010,Rex Hadnot,2010,ol,28,25-28,ARI,8,82,11,1
ChrisHairston28LAC2017,Chris Hairston,2017,ol,28,25-28,LAC,6,27,2,0
BobHallen28SDG2003,Bob Hallen,2003,ol,28,25-28,SDG,4,203,3,2
NickHardwick28SDG2009,Nick Hardwick,2009,ol,28,25-28,SDG,5,216,3,3
BryceHarris28NOR2017,Bryce Harris,2017,ol,28,25-28,NOR,Undrafted,Undrafted,3,0
LeroyHarris28TEN2012,Leroy Harris,2012,ol,28,25-28,TEN,6,19,8,8
RyanHarris28HOU2013,Ryan Harris,2013,ol,28,25-28,HOU,5,221,16,3
JustinHartwig28CAR2006,Justin Hartwig,2006,ol,28,25-28,CAR,8,96,2,1
JimmyHerndon28CHI2001,Jimmy Herndon,2001,ol,28,25-28,CHI,7,52,16,0
CoreyHilliard28DET2013,Corey Hilliard,2013,ol,28,25-28,DET,8,119,9,7
TonyHills28IND2012,Tony Hills,2012,ol,28,25-28,IND,6,36,6,1
RussHochstein28NWE2005,Russ Hochstein,2005,ol,28,25-28,NWE,7,58,16,7
MontraeHolland28DAL2008,Montrae Holland,2008,ol,28,25-28,DAL,6,6,7,2
TyroneHopson28DET2004,Tyrone Hopson,2004,ol,28,25-28,DET,7,69,11,0
CoreyHulsey28OAK2005,Corey Hulsey,2005,ol,28,25-28,OAK,Undrafted,Undrafted,12,0
WayneHunter28NYJ2009,Wayne Hunter,2009,ol,28,25-28,NYJ,5,224,16,1
BenIjalana28NYJ2017,Ben Ijalana,2017,ol,28,25-28,NYJ,4,198,11,0
HeathIrwin28MIA2001,Heath Irwin,2001,ol,28,25-28,MIA,6,5,16,7
WaverlyJackson28IND2000,Waverly Jackson,2000,ol,28,25-28,IND,Undrafted,Undrafted,16,0
LemuelJeanpierre28SEA2015,Lemuel Jeanpierre,2015,ol,28,25-28,SEA,Undrafted,Undrafted,10,0
JonasJennings28SFO2005,Jonas Jennings,2005,ol,28,25-28,SFO,5,248,3,3
LaneJohnson28PHI2018,Lane Johnson,2018,ol,28,25-28,PHI,1,188,8,8
MarcusJohnson28TAM2009,Marcus Johnson,2009,ol,28,25-28,TAM,4,198,6,0
LeanderJordan28SDG2005,Leander Jordan,2005,ol,28,25-28,SDG,5,234,13,9
SenioKelemete28HOU2018,Senio Kelemete,2018,ol,28,25-28,HOU,7,58,7,7
DennisKelly28TEN2018,Dennis Kelly,2018,ol,28,25-28,TEN,7,60,2,1
LewisKelly28NYG2005,Lewis Kelly,2005,ol,28,25-28,NYG,9,159,1,0
ChrisKemoeatu28PIT2011,Chris Kemoeatu,2011,ol,28,25-28,PIT,8,114,13,8
DanielKilgore28SFO2015,Daniel Kilgore,2015,ol,28,25-28,SFO,7,71,5,3
AdrianKlemm28GNB2005,Adrian Klemm,2005,ol,28,25-28,GNB,4,195,16,8
ScottKooistra28CIN2008,Scott Kooistra,2008,ol,28,25-28,CIN,9,125,10,0
TroyKropog28NYG2014,Troy Kropog,2014,ol,28,25-28,NYG,6,41,0,NA
TedLarsen28ARI2015,Ted Larsen,2015,ol,28,25-28,ARI,8,115,10,10
ShawnLauvao28WAS2015,Shawn Lauvao,2015,ol,28,25-28,WAS,5,245,3,3
DougLegursky28SDG2014,Doug Legursky,2014,ol,28,25-28,SDG,Undrafted,Undrafted,2,2
MattLehr28TAM2007,Matt Lehr,2007,ol,28,25-28,TAM,7,43,16,0
TimLelito28DET2017,Tim Lelito,2017,ol,28,25-28,DET,Undrafted,Undrafted,2,0
JoshLeRibeus28NOR2017,Josh LeRibeus,2017,ol,28,25-28,NOR,5,222,16,0
MarkLeVoir28NWE2010,Mark LeVoir,2010,ol,28,25-28,NWE,Undrafted,Undrafted,6,0
JeffLinkenbach282TM2015,Jeff Linkenbach,2015,ol,28,25-28,2TM,Undrafted,Undrafted,10,0
SeanLocklear28SEA2009,Sean Locklear,2009,ol,28,25-28,SEA,5,236,10,10
KyleLong28CHI2016,Kyle Long,2016,ol,28,25-28,CHI,1,109,8,8
SpencerLong28NYJ2018,Spencer Long,2018,ol,28,25-28,NYJ,5,229,7,7
JoeLooney28DAL2018,Joe Looney,2018,ol,28,25-28,DAL,6,21,7,7
DanielLoper28OAK2010,Daniel Loper,2010,ol,28,25-28,OAK,7,57,10,4
DeuceLutui28ARI2011,Deuce Lutui,2011,ol,28,25-28,ARI,4,190,15,0
BenLynch28SFO2000,Ben Lynch,2000,ol,28,25-28,SFO,9,122,9,0
SeanMahan28TAM2008,Sean Mahan,2008,ol,28,25-28,TAM,7,75,15,0
LoganMankins28NWE2010,Logan Mankins,2010,ol,28,25-28,NWE,1,180,9,9
PatrickMannelly28CHI2003,Patrick Mannelly,2003,ol,28,25-28,CHI,8,98,16,0
VinceManuwai28JAX2008,Vince Manuwai,2008,ol,28,25-28,JAX,5,223,1,1
ZackMartin28DAL2018,Zack Martin,2018,ol,28,25-28,DAL,1,67,7,7
EvanMathis28CIN2009,Evan Mathis,2009,ol,28,25-28,CIN,5,230,13,7
BryanMattison28KAN2012,Bryan Mattison,2012,ol,28,25-28,KAN,Undrafted,Undrafted,4,0
JacquesMcClendon28MIA2015,Jacques McClendon,2015,ol,28,25-28,MIA,6,34,3,0
StockarMcDougle28MIA2005,Stockar McDougle,2005,ol,28,25-28,MIA,1,109,9,2
SethMcKinney28CLE2007,Seth McKinney,2007,ol,28,25-28,CLE,5,243,8,8
MarcusMcNeill28SDG2011,Marcus McNeill,2011,ol,28,25-28,SDG,4,200,9,9
PatMcQuistan28NOR2011,Pat McQuistan,2011,ol,28,25-28,NOR,9,122,10,0
PaulMcQuistan28SEA2011,Paul McQuistan,2011,ol,28,25-28,SEA,5,219,16,10
JamonMeredith284TM2014,Jamon Meredith,2014,ol,28,25-28,4TM,7,70,7,3
TerrenceMetcalf28CHI2006,Terrence Metcalf,2006,ol,28,25-28,CHI,5,246,16,0
JordanMills28BUF2018,Jordan Mills,2018,ol,28,25-28,BUF,7,71,8,8
TonyMoll28SDG2011,Tony Moll,2011,ol,28,25-28,SDG,7,73,3,1
EugeneMonroe28BAL2015,Eugene Monroe,2015,ol,28,25-28,BAL,1,231,6,6
LarryMoore28WAS2003,Larry Moore,2003,ol,28,25-28,WAS,Undrafted,Undrafted,9,8
MichaelMoore28ATL2004,Michael Moore,2004,ol,28,25-28,ATL,6,34,1,1
ScottMruczkowski28SDG2010,Scott Mruczkowski,2010,ol,28,25-28,SDG,9,154,15,0
JamarNesbit28NOR2004,Jamar Nesbit,2004,ol,28,25-28,NOR,Undrafted,Undrafted,16,4
JeremyNewberry28SFO2004,Jeremy Newberry,2004,ol,28,25-28,SFO,4,208,1,1
MarshallNewhouse28NYG2016,Marshall Newhouse,2016,ol,28,25-28,NYG,7,76,10,6
CarlNicks28TAM2013,Carl Nicks,2013,ol,28,25-28,TAM,7,72,2,2
RudyNiswanger28KAN2010,Rudy Niswanger,2010,ol,28,25-28,KAN,Undrafted,Undrafted,10,0
MattO'Dwyer28CIN2000,Matt O'Dwyer,2000,ol,28,25-28,CIN,4,181,10,10
RichOhrnberger28SDG2014,Rich Ohrnberger,2014,ol,28,25-28,SDG,6,28,8,7
ChukkyOkobi28PIT2006,Chukky Okobi,2006,ol,28,25-28,PIT,7,52,15,2
MichaelOla28BUF2016,Michael Ola,2016,ol,28,25-28,BUF,Undrafted,Undrafted,6,0
MichaelOtto28TEN2011,Michael Otto,2011,ol,28,25-28,TEN,9,134,15,1
VinstonPainter28ARI2017,Vinston Painter,2017,ol,28,25-28,ARI,8,81,6,0
KevinPamphile28TEN2018,Kevin Pamphile,2018,ol,28,25-28,TEN,7,55,3,2
JermeyParnell28DAL2014,Jermey Parnell,2014,ol,28,25-28,DAL,Undrafted,Undrafted,16,5
ErikPears28BUF2010,Erik Pears,2010,ol,28,25-28,BUF,Undrafted,Undrafted,2,1
RobPetitti28CAR2010,Rob Petitti,2010,ol,28,25-28,CAR,8,119,5,0
EvanPilgrim28ATL2000,Evan Pilgrim,2000,ol,28,25-28,ATL,5,239,7,1
ZachPiller28TEN2004,Zach Piller,2004,ol,28,25-28,TEN,5,233,1,1
MikePollak28CIN2013,Mike Pollak,2013,ol,28,25-28,CIN,4,209,8,5
MarcusPrice28NOR2000,Marcus Price,2000,ol,28,25-28,NOR,8,80,7,0
CoryProcter28MIA2010,Cory Procter,2010,ol,28,25-28,MIA,Undrafted,Undrafted,10,1
MikePucillo28WAS2007,Mike Pucillo,2007,ol,28,25-28,WAS,9,125,11,1
JustinPugh28ARI2018,Justin Pugh,2018,ol,28,25-28,ARI,1,99,6,6
DonovanRaiola28TAM2010,Donovan Raiola,2010,ol,28,25-28,TAM,Undrafted,Undrafted,1,0
ManuelRamirez28DEN2011,Manuel Ramirez,2011,ol,28,25-28,DEN,6,21,2,0
ScottRehberg28CIN2001,Scott Rehberg,2001,ol,28,25-28,CIN,9,142,14,4
JahReid28KAN2016,Jah Reid,2016,ol,28,25-28,KAN,5,237,12,1
JoeReitz28IND2013,Joe Reitz,2013,ol,28,25-28,IND,Undrafted,Undrafted,14,3
ChaseReynolds28STL2015,Chase Reynolds,2015,ol,28,25-28,STL,Undrafted,Undrafted,13,1
JameyRichard28NWE2012,Jamey Richard,2012,ol,28,25-28,NWE,9,147,0,NA
VictorRiley28NOR2002,Victor Riley,2002,ol,28,25-28,NOR,1,170,14,2
ChadRinehart28SDG2013,Chad Rinehart,2013,ol,28,25-28,SDG,5,249,11,10
BarretRobbins28OAK2001,Barret Robbins,2001,ol,28,25-28,OAK,4,198,2,2
PatrickRobinson28SDG2015,Patrick Robinson,2015,ol,28,25-28,SDG,1,180,16,10
WilliamRobinson28NOR2012,William Robinson,2012,ol,28,25-28,NOR,Undrafted,Undrafted,6,1
DennisRoland28CIN2011,Dennis Roland,2011,ol,28,25-28,CIN,Undrafted,Undrafted,16,3
BrettRomberg28STL2007,Brett Romberg,2007,ol,28,25-28,STL,Undrafted,Undrafted,9,9
OliverRoss28PIT2002,Oliver Ross,2002,ol,28,25-28,PIT,7,44,16,1
BlaineSaipaia28DET2006,Blaine Saipaia,2006,ol,28,25-28,DET,Undrafted,Undrafted,6,4
ScottSanderson28NOR2002,Scott Sanderson,2002,ol,28,25-28,NOR,5,233,6,0
MichaelSchofield28LAC2018,Michael Schofield,2018,ol,28,25-28,LAC,5,248,7,7
GeoffSchwartz28NYG2014,Geoff Schwartz,2014,ol,28,25-28,NYG,9,153,2,2
ChrisScott28CAR2015,Chris Scott,2015,ol,28,25-28,CAR,7,58,13,0
JonathanScott28PIT2011,Jonathan Scott,2011,ol,28,25-28,PIT,7,48,12,5
L.J.Shelton28ARI2004,L.J. Shelton,2004,ol,28,25-28,ARI,1,120,12,9
A.Q.Shipley28IND2014,A.Q. Shipley,2014,ol,28,25-28,IND,9,137,15,5
ChadSlaughter28OAK2006,Chad Slaughter,2006,ol,28,25-28,OAK,Undrafted,Undrafted,15,6
MattSlauson28CHI2014,Matt Slauson,2014,ol,28,25-28,CHI,8,102,5,5
TyronSmith28DAL2018,Tyron Smith,2018,ol,28,25-28,DAL,1,242,7,7
WadeSmith28KAN2009,Wade Smith,2009,ol,28,25-28,KAN,5,229,16,9
WillieSmith28SDG2014,Willie Smith,2014,ol,28,25-28,SDG,Undrafted,Undrafted,15,1
AdamSnyder28SFO2010,Adam Snyder,2010,ol,28,25-28,SFO,5,247,15,2
BradleySowell28CHI2017,Bradley Sowell,2017,ol,28,25-28,CHI,Undrafted,Undrafted,16,2
CameronSpikes28ARI2004,Cameron Spikes,2004,ol,28,25-28,ARI,7,51,16,9
JasonSpitz28GNB2010,Jason Spitz,2010,ol,28,25-28,GNB,5,226,16,0
MarcusSpriggs28MIA2002,Marcus Spriggs,2002,ol,28,25-28,MIA,8,94,16,4
JohnSt. Clair28CHI2005,John St. Clair,2005,ol,28,25-28,CHI,5,247,13,2
MaxStarks28PIT2010,Max Starks,2010,ol,28,25-28,PIT,5,226,7,7
ArthurBrown20BAL2013,Arthur Brown,2013,dl_lb,20,< 24,BAL,5,214,14,0
TremaineEdmunds20BUF2018,Tremaine Edmunds,2018,dl_lb,20,< 24,BUF,Undrafted,Undrafted,8,8
AmobiOkoye20HOU2007,Amobi Okoye,2007,dl_lb,20,< 24,HOU,1,3,16,14
VictorAbiamiri21PHI2007,Victor Abiamiri,2007,dl_lb,21,< 24,PHI,5,215,6,1
DominiqueAlexander21CLE2016,Dominique Alexander,2016,dl_lb,21,< 24,CLE,Undrafted,Undrafted,14,0
KwonAlexander21TAM2015,Kwon Alexander,2015,dl_lb,21,< 24,TAM,7,30,12,12
JamaalAnderson21ATL2007,Jamaal Anderson,2007,dl_lb,21,< 24,ATL,1,240,16,16
DoranceArmstrong21DAL2018,Dorance Armstrong,2018,dl_lb,21,< 24,DAL,Undrafted,Undrafted,7,1
JeremiahAttaochu21SDG2014,Jeremiah Attaochu,2014,dl_lb,21,< 24,SDG,5,208,11,0
DerekBarnett21PHI2017,Derek Barnett,2017,dl_lb,21,< 24,PHI,1,47,15,0
SolomonBates21SEA2003,Solomon Bates,2003,dl_lb,21,< 24,SEA,7,42,7,0
KendrellBell21PIT2001,Kendrell Bell,2001,dl_lb,21,< 24,PIT,5,195,16,16
JoeyBosa21SDG2016,Joey Bosa,2016,dl_lb,21,< 24,SDG,1,182,12,11
Da'QuanBowers21TAM2011,Da'Quan Bowers,2011,dl_lb,21,< 24,TAM,5,209,16,6
ArthurBrown21BAL2014,Arthur Brown,2014,dl_lb,21,< 24,BAL,5,214,4,0
MalcomBrown21NWE2015,Malcom Brown,2015,dl_lb,21,< 24,NWE,1,187,16,12
KennyClark21GNB2016,Kenny Clark,2016,dl_lb,21,< 24,GNB,1,178,16,2
JadeveonClowney21HOU2014,Jadeveon Clowney,2014,dl_lb,21,< 24,HOU,1,2,4,2
MaliekCollins21DAL2016,Maliek Collins,2016,dl_lb,21,< 24,DAL,6,226,16,14
Su'aCravens21WAS2016,Su'a Cravens,2016,dl_lb,21,< 24,WAS,5,211,11,3
MarcellDareus21BUF2011,Marcell Dareus,2011,dl_lb,21,< 24,BUF,1,182,16,15
CarlosDunlap21CIN2010,Carlos Dunlap,2010,dl_lb,21,< 24,CIN,5,212,12,0
MarioEdwards21OAK2015,Mario Edwards,2015,dl_lb,21,< 24,OAK,5,191,14,10
RayEdwards21MIN2006,Ray Edwards,2006,dl_lb,21,< 24,MIN,7,33,15,2
SharrifFloyd21MIN2013,Sharrif Floyd,2013,dl_lb,21,< 24,MIN,1,146,16,1
KendallFuller21WAS2016,Kendall Fuller,2016,dl_lb,21,< 24,WAS,6,245,13,6
RobertGeathers21CIN2004,Robert Geathers,2004,dl_lb,21,< 24,CIN,7,22,14,1
EddieGoldman21CHI2015,Eddie Goldman,2015,dl_lb,21,< 24,CHI,5,195,15,12
RasheemGreen21SEA2018,Rasheem Green,2018,dl_lb,21,< 24,SEA,Undrafted,Undrafted,3,0
LetroyGuion21MIN2008,Letroy Guion,2008,dl_lb,21,< 24,MIN,8,61,2,0
JohnathanHankins21NYG2013,Johnathan Hankins,2013,dl_lb,21,< 24,NYG,5,206,11,0
AnthonyHargrove21STL2004,Anthony Hargrove,2004,dl_lb,21,< 24,STL,6,253,15,2
EliHarold21SFO2015,Eli Harold,2015,dl_lb,21,< 24,SFO,6,239,16,1
TommieHarris21CHI2004,Tommie Harris,2004,dl_lb,21,< 24,CHI,1,47,16,16
BobbyHart21NYG2015,Bobby Hart,2015,dl_lb,21,< 24,NYG,10,142,9,1
GenoHayes21TAM2008,Geno Hayes,2008,dl_lb,21,< 24,TAM,9,86,9,0
AlbertHaynesworth21TEN2002,Albert Haynesworth,2002,dl_lb,21,< 24,TEN,1,58,16,3
DanielleHunter21MIN2015,Danielle Hunter,2015,dl_lb,21,< 24,MIN,6,249,14,1
MylesJack21JAX2016,Myles Jack,2016,dl_lb,21,< 24,JAX,5,192,16,10
JelaniJenkins21MIA2013,Jelani Jenkins,2013,dl_lb,21,< 24,MIA,7,8,16,0
AnthonyJohnson21MIA2014,Anthony Johnson,2014,dl_lb,21,< 24,MIA,Undrafted,Undrafted,7,0
CharlesJohnson21CAR2007,Charles Johnson,2007,dl_lb,21,< 24,CAR,6,244,3,2
LukeKuechly21CAR2012,Luke Kuechly,2012,dl_lb,21,< 24,CAR,1,251,16,16
ElijahLee21SFO2017,Elijah Lee,2017,dl_lb,21,< 24,SFO,10,149,14,0
CoreyLiuget21SDG2011,Corey Liuget,2011,dl_lb,21,< 24,SDG,1,91,15,13
AaronLynch21SFO2014,Aaron Lynch,2014,dl_lb,21,< 24,SFO,8,59,16,3
AaronMaybin21BUF2009,Aaron Maybin,2009,dl_lb,21,< 24,BUF,1,14,16,0
RolandoMcClain21OAK2010,Rolando McClain,2010,dl_lb,21,< 24,OAK,1,240,15,15
TonyMcDaniel21JAX2006,Tony McDaniel,2006,dl_lb,21,< 24,JAX,Undrafted,Undrafted,11,0
ShawneMerriman21SDG2005,Shawne Merriman,2005,dl_lb,21,< 24,SDG,1,25,15,10
DamontreMoore21NYG2013,Damontre Moore,2013,dl_lb,21,< 24,NYG,6,242,15,0
DerrickMorgan21TEN2010,Derrick Morgan,2010,dl_lb,21,< 24,TEN,1,69,4,0
YannickNgakoue21JAX2016,Yannick Ngakoue,2016,dl_lb,21,< 24,JAX,6,228,16,15
AmobiOkoye21HOU2008,Amobi Okoye,2008,dl_lb,21,< 24,HOU,1,3,14,12
RomeoOkwara21NYG2016,Romeo Okwara,2016,dl_lb,21,< 24,NYG,Undrafted,Undrafted,16,4
JeoffreyPagan21HOU2014,Jeoffrey Pagan,2014,dl_lb,21,< 24,HOU,9,88,16,0
Da'RonPayne21WAS2018,Da'Ron Payne,2018,dl_lb,21,< 24,WAS,Undrafted,Undrafted,7,7
DariusPhilon21SDG2015,Darius Philon,2015,dl_lb,21,< 24,SDG,9,105,8,0
JasonPierre-Paul21NYG2010,Jason Pierre-Paul,2010,dl_lb,21,< 24,NYG,1,58,16,0
ShurronPierson21OAK2003,Shurron Pierson,2003,dl_lb,21,< 24,OAK,7,35,6,0
BrianPrice21TAM2010,Brian Price,2010,dl_lb,21,< 24,TAM,5,191,5,0
RobertQuinn21STL2011,Robert Quinn,2011,dl_lb,21,< 24,STL,1,47,15,1
SaleemRasheed21SFO2002,Saleem Rasheed,2002,dl_lb,21,< 24,SFO,6,228,6,0
A'ShawnRobinson21DET2016,A'Shawn Robinson,2016,dl_lb,21,< 24,DET,5,203,16,5
TimSettle21WAS2018,Tim Settle,2018,dl_lb,21,< 24,WAS,Undrafted,Undrafted,7,0
AndreSmith21CAR2018,Andre Smith,2018,dl_lb,21,< 24,CAR,Undrafted,Undrafted,1,0
RoquanSmith21CHI2018,Roquan Smith,2018,dl_lb,21,< 24,CHI,Undrafted,Undrafted,7,5
RandyStarks21TEN2004,Randy Starks,2004,dl_lb,21,< 24,TEN,6,231,14,8
TerrellSuggs21BAL2003,Terrell Suggs,2003,dl_lb,21,< 24,BAL,1,3,16,1
JoshSweat21PHI2018,Josh Sweat,2018,dl_lb,21,< 24,PHI,Undrafted,Undrafted,4,0
ShaqThompson21CAR2015,Shaq Thompson,2015,dl_lb,21,< 24,CAR,1,168,14,10
LawrenceTimmons21PIT2007,Lawrence Timmons,2007,dl_lb,21,< 24,PIT,1,58,16,0
StephonTuitt21PIT2014,Stephon Tuitt,2014,dl_lb,21,< 24,PIT,5,203,16,4
StephenTulloch21TEN2006,Stephen Tulloch,2006,dl_lb,21,< 24,TEN,7,21,16,3
KenechiUdeze21MIN2004,Kenechi Udeze,2004,dl_lb,21,< 24,MIN,1,114,16,15
LeightonVander Esch21DAL2018,Leighton Vander Esch,2018,dl_lb,21,< 24,DAL,Undrafted,Undrafted,7,3
LeonardWilliams21NYJ2015,Leonard Williams,2015,dl_lb,21,< 24,NYJ,1,218,16,15
MarioWilliams21HOU2006,Mario Williams,2006,dl_lb,21,< 24,HOU,1,2,16,16
ManuelWright21MIA2005,Manuel Wright,2005,dl_lb,21,< 24,MIA,8,2,3,0
VictorAbiamiri22PHI2008,Victor Abiamiri,2008,dl_lb,22,< 24,PHI,5,215,10,0
JohnAbraham22NYJ2000,John Abraham,2000,dl_lb,22,< 24,NYJ,1,36,6,0
KeithAdams22DAL2001,Keith Adams,2001,dl_lb,22,< 24,DAL,10,149,4,0
MontraviusAdams22GNB2017,Montravius Adams,2017,dl_lb,22,< 24,GNB,6,255,7,0
SpencerAdkins22ATL2009,Spencer Adkins,2009,dl_lb,22,< 24,ATL,9,87,5,0
HakimAkbar22STL2002,Hakim Akbar,2002,dl_lb,22,< 24,STL,8,73,4,0
BrysonAlbright22BUF2016,Bryson Albright,2016,dl_lb,22,< 24,BUF,Undrafted,Undrafted,1,0
KevinAldridge22TEN2002,Kevin Aldridge,2002,dl_lb,22,< 24,TEN,Undrafted,Undrafted,6,0
DominiqueAlexander22CLE2017,Dominique Alexander,2017,dl_lb,22,< 24,CLE,Undrafted,Undrafted,4,0
EricAlexander22NWE2004,Eric Alexander,2004,dl_lb,22,< 24,NWE,Undrafted,Undrafted,3,0
KwonAlexander22TAM2016,Kwon Alexander,2016,dl_lb,22,< 24,TAM,7,30,16,16
JaredAllen22KAN2004,Jared Allen,2004,dl_lb,22,< 24,KAN,7,32,15,10
JonathanAllen22WAS2017,Jonathan Allen,2017,dl_lb,22,< 24,WAS,1,80,5,5
JamaalAnderson22ATL2008,Jamaal Anderson,2008,dl_lb,22,< 24,ATL,1,240,15,15
ArikArmstead22SFO2015,Arik Armstead,2015,dl_lb,22,< 24,SFO,1,80,16,1
Ray-RayArmstrong22STL2013,Ray-Ray Armstrong,2013,dl_lb,22,< 24,STL,Undrafted,Undrafted,16,0
LaVarArrington22WAS2000,LaVar Arrington,2000,dl_lb,22,< 24,WAS,1,113,16,11
MatthiasAskew22CIN2004,Matthias Askew,2004,dl_lb,22,< 24,CIN,7,19,5,0
GenoAtkins22CIN2010,Geno Atkins,2010,dl_lb,22,< 24,CIN,7,26,16,1
JeremiahAttaochu22SDG2015,Jeremiah Attaochu,2015,dl_lb,22,< 24,SDG,5,208,15,12
CliffAvril22DET2008,Cliff Avril,2008,dl_lb,22,< 24,DET,6,254,15,4
AdrianAwasom22NYG2005,Adrian Awasom,2005,dl_lb,22,< 24,NYG,Undrafted,Undrafted,5,0
AkeemAyers22TEN2011,Akeem Ayers,2011,dl_lb,22,< 24,TEN,5,195,16,16
RodneyBailey22PIT2001,Rodney Bailey,2001,dl_lb,22,< 24,PIT,9,93,16,1
ChrisBaker22DEN2009,Chris Baker,2009,dl_lb,22,< 24,DEN,Undrafted,Undrafted,1,0
JeromeBaker22MIA2018,Jerome Baker,2018,dl_lb,22,< 24,MIA,Undrafted,Undrafted,8,6
ChristianBallard22MIN2011,Christian Ballard,2011,dl_lb,22,< 24,MIN,7,10,16,2
KentwanBalmer22SFO2008,Kentwan Balmer,2008,dl_lb,22,< 24,SFO,1,180,16,0
DerekBarnett22PHI2018,Derek Barnett,2018,dl_lb,22,< 24,PHI,1,47,6,6
NickBarnett22GNB2003,Nick Barnett,2003,dl_lb,22,< 24,GNB,1,180,15,15
AnthonyBarr22MIN2014,Anthony Barr,2014,dl_lb,22,< 24,MIN,1,251,12,12
SolomonBates22SEA2004,Solomon Bates,2004,dl_lb,22,< 24,SEA,7,42,10,3
JonBeason22CAR2007,Jon Beason,2007,dl_lb,22,< 24,CAR,1,168,16,16
JovanBelcher22KAN2009,Jovan Belcher,2009,dl_lb,22,< 24,KAN,Undrafted,Undrafted,16,3
BeauBell22CLE2008,Beau Bell,2008,dl_lb,22,< 24,CLE,7,8,5,0
BrandonBell22CIN2017,Brandon Bell,2017,dl_lb,22,< 24,CIN,Undrafted,Undrafted,3,0
KendrellBell22PIT2002,Kendrell Bell,2002,dl_lb,22,< 24,PIT,5,195,12,12
MarcusBell22ARI2001,Marcus Bell,2001,dl_lb,22,< 24,ARI,7,29,13,0
VonnBell22NOR2016,Vonn Bell,2016,dl_lb,22,< 24,NOR,5,220,16,14
NickBellore22NYJ2011,Nick Bellore,2011,dl_lb,22,< 24,NYJ,Undrafted,Undrafted,16,0
MichaelBennett22JAX2015,Michael Bennett,2015,dl_lb,22,< 24,JAX,9,92,13,0
Ja'WhaunBentley22NWE2018,Ja'Whaun Bentley,2018,dl_lb,22,< 24,NWE,Undrafted,Undrafted,3,2
AndrewBillings22CIN2017,Andrew Billings,2017,dl_lb,22,< 24,CIN,7,28,15,7
BrontBird22SDG2011,Bront Bird,2011,dl_lb,22,< 24,SDG,Undrafted,Undrafted,9,0
ChaseBlackburn22NYG2005,Chase Blackburn,2005,dl_lb,22,< 24,NYG,Undrafted,Undrafted,15,2
DarrylBlackstock22ARI2005,Darryl Blackstock,2005,dl_lb,22,< 24,ARI,6,257,14,1
RockyBoiman22TEN2002,Rocky Boiman,2002,dl_lb,22,< 24,TEN,7,40,16,0
ConradBolston222TM2007,Conrad Bolston,2007,dl_lb,22,< 24,2TM,Undrafted,Undrafted,2,0
JoeyBosa22LAC2017,Joey Bosa,2017,dl_lb,22,< 24,LAC,1,182,16,16
JonathanBostic22CHI2013,Jonathan Bostic,2013,dl_lb,22,< 24,CHI,5,208,16,9
StephenBowen22DAL2006,Stephen Bowen,2006,dl_lb,22,< 24,DAL,Undrafted,Undrafted,1,0
TashawnBower22MIN2017,Tashawn Bower,2017,dl_lb,22,< 24,MIN,Undrafted,Undrafted,2,0
Da'QuanBowers22TAM2012,Da'Quan Bowers,2012,dl_lb,22,< 24,TAM,5,209,10,0
NaVorroBowman22SFO2010,NaVorro Bowman,2010,dl_lb,22,< 24,SFO,6,253,16,1
TyusBowser22BAL2017,Tyus Bowser,2017,dl_lb,22,< 24,BAL,5,204,16,0
JoshBrent22DAL2010,Josh Brent,2010,dl_lb,22,< 24,DAL,10,1,16,0
MichaelBrockers22STL2012,Michael Brockers,2012,dl_lb,22,< 24,STL,1,47,13,12
JayBromley22NYG2014,Jay Bromley,2014,dl_lb,22,< 24,NYG,6,234,8,0
AhmadBrooks22CIN2006,Ahmad Brooks,2006,dl_lb,22,< 24,CIN,6,1,11,5
MichaelBrooks22SEA2013,Michael Brooks,2013,dl_lb,22,< 24,SEA,Undrafted,Undrafted,1,0
ArthurBrown22BAL2015,Arthur Brown,2015,dl_lb,22,< 24,BAL,5,214,16,0
CourtneyBrown22CLE2000,Courtney Brown,2000,dl_lb,22,< 24,CLE,1,2,16,16
EveretteBrown22CAR2009,Everette Brown,2009,dl_lb,22,< 24,CAR,5,200,15,1
JatavisBrown22SDG2016,Jatavis Brown,2016,dl_lb,22,< 24,SDG,8,86,12,7
JayonBrown22TEN2017,Jayon Brown,2017,dl_lb,22,< 24,TEN,8,64,16,0
MalcomBrown22NWE2016,Malcom Brown,2016,dl_lb,22,< 24,NWE,1,187,16,13
PrestonBrown22BUF2014,Preston Brown,2014,dl_lb,22,< 24,BUF,6,233,16,14
SammyBrown22STL2012,Sammy Brown,2012,dl_lb,22,< 24,STL,Undrafted,Undrafted,1,0
TitusBrown22CLE2008,Titus Brown,2008,dl_lb,22,< 24,CLE,Undrafted,Undrafted,4,0
TavenBryan22JAX2018,Taven Bryan,2018,dl_lb,22,< 24,JAX,Undrafted,Undrafted,8,0
WendellBryant22ARI2002,Wendell Bryant,2002,dl_lb,22,< 24,ARI,1,25,14,4
MichaelBuchanan22NWE2013,Michael Buchanan,2013,dl_lb,22,< 24,NWE,10,142,15,0
DeForestBuckner22SFO2016,DeForest Buckner,2016,dl_lb,22,< 24,SFO,1,229,15,15
MaxBullough22HOU2014,Max Bullough,2014,dl_lb,22,< 24,HOU,Undrafted,Undrafted,1,0
VontazeBurfict22CIN2012,Vontaze Burfict,2012,dl_lb,22,< 24,CIN,Undrafted,Undrafted,16,14
VernonButler22CAR2016,Vernon Butler,2016,dl_lb,22,< 24,CAR,1,183,10,0
VictorButler22DAL2009,Victor Butler,2009,dl_lb,22,< 24,DAL,7,15,16,1
JoshBynes22BAL2011,Josh Bynes,2011,dl_lb,22,< 24,BAL,Undrafted,Undrafted,1,0
JasonCabinda22OAK2018,Jason Cabinda,2018,dl_lb,22,< 24,OAK,Undrafted,Undrafted,2,0
JeremyCalahan22STL2005,Jeremy Calahan,2005,dl_lb,22,< 24,STL,Undrafted,Undrafted,1,0
CalaisCampbell22ARI2008,Calais Campbell,2008,dl_lb,22,< 24,ARI,5,208,16,0
AnthonyCannon22DET2006,Anthony Cannon,2006,dl_lb,22,< 24,DET,10,165,12,0
AndreCarter22SFO2001,Andre Carter,2001,dl_lb,22,< 24,SFO,1,229,15,15
ChrisCarter22PIT2011,Chris Carter,2011,dl_lb,22,< 24,PIT,8,72,8,0
JurrellCasey22TEN2011,Jurrell Casey,2011,dl_lb,22,< 24,TEN,6,237,16,15
JonathanCasillas22NOR2009,Jonathan Casillas,2009,dl_lb,22,< 24,NOR,Undrafted,Undrafted,11,2
LuisCastillo22SDG2005,Luis Castillo,2005,dl_lb,22,< 24,SDG,1,179,16,15
FrankChamberlin22TEN2000,Frank Chamberlin,2000,dl_lb,22,< 24,TEN,8,70,12,0
BrandonChillar22STL2004,Brandon Chillar,2004,dl_lb,22,< 24,STL,7,37,16,5
BradleyChubb22DEN2018,Bradley Chubb,2018,dl_lb,22,< 24,DEN,Undrafted,Undrafted,8,8
PatrickChukwurah22MIN2001,Patrick Chukwurah,2001,dl_lb,22,< 24,MIN,8,66,16,3
JackCichy22TAM2018,Jack Cichy,2018,dl_lb,22,< 24,TAM,Undrafted,Undrafted,6,0
ChrisClaiborne22DET2000,Chris Claiborne,2000,dl_lb,22,< 24,DET,1,251,16,14
KendrickClancy22PIT2000,Kendrick Clancy,2000,dl_lb,22,< 24,PIT,6,232,9,0
FrankClark22SEA2015,Frank Clark,2015,dl_lb,22,< 24,SEA,5,222,15,0
KennyClark22GNB2017,Kenny Clark,2017,dl_lb,22,< 24,GNB,1,178,15,15
JadeveonClowney22HOU2015,Jadeveon Clowney,2015,dl_lb,22,< 24,HOU,1,2,13,9
ShaunCody22DET2005,Shaun Cody,2005,dl_lb,22,< 24,DET,5,193,16,2
TerrenceCody22BAL2010,Terrence Cody,2010,dl_lb,22,< 24,BAL,5,215,13,1
BarryCofield22NYG2006,Barry Cofield,2006,dl_lb,22,< 24,NYG,7,30,16,16
LandonCohen22DET2008,Landon Cohen,2008,dl_lb,22,< 24,DET,10,131,6,0
MaliekCollins22DAL2017,Maliek Collins,2017,dl_lb,22,< 24,DAL,6,226,16,16
SeanConover22TEN2006,Sean Conover,2006,dl_lb,22,< 24,TEN,Undrafted,Undrafted,6,2
MarquisCooper22TAM2004,Marquis Cooper,2004,dl_lb,22,< 24,TAM,6,239,14,0
QuintonCoples22NYJ2012,Quinton Coples,2012,dl_lb,22,< 24,NYJ,1,69,16,2
KamaleiCorrea22BAL2016,Kamalei Correa,2016,dl_lb,22,< 24,BAL,5,199,9,1
ChrisCovington22DAL2018,Chris Covington,2018,dl_lb,22,< 24,DAL,Undrafted,Undrafted,3,0
ChristianCovington22HOU2015,Christian Covington,2015,dl_lb,22,< 24,HOU,9,131,15,0
FletcherCox22PHI2012,Fletcher Cox,2012,dl_lb,22,< 24,PHI,1,25,15,9
ChanningCrowder22MIA2005,Channing Crowder,2005,dl_lb,22,< 24,MIA,6,230,16,13
TimCrowder22DEN2007,Tim Crowder,2007,dl_lb,22,< 24,DEN,5,214,13,1
AngeloCrowell22BUF2003,Angelo Crowell,2003,dl_lb,22,< 24,BUF,6,256,6,0
QuintonCulberson22STL2007,Quinton Culberson,2007,dl_lb,22,< 24,STL,Undrafted,Undrafted,14,1
JermaineCunningham22NWE2010,Jermaine Cunningham,2010,dl_lb,22,< 24,NWE,5,211,15,11
RennieCurran22TEN2010,Rennie Curran,2010,dl_lb,22,< 24,TEN,6,259,9,0
BrianCushing22HOU2009,Brian Cushing,2009,dl_lb,22,< 24,HOU,1,58,16,16
JacobCutrera22JAX2010,Jacob Cutrera,2010,dl_lb,22,< 24,JAX,Undrafted,Undrafted,8,0
MarcellDareus22BUF2012,Marcell Dareus,2012,dl_lb,22,< 24,BUF,1,182,16,16
MarcusDavenport22NOR2018,Marcus Davenport,2018,dl_lb,22,< 24,NOR,Undrafted,Undrafted,7,0
LavonteDavid22TAM2012,Lavonte David,2012,dl_lb,22,< 24,TAM,5,216,16,16
ChaunceyDavis22ATL2005,Chauncey Davis,2005,dl_lb,22,< 24,ATL,7,34,16,5
JarradDavis22DET2017,Jarrad Davis,2017,dl_lb,22,< 24,DET,1,124,14,14
TaeDavis22NYG2018,Tae Davis,2018,dl_lb,22,< 24,NYG,Undrafted,Undrafted,6,0
ToddDavis222TM2014,Todd Davis,2014,dl_lb,22,< 24,2TM,Undrafted,Undrafted,9,2
TroyDavis22NYJ2013,Troy Davis,2013,dl_lb,22,< 24,NYJ,Undrafted,Undrafted,4,0
KeyuntaDawson22IND2007,Keyunta Dawson,2007,dl_lb,22,< 24,IND,10,160,16,4
PaulDawson22CIN2015,Paul Dawson,2015,dl_lb,22,< 24,CIN,6,261,11,0
SheldonDay22JAX2016,Sheldon Day,2016,dl_lb,22,< 24,JAX,7,7,16,0
ChrisDemaree22SDG2002,Chris Demaree,2002,dl_lb,22,< 24,SDG,Undrafted,Undrafted,2,0
AnthonyDenman22CLE2001,Anthony Denman,2001,dl_lb,22,< 24,CLE,10,128,11,0
Na'ilDiggs22GNB2000,Na'il Diggs,2000,dl_lb,22,< 24,GNB,7,260,13,12
ZachDiles22HOU2007,Zach Diles,2007,dl_lb,22,< 24,HOU,10,133,11,0
JordonDizon22DET2008,Jordon Dizon,2008,dl_lb,22,< 24,DET,5,202,12,0
DominicDouglas22STL2009,Dominic Douglas,2009,dl_lb,22,< 24,STL,Undrafted,Undrafted,4,0
ElvisDumervil22DEN2006,Elvis Dumervil,2006,dl_lb,22,< 24,DEN,7,32,13,0
CarlosDunlap22CIN2011,Carlos Dunlap,2011,dl_lb,22,< 24,CIN,5,212,12,1
BrandonDunn22CHI2014,Brandon Dunn,2014,dl_lb,22,< 24,CHI,Undrafted,Undrafted,3,0
BudDupree22PIT2015,Bud Dupree,2015,dl_lb,22,< 24,PIT,1,135,16,5
JustinDurant22JAX2007,Justin Durant,2007,dl_lb,22,< 24,JAX,5,205,13,8
DominiqueEasley22NWE2014,Dominique Easley,2014,dl_lb,22,< 24,NWE,1,180,11,2
SamsonEbukam22LAR2017,Samson Ebukam,2017,dl_lb,22,< 24,LAR,7,31,16,2
MarioEdwards22OAK2016,Mario Edwards,2016,dl_lb,22,< 24,OAK,5,191,2,0
RayEdwards22MIN2007,Ray Edwards,2007,dl_lb,22,< 24,MIN,7,33,12,11
RonEdwards22BUF2001,Ron Edwards,2001,dl_lb,22,< 24,BUF,6,236,7,3
EmmanuelEllerbee22LAC2018,Emmanuel Ellerbee,2018,dl_lb,22,< 24,LAC,Undrafted,Undrafted,3,0
KeithEllison22BUF2006,Keith Ellison,2006,dl_lb,22,< 24,BUF,9,89,14,7
DariusEubanks22CLE2013,Darius Eubanks,2013,dl_lb,22,< 24,CLE,Undrafted,Undrafted,9,1
DemetricEvans22DAL2001,Demetric Evans,2001,dl_lb,22,< 24,DAL,Undrafted,Undrafted,16,0
JordanEvans22CIN2017,Jordan Evans,2017,dl_lb,22,< 24,CIN,9,106,15,4
RashaanEvans22TEN2018,Rashaan Evans,2018,dl_lb,22,< 24,TEN,Undrafted,Undrafted,6,4
MarioFatafehi22ARI2001,Mario Fatafehi,2001,dl_lb,22,< 24,ARI,8,40,7,1
AlfredFincher22NOR2005,Alfred Fincher,2005,dl_lb,22,< 24,NOR,6,243,11,0
CortlandFinnegan22TEN2006,Cortland Finnegan,2006,dl_lb,22,< 24,TEN,10,130,16,2
RonaldFlemons22ATL2001,Ronald Flemons,2001,dl_lb,22,< 24,ATL,10,142,1,0
ErikFlowers22BUF2000,Erik Flowers,2000,dl_lb,22,< 24,BUF,1,174,16,0
MarquisFlowers22CIN2014,Marquis Flowers,2014,dl_lb,22,< 24,CIN,9,127,16,1
TreyFlowers22NWE2015,Trey Flowers,2015,dl_lb,22,< 24,NWE,7,5,1,0
SharrifFloyd22MIN2014,Sharrif Floyd,2014,dl_lb,22,< 24,MIN,1,146,14,11
ZackFollett22DET2009,Zack Follett,2009,dl_lb,22,< 24,DET,10,152,12,0
LarryFoote22PIT2002,Larry Foote,2002,dl_lb,22,< 24,PIT,7,34,14,3
L.J.Fort22CLE2012,L.J. Fort,2012,dl_lb,22,< 24,CLE,Undrafted,Undrafted,16,1
KhairiFortt223TM2014,Khairi Fortt,2014,dl_lb,22,< 24,3TM,7,32,3,0
MasonFoster22TAM2011,Mason Foster,2011,dl_lb,22,< 24,TAM,6,245,16,15
DanteFowler22JAX2016,Dante Fowler,2016,dl_lb,22,< 24,JAX,1,182,16,1
RyanFowler22DAL2004,Ryan Fowler,2004,dl_lb,22,< 24,DAL,Undrafted,Undrafted,2,0
KeyaronFox22KAN2004,Keyaron Fox,2004,dl_lb,22,< 24,KAN,6,255,12,0
MorganFox22LAR2016,Morgan Fox,2016,dl_lb,22,< 24,LAR,Undrafted,Undrafted,4,0
ZaireFranklin22IND2018,Zaire Franklin,2018,dl_lb,22,< 24,IND,Undrafted,Undrafted,8,2
JohnFranklin-Myers22LAR2018,John Franklin-Myers,2018,dl_lb,22,< 24,LAR,Undrafted,Undrafted,8,0
SimonFraser22CLE2005,Simon Fraser,2005,dl_lb,22,< 24,CLE,Undrafted,Undrafted,16,0
DwightFreeney22IND2002,Dwight Freeney,2002,dl_lb,22,< 24,IND,1,14,16,8
OmarGaither22PHI2006,Omar Gaither,2006,dl_lb,22,< 24,PHI,8,78,16,5
JuniorGalette22NOR2010,Junior Galette,2010,dl_lb,22,< 24,NOR,Undrafted,Undrafted,4,0
GilbertGardner22IND2004,Gilbert Gardner,2004,dl_lb,22,< 24,IND,6,228,11,0
MylesGarrett22CLE2017,Myles Garrett,2017,dl_lb,22,< 24,CLE,1,2,11,9
TerenceGarvin22PIT2013,Terence Garvin,2013,dl_lb,22,< 24,PIT,Undrafted,Undrafted,15,1
RobertGeathers22CIN2005,Robert Geathers,2005,dl_lb,22,< 24,CIN,7,22,16,16
JeremiahGeorge22JAX2014,Jeremiah George,2014,dl_lb,22,< 24,JAX,8,63,6,0
NathanGerry22PHI2017,Nathan Gerry,2017,dl_lb,22,< 24,PHI,8,96,10,1
VernonGholston22NYJ2008,Vernon Gholston,2008,dl_lb,22,< 24,NYJ,1,218,15,0
WilliamGholston22TAM2013,William Gholston,2013,dl_lb,22,< 24,TAM,7,32,12,2
JasonGlenn22NYJ2001,Jason Glenn,2001,dl_lb,22,< 24,NYJ,9,84,15,0
IanGold22DEN2000,Ian Gold,2000,dl_lb,22,< 24,DEN,5,197,16,0
MarkusGolden22ARI2015,Markus Golden,2015,dl_lb,22,< 24,ARI,5,216,15,6
EddieGoldman22CHI2016,Eddie Goldman,2016,dl_lb,22,< 24,CHI,5,195,6,5
BrandonGraham22PHI2010,Brandon Graham,2010,dl_lb,22,< 24,PHI,1,36,13,6
DeLawrenceGrant22OAK2001,DeLawrence Grant,2001,dl_lb,22,< 24,OAK,6,250,2,0
OrantesGrant22DAL2000,Orantes Grant,2000,dl_lb,22,< 24,DAL,10,134,13,0
RoderickGreen22BAL2004,Roderick Green,2004,dl_lb,22,< 24,BAL,8,62,9,0
KamuGrugier-Hill22PHI2016,Kamu Grugier-Hill,2016,dl_lb,22,< 24,PHI,9,122,12,0
LetroyGuion22MIN2009,Letroy Guion,2009,dl_lb,22,< 24,MIN,8,61,7,0
GreysonGunheim22OAK2008,Greyson Gunheim,2008,dl_lb,22,< 24,OAK,Undrafted,Undrafted,3,0
LawrenceGuy22IND2012,Lawrence Guy,2012,dl_lb,22,< 24,IND,10,150,9,2
DaeshonHall22CAR2017,Daeshon Hall,2017,dl_lb,22,< 24,CAR,6,237,1,0
JohnathanHankins22NYG2014,Johnathan Hankins,2014,dl_lb,22,< 24,NYG,5,206,16,16
ParysHaralson22SFO2006,Parys Haralson,2006,dl_lb,22,< 24,SFO,8,48,7,0
GregHardy22CAR2010,Greg Hardy,2010,dl_lb,22,< 24,CAR,9,86,15,0
AnthonyHargrove22STL2005,Anthony Hargrove,2005,dl_lb,22,< 24,STL,6,253,16,15
EliHarold22SFO2016,Eli Harold,2016,dl_lb,22,< 24,SFO,6,239,16,13
CharlesHarris22MIA2017,Charles Harris,2017,dl_lb,22,< 24,MIA,1,135,16,2
TommieHarris22CHI2005,Tommie Harris,2005,dl_lb,22,< 24,CHI,1,47,16,16
TyreoHarrison22PHI2002,Tyreo Harrison,2002,dl_lb,22,< 24,PHI,9,111,2,0
DerrickHarvey22JAX2008,Derrick Harvey,2008,dl_lb,22,< 24,JAX,1,240,16,9
A.J.Hawk22GNB2006,A.J. Hawk,2006,dl_lb,22,< 24,GNB,1,207,16,16
NickHayden22CAR2008,Nick Hayden,2008,dl_lb,22,< 24,CAR,9,93,2,1
GenoHayes22TAM2009,Geno Hayes,2009,dl_lb,22,< 24,TAM,9,86,15,13
AlbertHaynesworth22TEN2003,Albert Haynesworth,2003,dl_lb,22,< 24,TEN,1,58,12,11
ReggieHayward22DEN2001,Reggie Hayward,2001,dl_lb,22,< 24,DEN,6,248,6,2
ErinHenderson22MIN2008,Erin Henderson,2008,dl_lb,22,< 24,MIN,Undrafted,Undrafted,10,0
TommyHendricks22MIA2000,Tommy Hendricks,2000,dl_lb,22,< 24,MIA,Undrafted,Undrafted,8,0
AnthonyHerron22DET2001,Anthony Herron,2001,dl_lb,22,< 24,DET,Undrafted,Undrafted,1,0
NevilleHewitt22MIA2015,Neville Hewitt,2015,dl_lb,22,< 24,MIA,Undrafted,Undrafted,16,2
CameronHeyward22PIT2011,Cameron Heyward,2011,dl_lb,22,< 24,PIT,1,186,16,0
Dont'aHightower22NWE2012,Dont'a Hightower,2012,dl_lb,22,< 24,NWE,1,168,14,13
CharlesHill22HOU2002,Charles Hill,2002,dl_lb,22,< 24,HOU,6,244,16,0
JordanHill22SEA2013,Jordan Hill,2013,dl_lb,22,< 24,SEA,6,248,4,0
MarquiseHill22NWE2004,Marquise Hill,2004,dl_lb,22,< 24,NWE,5,222,1,0
AnthonyHitchens22DAL2014,Anthony Hitchens,2014,dl_lb,22,< 24,DAL,7,24,16,11
GeraldHodges22MIN2013,Gerald Hodges,2013,dl_lb,22,< 24,MIN,7,26,11,0
DougHogue22DET2011,Doug Hogue,2011,dl_lb,22,< 24,DET,8,66,13,0
CurtisHolden22NOR2001,Curtis Holden,2001,dl_lb,22,< 24,NOR,Undrafted,Undrafted,12,0
DeVonteHolloman22DAL2013,DeVonte Holloman,2013,dl_lb,22,< 24,DAL,9,97,9,2
JalynHolmes22MIN2018,Jalyn Holmes,2018,dl_lb,22,< 24,MIN,Undrafted,Undrafted,3,0
EvanderHood22PIT2009,Evander Hood,2009,dl_lb,22,< 24,PIT,1,187,16,0
JustinHouston22KAN2011,Justin Houston,2011,dl_lb,22,< 24,KAN,6,230,16,10
ChrisHovan22MIN2000,Chris Hovan,2000,dl_lb,22,< 24,MIN,1,168,16,13
OliverHoyte22DAL2006,Oliver Hoyte,2006,dl_lb,22,< 24,DAL,Undrafted,Undrafted,12,5
JerryHughes22IND2010,Jerry Hughes,2010,dl_lb,22,< 24,IND,1,186,12,0
RamonHumber22IND2009,Ramon Humber,2009,dl_lb,22,< 24,IND,Undrafted,Undrafted,16,2
DanielleHunter22MIN2016,Danielle Hunter,2016,dl_lb,22,< 24,MIN,6,249,16,0
IkeIgbinosun22DAL2012,Ike Igbinosun,2012,dl_lb,22,< 24,DAL,Undrafted,Undrafted,0,NA
MatthewIoannidis22WAS2016,Matthew Ioannidis,2016,dl_lb,22,< 24,WAS,8,61,10,0
DavidIrving22DAL2015,David Irving,2015,dl_lb,22,< 24,DAL,Undrafted,Undrafted,12,0
JabariIssa22ARI2000,Jabari Issa,2000,dl_lb,22,< 24,ARI,9,87,10,0
BrianIwuh22JAX2006,Brian Iwuh,2006,dl_lb,22,< 24,JAX,Undrafted,Undrafted,12,0
MylesJack22JAX2017,Myles Jack,2017,dl_lb,22,< 24,JAX,5,192,16,16
AndrewJackson22IND2014,Andrew Jackson,2014,dl_lb,22,< 24,IND,9,117,13,0
BernardJackson22WAS2002,Bernard Jackson,2002,dl_lb,22,< 24,WAS,Undrafted,Undrafted,4,0
MalikJackson22DEN2012,Malik Jackson,2012,dl_lb,22,< 24,DEN,8,44,14,0
BradieJames22DAL2003,Bradie James,2003,dl_lb,22,< 24,DAL,7,7,14,0
JeremyJarmon22WAS2009,Jeremy Jarmon,2009,dl_lb,22,< 24,WAS,6,1,11,1
GradyJarrett22ATL2015,Grady Jarrett,2015,dl_lb,22,< 24,ATL,8,44,15,2
KyshoenJarrett22WAS2015,Kyshoen Jarrett,2015,dl_lb,22,< 24,WAS,9,93,16,6
MalikJefferson22CIN2018,Malik Jefferson,2018,dl_lb,22,< 24,CIN,Undrafted,Undrafted,6,0
WillieJefferson22HOU2013,Willie Jefferson,2013,dl_lb,22,< 24,HOU,Undrafted,Undrafted,6,0
JelaniJenkins22MIA2014,Jelani Jenkins,2014,dl_lb,22,< 24,MIA,7,8,15,14
JordanJenkins22NYJ2016,Jordan Jenkins,2016,dl_lb,22,< 24,NYJ,6,244,14,11
KrisJenkins22CAR2001,Kris Jenkins,2001,dl_lb,22,< 24,CAR,5,201,16,11
TimmyJernigan22BAL2014,Timmy Jernigan,2014,dl_lb,22,< 24,BAL,5,205,12,3
TonyJerod-Eddie22SFO2012,Tony Jerod-Eddie,2012,dl_lb,22,< 24,SFO,Undrafted,Undrafted,1,0
AustinJohnson22TEN2016,Austin Johnson,2016,dl_lb,22,< 24,TEN,5,200,10,0
CamJohnson22SFO2012,Cam Johnson,2012,dl_lb,22,< 24,SFO,10,154,2,0
CharlesJohnson22CAR2008,Charles Johnson,2008,dl_lb,22,< 24,CAR,6,244,16,0
JarretJohnson22BAL2003,Jarret Johnson,2003,dl_lb,22,< 24,BAL,7,13,15,1
MicahJohnson22MIA2010,Micah Johnson,2010,dl_lb,22,< 24,MIA,Undrafted,Undrafted,1,0
MichaelJohnson22CIN2009,Michael Johnson,2009,dl_lb,22,< 24,CIN,6,230,16,0
BrianJohnston22KAN2008,Brian Johnston,2008,dl_lb,22,< 24,KAN,10,125,9,0
AbryJones22JAX2013,Abry Jones,2013,dl_lb,22,< 24,JAX,Undrafted,Undrafted,8,0
ChandlerJones22NWE2012,Chandler Jones,2012,dl_lb,22,< 24,NWE,1,124,14,13
ChrisJones22KAN2016,Chris Jones,2016,dl_lb,22,< 24,KAN,5,193,16,11
D.J.Jones22SFO2017,D.J. Jones,2017,dl_lb,22,< 24,SFO,9,111,9,0
DeionJones22ATL2016,Deion Jones,2016,dl_lb,22,< 24,ATL,5,210,15,13
JasonJones22TEN2008,Jason Jones,2008,dl_lb,22,< 24,TEN,5,212,13,3
AkeemJordan22PHI2007,Akeem Jordan,2007,dl_lb,22,< 24,PHI,Undrafted,Undrafted,9,1
CameronJordan22NOR2011,Cameron Jordan,2011,dl_lb,22,< 24,NOR,1,157,16,15
AlexJoseph22SFO2010,Alex Joseph,2010,dl_lb,22,< 24,SFO,Undrafted,Undrafted,1,0
LinvalJoseph22NYG2010,Linval Joseph,2010,dl_lb,22,< 24,NYG,5,203,6,0
JoshKaddu22MIA2012,Josh Kaddu,2012,dl_lb,22,< 24,MIA,8,64,4,0
BradKassell22TEN2002,Brad Kassell,2002,dl_lb,22,< 24,TEN,Undrafted,Undrafted,9,0
ThomasKeiser22CAR2011,Thomas Keiser,2011,dl_lb,22,< 24,CAR,Undrafted,Undrafted,8,0
MychalKendricks22PHI2012,Mychal Kendricks,2012,dl_lb,22,< 24,PHI,5,203,15,14
ArdenKey22OAK2018,Arden Key,2018,dl_lb,22,< 24,OAK,Undrafted,Undrafted,8,2
JoshKeyes22TAM2015,Josh Keyes,2015,dl_lb,22,< 24,TAM,Undrafted,Undrafted,7,0
KennyKing22ARI2003,Kenny King,2003,dl_lb,22,< 24,ARI,8,49,11,1
ChristianKirksey22CLE2014,Christian Kirksey,2014,dl_lb,22,< 24,CLE,6,231,16,8
DanKlecko22NWE2003,Dan Klecko,2003,dl_lb,22,< 24,NWE,7,22,13,1
A.J.Klein22CAR2013,A.J. Klein,2013,dl_lb,22,< 24,CAR,8,56,16,2
CyrusKouandjio22BUF2015,Cyrus Kouandjio,2015,dl_lb,22,< 24,BUF,5,201,12,2
KeatonKristick22SFO2010,Keaton Kristick,2010,dl_lb,22,< 24,SFO,Undrafted,Undrafted,6,0
JoeKruger222TM2014,Joe Kruger,2014,dl_lb,22,< 24,2TM,10,127,0,NA
LukeKuechly22CAR2013,Luke Kuechly,2013,dl_lb,22,< 24,CAR,1,251,16,16
MarioKurn22OAK2012,Mario Kurn,2012,dl_lb,22,< 24,OAK,Undrafted,Undrafted,0,NA
DaVonteLambert22TAM2016,DaVonte Lambert,2016,dl_lb,22,< 24,TAM,Undrafted,Undrafted,11,5
HaroldLandry22TEN2018,Harold Landry,2018,dl_lb,22,< 24,TEN,Undrafted,Undrafted,6,0
KendallLangford22MIA2008,Kendall Langford,2008,dl_lb,22,< 24,MIA,6,225,16,13
JoeyLaRocque22CHI2008,Joey LaRocque,2008,dl_lb,22,< 24,CHI,10,161,14,0
DariusLatham22OAK2016,Darius Latham,2016,dl_lb,22,< 24,OAK,Undrafted,Undrafted,14,2
CameronLawrence22DAL2013,Cameron Lawrence,2013,dl_lb,22,< 24,DAL,Undrafted,Undrafted,11,0
DemarcusLawrence22DAL2014,Demarcus Lawrence,2014,dl_lb,22,< 24,DAL,5,190,7,0
CarlLawson22CIN2017,Carl Lawson,2017,dl_lb,22,< 24,CIN,7,21,16,1
MannyLawson22SFO2006,Manny Lawson,2006,dl_lb,22,< 24,SFO,1,135,16,12
ShaqLawson22BUF2016,Shaq Lawson,2016,dl_lb,22,< 24,BUF,1,102,10,1
DarronLee22NYJ2016,Darron Lee,2016,dl_lb,22,< 24,NYJ,1,114,13,9
ElijahLee22SFO2018,Elijah Lee,2018,dl_lb,22,< 24,SFO,10,149,9,1
MarquelLee22OAK2017,Marquel Lee,2017,dl_lb,22,< 24,OAK,8,78,13,6
CoreyLemonier22SFO2013,Corey Lemonier,2013,dl_lb,22,< 24,SFO,6,249,16,0
DeAndreLevy22DET2009,DeAndre Levy,2009,dl_lb,22,< 24,DET,6,236,16,10
JonathanLewis22ARI2006,Jonathan Lewis,2006,dl_lb,22,< 24,ARI,9,88,4,0
KevinLewis22NYG2000,Kevin Lewis,2000,dl_lb,22,< 24,NYG,Undrafted,Undrafted,7,0
RonnellLewis22DET2012,Ronnell Lewis,2012,dl_lb,22,< 24,DET,7,31,8,0
TreyLewis22ATL2007,Trey Lewis,2007,dl_lb,22,< 24,ATL,9,97,9,5
CoreyLiuget22SDG2012,Corey Liuget,2012,dl_lb,22,< 24,SDG,1,91,16,16
CurtisLofton22ATL2008,Curtis Lofton,2008,dl_lb,22,< 24,ATL,5,193,16,15
JeromeLong222TM2012,Jerome Long,2012,dl_lb,22,< 24,2TM,10,133,0,NA
RienLong22TEN2003,Rien Long,2003,dl_lb,22,< 24,TEN,7,32,8,0
SteveLonga22DET2016,Steve Longa,2016,dl_lb,22,< 24,DET,Undrafted,Undrafted,1,0
JohnLotulelei222TM2013,John Lotulelei,2013,dl_lb,22,< 24,2TM,Undrafted,Undrafted,14,2
DeanLowry22GNB2016,Dean Lowry,2016,dl_lb,22,< 24,GNB,7,44,15,0
AlLucas22CAR2000,Al Lucas,2000,dl_lb,22,< 24,CAR,Undrafted,Undrafted,13,0
FrankieLuvu22NYJ2018,Frankie Luvu,2018,dl_lb,22,< 24,NYJ,Undrafted,Undrafted,7,0
AaronLynch22SFO2015,Aaron Lynch,2015,dl_lb,22,< 24,SFO,8,59,14,13
CameronLynch22STL2015,Cameron Lynch,2015,dl_lb,22,< 24,STL,Undrafted,Undrafted,16,0
AlexMagee22KAN2009,Alex Magee,2009,dl_lb,22,< 24,KAN,6,226,15,1
KalukaMaiava22CLE2009,Kaluka Maiava,2009,dl_lb,22,< 24,CLE,7,8,16,3
TerrellManning22GNB2012,Terrell Manning,2012,dl_lb,22,< 24,GNB,8,73,5,0
StanslyMaponga22ATL2013,Stansly Maponga,2013,dl_lb,22,< 24,ATL,8,62,12,0
Sen'DerrickMarks22TEN2009,Sen'Derrick Marks,2009,dl_lb,22,< 24,TEN,5,221,9,0
CassiusMarsh22SEA2014,Cassius Marsh,2014,dl_lb,22,< 24,SEA,7,12,5,0
EricMartin22CLE2013,Eric Martin,2013,dl_lb,22,< 24,CLE,Undrafted,Undrafted,16,0
JoshMartin22KAN2013,Josh Martin,2013,dl_lb,22,< 24,KAN,Undrafted,Undrafted,5,1
KareemMartin22ARI2014,Kareem Martin,2014,dl_lb,22,< 24,ARI,6,245,11,2
MarkelleMartin22TEN2012,Markelle Martin,2012,dl_lb,22,< 24,TEN,9,103,15,1
MikeMartin22TEN2012,Mike Martin,2012,dl_lb,22,< 24,TEN,6,243,16,1
BlakeMartinez22GNB2016,Blake Martinez,2016,dl_lb,22,< 24,GNB,7,38,13,9
RobertMathis22IND2003,Robert Mathis,2003,dl_lb,22,< 24,IND,8,45,16,0
CaseyMatthews22PHI2011,Casey Matthews,2011,dl_lb,22,< 24,PHI,7,21,16,3
ReyMaualuga22CIN2009,Rey Maualuga,2009,dl_lb,22,< 24,CIN,5,194,15,15
AaronMaybin22BUF2010,Aaron Maybin,2010,dl_lb,22,< 24,BUF,1,14,11,1
DavidMayo22CAR2015,David Mayo,2015,dl_lb,22,< 24,CAR,8,79,12,0
JerodMayo22NWE2008,Jerod Mayo,2008,dl_lb,22,< 24,NWE,1,3,16,16
BensonMayowa22SEA2013,Benson Mayowa,2013,dl_lb,22,< 24,SEA,Undrafted,Undrafted,2,0
JoeyMbu22ATL2015,Joey Mbu,2015,dl_lb,22,< 24,ATL,Undrafted,Undrafted,2,0
TurkMcBride22KAN2007,Turk McBride,2007,dl_lb,22,< 24,KAN,5,212,16,1
ColinMcCarthy22TEN2011,Colin McCarthy,2011,dl_lb,22,< 24,TEN,7,13,13,7
JimmyMcClain22HOU2002,Jimmy McClain,2002,dl_lb,22,< 24,HOU,Undrafted,Undrafted,15,0
RolandoMcClain22OAK2011,Rolando McClain,2011,dl_lb,22,< 24,OAK,1,240,15,14
StanleyMcClover22CAR2006,Stanley McClover,2006,dl_lb,22,< 24,CAR,10,154,2,0
GeraldMcCoy22TAM2010,Gerald McCoy,2010,dl_lb,22,< 24,TAM,1,182,13,13
DanielMcCullers22PIT2014,Daniel McCullers,2014,dl_lb,22,< 24,PIT,9,130,9,1
TonyMcDaniel22JAX2007,Tony McDaniel,2007,dl_lb,22,< 24,JAX,Undrafted,Undrafted,4,0
AlvinMcKinley22CAR2000,Alvin McKinley,2000,dl_lb,22,< 24,CAR,7,26,7,0
TakkaristMcKinley22ATL2017,Takkarist McKinley,2017,dl_lb,22,< 24,ATL,1,174,16,0
WyntonMcManis22SFO2016,Wynton McManis,2016,dl_lb,22,< 24,SFO,Undrafted,Undrafted,2,0
BrandonMebane22SEA2007,Brandon Mebane,2007,dl_lb,22,< 24,SEA,6,246,16,10
WhitneyMercilus22HOU2012,Whitney Mercilus,2012,dl_lb,22,< 24,HOU,1,174,16,4
ShawneMerriman22SDG2006,Shawne Merriman,2006,dl_lb,22,< 24,SDG,1,25,12,12
BrandonMiller22SEA2008,Brandon Miller,2008,dl_lb,22,< 24,SEA,Undrafted,Undrafted,1,0
RoyMiller22TAM2009,Roy Miller,2009,dl_lb,22,< 24,TAM,6,242,15,1
VonMiller22DEN2011,Von Miller,2011,dl_lb,22,< 24,DEN,1,113,15,15
JaymeMitchell22MIN2006,Jayme Mitchell,2006,dl_lb,22,< 24,MIN,Undrafted,Undrafted,13,0
ArthurMoats22BUF2010,Arthur Moats,2010,dl_lb,22,< 24,BUF,9,89,15,4
AnthonyMontgomery22WAS2006,Anthony Montgomery,2006,dl_lb,22,< 24,WAS,8,62,5,1
MikeMontgomery22GNB2005,Mike Montgomery,2005,dl_lb,22,< 24,GNB,9,92,12,0
DamontreMoore22NYG2014,Damontre Moore,2014,dl_lb,22,< 24,NYG,6,242,16,0
AaronMorgan22JAX2010,Aaron Morgan,2010,dl_lb,22,< 24,JAX,Undrafted,Undrafted,7,0
DerrickMorgan22TEN2011,Derrick Morgan,2011,dl_lb,22,< 24,TEN,1,69,15,10
AntonioMorrison22IND2016,Antonio Morrison,2016,dl_lb,22,< 24,IND,7,31,16,4
NicholasMorrow22OAK2017,Nicholas Morrow,2017,dl_lb,22,< 24,OAK,Undrafted,Undrafted,16,5
C.J.Mosley22MIN2005,C.J. Mosley,2005,dl_lb,22,< 24,MIN,9,104,12,2
C.J.Mosley22BAL2014,C.J. Mosley,2014,dl_lb,22,< 24,BAL,1,80,16,16
DeiontrezMount22TEN2015,Deiontrez Mount,2015,dl_lb,22,< 24,TEN,9,88,4,0
Al-QuadinMuhammad22NOR2017,Al-Quadin Muhammad,2017,dl_lb,22,< 24,NOR,9,109,4,0
MarquesMurrell22NYJ2007,Marques Murrell,2007,dl_lb,22,< 24,NYJ,Undrafted,Undrafted,4,0
JeremyNavarre22JAX2009,Jeremy Navarre,2009,dl_lb,22,< 24,JAX,Undrafted,Undrafted,6,0
LewisNeal22DAL2017,Lewis Neal,2017,dl_lb,22,< 24,DAL,Undrafted,Undrafted,7,0
AndreNeblett22CAR2010,Andre Neblett,2010,dl_lb,22,< 24,CAR,Undrafted,Undrafted,7,1
CoreyNelson22DEN2014,Corey Nelson,2014,dl_lb,22,< 24,DEN,10,160,16,0
DrakeNevis22IND2011,Drake Nevis,2011,dl_lb,22,< 24,IND,6,248,5,0
YannickNgakoue22JAX2017,Yannick Ngakoue,2017,dl_lb,22,< 24,JAX,6,228,16,16
HalotiNgata22BAL2006,Haloti Ngata,2006,dl_lb,22,< 24,BAL,1,25,16,16
BilalNichols22CHI2018,Bilal Nichols,2018,dl_lb,22,< 24,CHI,Undrafted,Undrafted,6,1
RobNinkovich22NOR2006,Rob Ninkovich,2006,dl_lb,22,< 24,NOR,8,42,3,0
ChadNkang22JAX2007,Chad Nkang,2007,dl_lb,22,< 24,JAX,10,170,16,0
RobertNkemdiche22ARI2016,Robert Nkemdiche,2016,dl_lb,22,< 24,ARI,1,180,5,0
DerrickNnadi22KAN2018,Derrick Nnadi,2018,dl_lb,22,< 24,KAN,Undrafted,Undrafted,8,4
EricNorwood22CAR2010,Eric Norwood,2010,dl_lb,22,< 24,CAR,7,30,15,0
DrewNowak22JAX2012,Drew Nowak,2012,dl_lb,22,< 24,JAX,Undrafted,Undrafted,0,NA
RakeemNunez-Roches22KAN2015,Rakeem Nunez-Roches,2015,dl_lb,22,< 24,KAN,9,132,7,0
UchennaNwosu22LAC2018,Uchenna Nwosu,2018,dl_lb,22,< 24,LAC,Undrafted,Undrafted,7,0
AlecOgletree22STL2013,Alec Ogletree,2013,dl_lb,22,< 24,STL,1,183,16,16
AlexOkafor22ARI2013,Alex Okafor,2013,dl_lb,22,< 24,ARI,7,7,1,0
AmobiOkoye22HOU2009,Amobi Okoye,2009,dl_lb,22,< 24,HOU,1,3,16,16
RomeoOkwara22NYG2017,Romeo Okwara,2017,dl_lb,22,< 24,NYG,Undrafted,Undrafted,6,0
IgorOlshansky22SDG2004,Igor Olshansky,2004,dl_lb,22,< 24,SDG,5,191,16,16
NateOrchard22CLE2015,Nate Orchard,2015,dl_lb,22,< 24,CLE,5,209,15,11
ShanteeOrr22HOU2003,Shantee Orr,2003,dl_lb,22,< 24,HOU,Undrafted,Undrafted,6,0
ZachOrr22BAL2014,Zach Orr,2014,dl_lb,22,< 24,BAL,Undrafted,Undrafted,15,0
AkwasiOwusu-Ansah22DAL2010,Akwasi Owusu-Ansah,2010,dl_lb,22,< 24,DAL,7,32,7,0
JeoffreyPagan22HOU2015,Jeoffrey Pagan,2015,dl_lb,22,< 24,HOU,9,88,6,0
MikePatterson22PHI2005,Mike Patterson,2005,dl_lb,22,< 24,PHI,1,186,16,7
AndrusPeat22NOR2015,Andrus Peat,2015,dl_lb,22,< 24,NOR,1,36,12,8
DomataPeko22CIN2006,Domata Peko,2006,dl_lb,22,< 24,CIN,7,29,16,1
JuliusPeppers22CAR2002,Julius Peppers,2002,dl_lb,22,< 24,CAR,1,113,12,12
JoshuaPerry22SDG2016,Joshua Perry,2016,dl_lb,22,< 24,SDG,7,6,15,1
NickPerry22GNB2012,Nick Perry,2012,dl_lb,22,< 24,GNB,1,179,6,5
CoreyPeters22ATL2010,Corey Peters,2010,dl_lb,22,< 24,ATL,6,244,16,15
JulianPeterson22SFO2000,Julian Peterson,2000,dl_lb,22,< 24,SFO,1,69,13,7
HarrisonPhillips22BUF2018,Harrison Phillips,2018,dl_lb,22,< 24,BUF,Undrafted,Undrafted,8,0
DariusPhilon22SDG2016,Darius Philon,2016,dl_lb,22,< 24,SDG,9,105,14,2
RyanPickett22STL2001,Ryan Pickett,2001,dl_lb,22,< 24,STL,1,180,11,0
TerryPierce22DEN2003,Terry Pierce,2003,dl_lb,22,< 24,DEN,5,209,3,0
JasonPierre-Paul22NYG2011,Jason Pierre-Paul,2011,dl_lb,22,< 24,NYG,1,58,16,12
ShurronPierson22CHI2004,Shurron Pierson,2004,dl_lb,22,< 24,CHI,7,35,6,0
TerrancePlummer22WAS2015,Terrance Plummer,2015,dl_lb,22,< 24,WAS,Undrafted,Undrafted,3,0
DontariPoe22KAN2012,Dontari Poe,2012,dl_lb,22,< 24,KAN,1,14,16,16
DerrickPope22MIA2004,Derrick Pope,2004,dl_lb,22,< 24,MIA,10,138,16,3
BrianPrice22TAM2011,Brian Price,2011,dl_lb,22,< 24,TAM,5,191,15,14
BrianPrice22GNB2016,Brian Price,2016,dl_lb,22,< 24,GNB,Undrafted,Undrafted,1,0
ElijahQualls22PHI2017,Elijah Qualls,2017,dl_lb,22,< 24,PHI,9,129,6,0
KelcyQuarles22IND2014,Kelcy Quarles,2014,dl_lb,22,< 24,IND,Undrafted,Undrafted,2,0
RobertQuinn22STL2012,Robert Quinn,2012,dl_lb,22,< 24,STL,1,47,16,14
LaJuanRamsey22PHI2006,LaJuan Ramsey,2006,dl_lb,22,< 24,PHI,9,118,6,0
SheldonRankins22NOR2016,Sheldon Rankins,2016,dl_lb,22,< 24,NOR,1,25,9,0
SaleemRasheed22SFO2003,Saleem Rasheed,2003,dl_lb,22,< 24,SFO,6,228,16,1
RyanRau22PHI2012,Ryan Rau,2012,dl_lb,22,< 24,PHI,Undrafted,Undrafted,4,0
ShaneRay22DEN2015,Shane Ray,2015,dl_lb,22,< 24,DEN,1,146,14,0
D.J.Reader22HOU2016,D.J. Reader,2016,dl_lb,22,< 24,HOU,8,76,16,7
NickReed22SEA2009,Nick Reed,2009,dl_lb,22,< 24,SEA,10,165,16,0
JalenReeves-Maybin22DET2017,Jalen Reeves-Maybin,2017,dl_lb,22,< 24,DET,7,30,14,0
JamalReynolds22GNB2001,Jamal Reynolds,2001,dl_lb,22,< 24,GNB,1,3,6,0
HassanRidgeway22IND2016,Hassan Ridgeway,2016,dl_lb,22,< 24,IND,7,21,16,5
PerryRiley22WAS2010,Perry Riley,2010,dl_lb,22,< 24,WAS,7,7,8,0
KeithRivers22CIN2008,Keith Rivers,2008,dl_lb,22,< 24,CIN,1,251,7,7
NickRoach22CHI2007,Nick Roach,2007,dl_lb,22,< 24,CHI,Undrafted,Undrafted,3,0
ElandonRoberts22NWE2016,Elandon Roberts,2016,dl_lb,22,< 24,NWE,9,129,13,5
DewayneRobertson22NYJ2003,Dewayne Robertson,2003,dl_lb,22,< 24,NYJ,1,196,16,16
TyroneRobertson22BUF2001,Tyrone Robertson,2001,dl_lb,22,< 24,BUF,10,155,12,0
NickellRobey-Coleman22BUF2014,Nickell Robey-Coleman,2014,dl_lb,22,< 24,BUF,Undrafted,Undrafted,16,7
A'ShawnRobinson22DET2017,A'Shawn Robinson,2017,dl_lb,22,< 24,DET,5,203,16,16
IsaacRochell22LAC2017,Isaac Rochell,2017,dl_lb,22,< 24,LAC,10,141,3,0
ShaunRogers22DET2001,Shaun Rogers,2001,dl_lb,22,< 24,DET,5,220,16,16
AhtybaRubin22CLE2008,Ahtyba Rubin,2008,dl_lb,22,< 24,CLE,9,103,11,0
BarrettRuud22TAM2005,Barrett Ruud,2005,dl_lb,22,< 24,TAM,5,192,16,0
DeMecoRyans22HOU2006,DeMeco Ryans,2006,dl_lb,22,< 24,HOU,5,189,16,16
SekouSanyika22ARI2000,Sekou Sanyika,2000,dl_lb,22,< 24,ARI,10,130,16,0
JaceSayler22NWE2001,Jace Sayler,2001,dl_lb,22,< 24,NWE,Undrafted,Undrafted,2,1
A.J.Schable22ARI2006,A.J. Schable,2006,dl_lb,22,< 24,ARI,Undrafted,Undrafted,11,0
J.K.Schaffer22CIN2012,J.K. Schaffer,2012,dl_lb,22,< 24,CIN,Undrafted,Undrafted,0,NA
BartScott22BAL2002,Bart Scott,2002,dl_lb,22,< 24,BAL,Undrafted,Undrafted,16,0
IanScott22CHI2003,Ian Scott,2003,dl_lb,22,< 24,CHI,7,21,6,0
GregScruggs22SEA2012,Greg Scruggs,2012,dl_lb,22,< 24,SEA,10,149,11,0
RichardSeymour22NWE2001,Richard Seymour,2001,dl_lb,22,< 24,NWE,1,218,13,10
DarrylSharpton22HOU2010,Darryl Sharpton,2010,dl_lb,22,< 24,HOU,7,6,12,6
RyanShazier22PIT2014,Ryan Shazier,2014,dl_lb,22,< 24,PIT,1,58,9,5
JabaalSheard22CLE2011,Jabaal Sheard,2011,dl_lb,22,< 24,CLE,5,193,16,16
DannyShelton22CLE2015,Danny Shelton,2015,dl_lb,22,< 24,CLE,1,25,16,15
MalcolmSheppard222TM2010,Malcolm Sheppard,2010,dl_lb,22,< 24,2TM,Undrafted,Undrafted,4,0
DarrellShropshire22ATL2005,Darrell Shropshire,2005,dl_lb,22,< 24,ATL,10,159,10,0
BrandonSiler22SDG2007,Brandon Siler,2007,dl_lb,22,< 24,SDG,10,158,15,0
SealverSiliga22DEN2012,Sealver Siliga,2012,dl_lb,22,< 24,DEN,Undrafted,Undrafted,1,0
ErnieSims22DET2006,Ernie Sims,2006,dl_lb,22,< 24,DET,1,251,16,16
RyanSims22KAN2002,Ryan Sims,2002,dl_lb,22,< 24,KAN,1,218,6,2
JeremySlechta22PHI2002,Jeremy Slechta,2002,dl_lb,22,< 24,PHI,Undrafted,Undrafted,13,0
AldonSmith22SFO2011,Aldon Smith,2011,dl_lb,22,< 24,SFO,1,229,16,0
BrianSmith22CLE2011,Brian Smith,2011,dl_lb,22,< 24,CLE,Undrafted,Undrafted,2,0
ChrisSmith22JAX2014,Chris Smith,2014,dl_lb,22,< 24,JAX,8,68,7,0
D.J.Smith22GNB2011,D.J. Smith,2011,dl_lb,22,< 24,GNB,9,98,16,3
DarylSmith22JAX2004,Daryl Smith,2004,dl_lb,22,< 24,JAX,5,195,15,13
JaylonSmith22DAL2017,Jaylon Smith,2017,dl_lb,22,< 24,DAL,5,190,16,6
JustinSmith22CIN2001,Justin Smith,2001,dl_lb,22,< 24,CIN,1,196,15,11
KeithSmith22DAL2014,Keith Smith,2014,dl_lb,22,< 24,DAL,Undrafted,Undrafted,10,0
MalcolmSmith22SEA2011,Malcolm Smith,2011,dl_lb,22,< 24,SEA,10,160,12,0
MarcusSmith22PHI2014,Marcus Smith,2014,dl_lb,22,< 24,PHI,1,174,8,0
DawuaneSmoot22JAX2017,Dawuane Smoot,2017,dl_lb,22,< 24,JAX,6,227,16,0
MartrellSpaight22WAS2015,Martrell Spaight,2015,dl_lb,22,< 24,WAS,8,49,1,0
ArmegisSpearman22CIN2000,Armegis Spearman,2000,dl_lb,22,< 24,CIN,Undrafted,Undrafted,15,11
MarcusSpears22DAL2005,Marcus Spears,2005,dl_lb,22,< 24,DAL,1,114,16,10
AkeemSpence22TAM2013,Akeem Spence,2013,dl_lb,22,< 24,TAM,7,4,16,14
NoahSpence22TAM2016,Noah Spence,2016,dl_lb,22,< 24,TAM,5,195,16,3
SeanSpence22PIT2012,Sean Spence,2012,dl_lb,22,< 24,PIT,6,247,0,NA
JulianStanford22JAX2012,Julian Stanford,2012,dl_lb,22,< 24,JAX,Undrafted,Undrafted,16,6
RandyStarks22TEN2005,Randy Starks,2005,dl_lb,22,< 24,TEN,6,231,16,16
MarkusSteele22DAL2001,Markus Steele,2001,dl_lb,22,< 24,DAL,7,28,15,10
LarryStevens22CIN2004,Larry Stevens,2004,dl_lb,22,< 24,CIN,Undrafted,Undrafted,9,0
MattStewart22ATL2001,Matt Stewart,2001,dl_lb,22,< 24,ATL,7,6,15,0
FrankStrong22SFO2002,Frank Strong,2002,dl_lb,22,< 24,SFO,Undrafted,Undrafted,6,0
BillyStrother222TM2004,Billy Strother,2004,dl_lb,22,< 24,2TM,Undrafted,Undrafted,3,0
TerrellSuggs22BAL2004,Terrell Suggs,2004,dl_lb,22,< 24,BAL,1,3,16,16
JohnathanSullivan22NOR2003,Johnathan Sullivan,2003,dl_lb,22,< 24,NOR,1,218,14,12
StevensonSylvester22PIT2010,Stevenson Sylvester,2010,dl_lb,22,< 24,PIT,8,76,16,0
DarrylTapp22SEA2006,Darryl Tapp,2006,dl_lb,22,< 24,SEA,5,222,16,0
J.R.Tavai22TEN2015,J.R. Tavai,2015,dl_lb,22,< 24,TEN,Undrafted,Undrafted,4,0
HileeTaylor22CAR2008,Hilee Taylor,2008,dl_lb,22,< 24,CAR,10,137,10,0
MantiTe'o22SDG2013,Manti Te'o,2013,dl_lb,22,< 24,SDG,5,194,13,13
MarcusThomas22DEN2007,Marcus Thomas,2007,dl_lb,22,< 24,DEN,7,27,16,5
PatThomas22JAX2005,Pat Thomas,2005,dl_lb,22,< 24,JAX,9,107,9,0
RobertThomas22STL2002,Robert Thomas,2002,dl_lb,22,< 24,STL,1,186,16,10
SolomonThomas22SFO2017,Solomon Thomas,2017,dl_lb,22,< 24,SFO,1,182,14,12
DonnelThompson22PIT2000,Donnel Thompson,2000,dl_lb,22,< 24,PIT,Undrafted,Undrafted,8,0
ShaqThompson22CAR2016,Shaq Thompson,2016,dl_lb,22,< 24,CAR,1,168,14,12
JoshThornhill22DET2002,Josh Thornhill,2002,dl_lb,22,< 24,DET,Undrafted,Undrafted,7,0
KalenThornton22DAL2004,Kalen Thornton,2004,dl_lb,22,< 24,DAL,Undrafted,Undrafted,16,0
OdellThurman22CIN2005,Odell Thurman,2005,dl_lb,22,< 24,CIN,5,205,16,15
LawrenceTimmons22PIT2008,Lawrence Timmons,2008,dl_lb,22,< 24,PIT,1,58,16,2
PisaTinoisamoa22STL2003,Pisa Tinoisamoa,2003,dl_lb,22,< 24,STL,5,200,16,15
JoeTodd22NYJ2001,Joe Todd,2001,dl_lb,22,< 24,NYJ,Undrafted,Undrafted,1,0
DannyTrevathan22DEN2012,Danny Trevathan,2012,dl_lb,22,< 24,DEN,9,100,16,0
TorellTroup22BUF2010,Torell Troup,2010,dl_lb,22,< 24,BUF,5,198,15,2
JustinTuck22NYG2005,Justin Tuck,2005,dl_lb,22,< 24,NYG,6,234,14,1
SeanTufts22CAR2004,Sean Tufts,2004,dl_lb,22,< 24,CAR,9,109,3,0
MaugaulaTuitele22NWE2000,Maugaula Tuitele,2000,dl_lb,22,< 24,NWE,Undrafted,Undrafted,1,0
StephonTuitt22PIT2015,Stephon Tuitt,2015,dl_lb,22,< 24,PIT,5,203,14,14
StephenTulloch22TEN2007,Stephen Tulloch,2007,dl_lb,22,< 24,TEN,7,21,16,1
ZekeTurner22ARI2018,Zeke Turner,2018,dl_lb,22,< 24,ARI,Undrafted,Undrafted,8,0
TankTyler22KAN2007,Tank Tyler,2007,dl_lb,22,< 24,KAN,6,243,15,1
KenechiUdeze22MIN2005,Kenechi Udeze,2005,dl_lb,22,< 24,MIN,1,114,3,2
GeorgeUko22TAM2014,George Uko,2014,dl_lb,22,< 24,TAM,Undrafted,Undrafted,1,0
OsiUmenyiora22NYG2003,Osi Umenyiora,2003,dl_lb,22,< 24,NYG,5,214,13,1
BrianUrlacher*22CHI2000,Brian Urlacher*,2000,dl_lb,22,< 24,CHI,1,251,16,14
DestinyVaeao22PHI2016,Destiny Vaeao,2016,dl_lb,22,< 24,PHI,Undrafted,Undrafted,16,0
VincentValentine22NWE2016,Vincent Valentine,2016,dl_lb,22,< 24,NWE,6,258,13,2
DemetrinVeal22ATL2003,Demetrin Veal,2003,dl_lb,22,< 24,ATL,10,155,3,0
OlivierVernon22MIA2012,Olivier Vernon,2012,dl_lb,22,< 24,MIA,6,232,16,0
JonathanVilma22NYJ2004,Jonathan Vilma,2004,dl_lb,22,< 24,NYJ,1,25,16,14
DavidVobora22STL2008,David Vobora,2008,dl_lb,22,< 24,STL,10,171,8,1
BobbyWagner22SEA2012,Bobby Wagner,2012,dl_lb,22,< 24,SEA,5,204,16,15
AnthonyWalker22IND2017,Anthony Walker,2017,dl_lb,22,< 24,IND,Undrafted,Undrafted,10,2
VanceWalker22ATL2009,Vance Walker,2009,dl_lb,22,< 24,ATL,10,125,10,1
JihadWard22OAK2016,Jihad Ward,2016,dl_lb,22,< 24,OAK,5,201,16,13
FredWarner22SFO2018,Fred Warner,2018,dl_lb,22,< 24,SFO,Undrafted,Undrafted,9,9
SteveWarren22GNB2000,Steve Warren,2000,dl_lb,22,< 24,GNB,6,234,13,0
TyWarren22NWE2003,Ty Warren,2003,dl_lb,22,< 24,NWE,1,36,16,4
AdolphusWashington22BUF2016,Adolphus Washington,2016,dl_lb,22,< 24,BUF,6,241,15,11
MarkWashington22MIA2007,Mark Washington,2007,dl_lb,22,< 24,MIA,Undrafted,Undrafted,3,0
DekodaWatson22TAM2010,Dekoda Watson,2010,dl_lb,22,< 24,TAM,10,132,15,1
J.J.Watt22HOU2011,J.J. Watt,2011,dl_lb,22,< 24,HOU,1,14,16,16
StephenWeatherly22MIN2016,Stephen Weatherly,2016,dl_lb,22,< 24,MIN,10,143,2,0
AnthonyWeaver22BAL2002,Anthony Weaver,2002,dl_lb,22,< 24,BAL,5,210,16,16
ChrisWhite22BUF2011,Chris White,2011,dl_lb,22,< 24,BUF,9,79,7,0
KyzirWhite22LAC2018,Kyzir White,2018,dl_lb,22,< 24,LAC,Undrafted,Undrafted,3,3
TracyWhite22SEA2003,Tracy White,2003,dl_lb,22,< 24,SEA,Undrafted,Undrafted,11,0
TahirWhitehead22DET2012,Tahir Whitehead,2012,dl_lb,22,< 24,DET,8,45,14,0
MattWilhelm22SDG2003,Matt Wilhelm,2003,dl_lb,22,< 24,SDG,7,17,2,0
JimmyWilkerson22KAN2003,Jimmy Wilkerson,2003,dl_lb,22,< 24,KAN,9,101,12,0
MuhammadWilkerson22NYJ2011,Muhammad Wilkerson,2011,dl_lb,22,< 24,NYJ,1,183,16,16
MarcusWilkins22GNB2002,Marcus Wilkins,2002,dl_lb,22,< 24,GNB,Undrafted,Undrafted,5,0
BooWilliams22NOR2001,Boo Williams,2001,dl_lb,22,< 24,NOR,Undrafted,Undrafted,11,4
BrandonWilliams22DAL2010,Brandon Williams,2010,dl_lb,22,< 24,DAL,7,26,6,0
ChavisWilliams22BAL2011,Chavis Williams,2011,dl_lb,22,< 24,BAL,Undrafted,Undrafted,5,0
D.J.Williams22DEN2004,D.J. Williams,2004,dl_lb,22,< 24,DEN,1,80,16,14
DarrellWilliams22STL2015,Darrell Williams,2015,dl_lb,22,< 24,STL,Undrafted,Undrafted,5,0
IanWilliams22SFO2011,Ian Williams,2011,dl_lb,22,< 24,SFO,Undrafted,Undrafted,1,0
JabaraWilliams222TM2011,Jabara Williams,2011,dl_lb,22,< 24,2TM,10,144,7,0
JamarWilliams22CHI2006,Jamar Williams,2006,dl_lb,22,< 24,CHI,7,26,3,0
JordanWilliams22MIA2015,Jordan Williams,2015,dl_lb,22,< 24,MIA,Undrafted,Undrafted,1,0
LeonardWilliams22NYJ2016,Leonard Williams,2016,dl_lb,22,< 24,NYJ,1,218,16,16
MarioWilliams22HOU2007,Mario Williams,2007,dl_lb,22,< 24,HOU,1,2,16,16
TourekWilliams22SDG2013,Tourek Williams,2013,dl_lb,22,< 24,SDG,9,90,13,6
AveryWilliamson22TEN2014,Avery Williamson,2014,dl_lb,22,< 24,TEN,8,60,16,12
JordanWillis22CIN2017,Jordan Willis,2017,dl_lb,22,< 24,CIN,6,233,16,1
PatrickWillis22SFO2007,Patrick Willis,2007,dl_lb,22,< 24,SFO,1,14,16,16
DamienWilson22DAL2015,Damien Wilson,2015,dl_lb,22,< 24,DAL,7,33,16,0
JamieWinborn22SFO2001,Jamie Winborn,2001,dl_lb,22,< 24,SFO,5,204,14,4
WillWitherspoon22CAR2002,Will Witherspoon,2002,dl_lb,22,< 24,CAR,6,233,15,8
DerekWolfe22DEN2012,Derek Wolfe,2012,dl_lb,22,< 24,DEN,5,192,16,16
XavierWoodson-Luster22OAK2017,Xavier Woodson-Luster,2017,dl_lb,22,< 24,OAK,Undrafted,Undrafted,14,0
WesleyWoodyard22DEN2008,Wesley Woodyard,2008,dl_lb,22,< 24,DEN,Undrafted,Undrafted,16,6
JasonWorilds22PIT2010,Jason Worilds,2010,dl_lb,22,< 24,PIT,5,210,14,0
JerelWorthy22GNB2012,Jerel Worthy,2012,dl_lb,22,< 24,GNB,5,209,14,4
K.J.Wright22SEA2011,K.J. Wright,2011,dl_lb,22,< 24,SEA,7,261,16,12
KenyattaWright22BUF2000,Kenyatta Wright,2000,dl_lb,22,< 24,BUF,Undrafted,Undrafted,16,1
ScoobyWright22ARI2016,Scooby Wright,2016,dl_lb,22,< 24,ARI,10,169,3,0
EllisWyms22TAM2001,Ellis Wyms,2001,dl_lb,22,< 24,TAM,9,95,4,0
AshtonYouboty22BUF2006,Ashton Youboty,2006,dl_lb,22,< 24,BUF,6,230,3,1
VictorAbiamiri23PHI2009,Victor Abiamiri,2009,dl_lb,23,< 24,PHI,5,215,13,5
JohnAbraham23NYJ2001,John Abraham,2001,dl_lb,23,< 24,NYJ,1,36,16,15
EmmanuelAcho23PHI2013,Emmanuel Acho,2013,dl_lb,23,< 24,PHI,9,118,6,0
SamAcho23ARI2011,Sam Acho,2011,dl_lb,23,< 24,ARI,7,7,16,10
AnthonyAdams23SFO2003,Anthony Adams,2003,dl_lb,23,< 24,SFO,5,215,14,1
KeithAdams232TM2002,Keith Adams,2002,dl_lb,23,< 24,2TM,10,149,16,5
MatthewAdams23IND2018,Matthew Adams,2018,dl_lb,23,< 24,IND,Undrafted,Undrafted,8,1
MontraviusAdams23GNB2018,Montravius Adams,2018,dl_lb,23,< 24,GNB,6,255,7,0
VictorAdeyanju23STL2006,Victor Adeyanju,2006,dl_lb,23,< 24,STL,7,18,12,9
SpencerAdkins23ATL2010,Spencer Adkins,2010,dl_lb,23,< 24,ATL,9,87,9,0
IkaikaAlama-Francis23DET2007,Ikaika Alama-Francis,2007,dl_lb,23,< 24,DET,5,216,6,0
AlexAlbright23DAL2011,Alex Albright,2011,dl_lb,23,< 24,DAL,Undrafted,Undrafted,16,0
BrysonAlbright23ARI2017,Bryson Albright,2017,dl_lb,23,< 24,ARI,Undrafted,Undrafted,7,0
ChasAlecxih23MIA2012,Chas Alecxih,2012,dl_lb,23,< 24,MIA,Undrafted,Undrafted,0,NA
EricAlexander23NWE2005,Eric Alexander,2005,dl_lb,23,< 24,NWE,Undrafted,Undrafted,1,0
FrankAlexander23CAR2012,Frank Alexander,2012,dl_lb,23,< 24,CAR,7,7,16,3
KevinAlexander23DEN2010,Kevin Alexander,2010,dl_lb,23,< 24,DEN,Undrafted,Undrafted,8,0
KwonAlexander23TAM2017,Kwon Alexander,2017,dl_lb,23,< 24,TAM,7,30,12,12
MisterAlexander23HOU2011,Mister Alexander,2011,dl_lb,23,< 24,HOU,Undrafted,Undrafted,8,0
VadalAlexander23OAK2017,Vadal Alexander,2017,dl_lb,23,< 24,OAK,10,151,15,4
BeauAllen23PHI2014,Beau Allen,2014,dl_lb,23,< 24,PHI,10,140,16,0
BrianAllen23STL2001,Brian Allen,2001,dl_lb,23,< 24,STL,6,244,3,0
JamesAllen23NOR2002,James Allen,2002,dl_lb,23,< 24,NOR,6,243,14,1
JaredAllen23KAN2005,Jared Allen,2005,dl_lb,23,< 24,KAN,7,32,16,15
JonathanAllen23WAS2018,Jonathan Allen,2018,dl_lb,23,< 24,WAS,1,80,7,7
RussellAllen23JAX2009,Russell Allen,2009,dl_lb,23,< 24,JAX,Undrafted,Undrafted,16,5
KikoAlonso23BUF2013,Kiko Alonso,2013,dl_lb,23,< 24,BUF,5,203,16,16
JonAlston23STL2006,Jon Alston,2006,dl_lb,23,< 24,STL,6,237,3,0
TysonAlualu23JAX2010,Tyson Alualu,2010,dl_lb,23,< 24,JAX,1,3,16,16
CharlieAnderson23HOU2004,Charlie Anderson,2004,dl_lb,23,< 24,HOU,9,115,15,0
JamaalAnderson23ATL2009,Jamaal Anderson,2009,dl_lb,23,< 24,ATL,1,240,13,13
JamesAnderson23CAR2006,James Anderson,2006,dl_lb,23,< 24,CAR,6,249,16,2
JustinAnderson232TM2014,Justin Anderson,2014,dl_lb,23,< 24,2TM,Undrafted,Undrafted,2,0
MarkAnderson23CHI2006,Mark Anderson,2006,dl_lb,23,< 24,CHI,8,68,16,1
RyanAnderson23WAS2017,Ryan Anderson,2017,dl_lb,23,< 24,WAS,5,206,14,0
PatAngerer23IND2010,Pat Angerer,2010,dl_lb,23,< 24,IND,5,222,16,11
EliAnkou23JAX2017,Eli Ankou,2017,dl_lb,23,< 24,JAX,Undrafted,Undrafted,9,0
JasonAnkrah23HOU2014,Jason Ankrah,2014,dl_lb,23,< 24,HOU,Undrafted,Undrafted,2,0
StephoneAnthony23NOR2015,Stephone Anthony,2015,dl_lb,23,< 24,NOR,1,186,16,16
AlexAnzalone23NOR2017,Alex Anzalone,2017,dl_lb,23,< 24,NOR,6,236,4,4
AntwanApplewhite23SDG2008,Antwan Applewhite,2008,dl_lb,23,< 24,SDG,Undrafted,Undrafted,14,0
ThurstonArmbrister23JAX2015,Thurston Armbrister,2015,dl_lb,23,< 24,JAX,Undrafted,Undrafted,16,3
ArikArmstead23SFO2016,Arik Armstead,2016,dl_lb,23,< 24,SFO,1,80,8,4
Ray-RayArmstrong232TM2014,Ray-Ray Armstrong,2014,dl_lb,23,< 24,2TM,Undrafted,Undrafted,15,3
LaVarArrington23WAS2001,LaVar Arrington,2001,dl_lb,23,< 24,WAS,1,113,14,14
RichardAsh23JAX2015,Richard Ash,2015,dl_lb,23,< 24,JAX,Undrafted,Undrafted,1,0
K.C.Asiodu23STL2009,K.C. Asiodu,2009,dl_lb,23,< 24,STL,Undrafted,Undrafted,10,0
MatthiasAskew23CIN2005,Matthias Askew,2005,dl_lb,23,< 24,CIN,7,19,1,0
NnamdiAsomugha23OAK2004,Nnamdi Asomugha,2004,dl_lb,23,< 24,OAK,1,186,16,7
BarakaAtkins23SEA2007,Baraka Atkins,2007,dl_lb,23,< 24,SEA,7,26,12,0
GenoAtkins23CIN2011,Geno Atkins,2011,dl_lb,23,< 24,CIN,7,26,16,15
JeremiahAttaochu23SDG2016,Jeremiah Attaochu,2016,dl_lb,23,< 24,SDG,5,208,8,1
MarvinAustin23NYG2012,Marvin Austin,2012,dl_lb,23,< 24,NYG,5,210,8,0
GenardAvery23CLE2018,Genard Avery,2018,dl_lb,23,< 24,CLE,Undrafted,Undrafted,8,2
CliffAvril23DET2009,Cliff Avril,2009,dl_lb,23,< 24,DET,6,254,13,11
AdrianAwasom23NYG2006,Adrian Awasom,2006,dl_lb,23,< 24,NYG,Undrafted,Undrafted,10,0
AkeemAyers23TEN2012,Akeem Ayers,2012,dl_lb,23,< 24,TEN,5,195,16,13
KoleAyi232TM2001,Kole Ayi,2001,dl_lb,23,< 24,2TM,Undrafted,Undrafted,7,0
AkinAyodele23JAX2002,Akin Ayodele,2002,dl_lb,23,< 24,JAX,6,250,16,3
AllenBailey23KAN2012,Allen Bailey,2012,dl_lb,23,< 24,KAN,6,247,10,1
PatrickBailey23PIT2008,Patrick Bailey,2008,dl_lb,23,< 24,PIT,Undrafted,Undrafted,12,0
RodneyBailey23PIT2002,Rodney Bailey,2002,dl_lb,23,< 24,PIT,9,93,16,0
ChrisBaker23MIA2010,Chris Baker,2010,dl_lb,23,< 24,MIA,Undrafted,Undrafted,1,0
ErvinBaldwin23IND2009,Ervin Baldwin,2009,dl_lb,23,< 24,IND,10,122,3,0
JohnnyBaldwin23KAN2007,Johnny Baldwin,2007,dl_lb,23,< 24,KAN,8,67,3,0
DaveBall23SDG2004,Dave Ball,2004,dl_lb,23,< 24,SDG,8,40,6,0
NeironBall23OAK2015,Neiron Ball,2015,dl_lb,23,< 24,OAK,8,71,6,2
ChristianBallard23MIN2012,Christian Ballard,2012,dl_lb,23,< 24,MIN,7,10,16,0
KentwanBalmer23SFO2009,Kentwan Balmer,2009,dl_lb,23,< 24,SFO,1,180,11,0
BrandonBanks23WAS2017,Brandon Banks,2017,dl_lb,23,< 24,WAS,Undrafted,Undrafted,1,0
JustinBannan23BUF2002,Justin Bannan,2002,dl_lb,23,< 24,BUF,8,46,15,0
TullyBanta-Cain23NWE2003,Tully Banta-Cain,2003,dl_lb,23,< 24,NWE,10,156,9,0
AntwanBarnes23BAL2007,Antwan Barnes,2007,dl_lb,23,< 24,BAL,7,41,14,0
BrandonBarnes23WAS2004,Brandon Barnes,2004,dl_lb,23,< 24,WAS,Undrafted,Undrafted,12,0
CalvinBarnett23CLE2014,Calvin Barnett,2014,dl_lb,23,< 24,CLE,Undrafted,Undrafted,0,NA
NickBarnett23GNB2004,Nick Barnett,2004,dl_lb,23,< 24,GNB,1,180,16,16
AnthonyBarr23MIN2015,Anthony Barr,2015,dl_lb,23,< 24,MIN,1,251,14,14
AlexBarrett23DET2017,Alex Barrett,2017,dl_lb,23,< 24,DET,Undrafted,Undrafted,2,0
ShaquilBarrett23DEN2015,Shaquil Barrett,2015,dl_lb,23,< 24,DEN,Undrafted,Undrafted,16,6
SamBarrington23GNB2013,Sam Barrington,2013,dl_lb,23,< 24,GNB,10,149,7,0
BradBars23NYG2015,Brad Bars,2015,dl_lb,23,< 24,NYG,Undrafted,Undrafted,2,0
EricBarton23OAK2000,Eric Barton,2000,dl_lb,23,< 24,OAK,8,54,4,0
JoploBartu23ATL2013,Joplo Bartu,2013,dl_lb,23,< 24,ATL,Undrafted,Undrafted,16,13
ConnorBarwin23HOU2009,Connor Barwin,2009,dl_lb,23,< 24,HOU,5,203,16,0
TarellBasham23IND2017,Tarell Basham,2017,dl_lb,23,< 24,IND,6,241,15,0
BenBass23DAL2012,Ben Bass,2012,dl_lb,23,< 24,DAL,Undrafted,Undrafted,2,0
DavidBass23CHI2013,David Bass,2013,dl_lb,23,< 24,CHI,10,150,12,1
DarenBates23STL2013,Daren Bates,2013,dl_lb,23,< 24,STL,Undrafted,Undrafted,15,0
TrevorBates23IND2016,Trevor Bates,2016,dl_lb,23,< 24,IND,10,156,1,0
VicBeasley23ATL2015,Vic Beasley,2015,dl_lb,23,< 24,ATL,1,240,16,16
JonBeason23CAR2008,Jon Beason,2008,dl_lb,23,< 24,CAR,1,168,16,16
SteveBeauharnais23NWE2013,Steve Beauharnais,2013,dl_lb,23,< 24,NWE,10,152,2,0
JordanBeck23ATL2006,Jordan Beck,2006,dl_lb,23,< 24,ATL,6,252,15,0
DarryBeckwith23SDG2010,Darry Beckwith,2010,dl_lb,23,< 24,SDG,Undrafted,Undrafted,1,0
KendellBeckwith23TAM2017,Kendell Beckwith,2017,dl_lb,23,< 24,TAM,6,11,16,11
MontyBeisel23KAN2001,Monty Beisel,2001,dl_lb,23,< 24,KAN,7,11,16,0
JovanBelcher23KAN2010,Jovan Belcher,2010,dl_lb,23,< 24,KAN,Undrafted,Undrafted,16,15
KendrellBell23PIT2003,Kendrell Bell,2003,dl_lb,23,< 24,PIT,5,195,16,16
MarcusBell23ARI2002,Marcus Bell,2002,dl_lb,23,< 24,ARI,7,29,16,4
MarcusBell23SEA2000,Marcus Bell,2000,dl_lb,23,< 24,SEA,7,21,16,0
B.J.Bello23CLE2017,B.J. Bello,2017,dl_lb,23,< 24,CLE,Undrafted,Undrafted,16,0
NickBellore23NYJ2012,Nick Bellore,2012,dl_lb,23,< 24,NYJ,Undrafted,Undrafted,16,0
CharlesBennett23TAM2006,Charles Bennett,2006,dl_lb,23,< 24,TAM,10,159,3,0
KevinBentley23CLE2002,Kevin Bentley,2002,dl_lb,23,< 24,CLE,7,5,12,0
JakeBequette23NWE2012,Jake Bequette,2012,dl_lb,23,< 24,NWE,6,252,3,0
RockyBernard23SEA2002,Rocky Bernard,2002,dl_lb,23,< 24,SEA,8,54,16,2
KroyBiermann23ATL2008,Kroy Biermann,2008,dl_lb,23,< 24,ATL,8,63,16,0
KeishawnBierria23DEN2018,Keishawn Bierria,2018,dl_lb,23,< 24,DEN,Undrafted,Undrafted,8,0
AndrewBillings23CIN2018,Andrew Billings,2018,dl_lb,23,< 24,CIN,7,28,8,8
ChristoBilukidi23OAK2012,Christo Bilukidi,2012,dl_lb,23,< 24,OAK,9,101,13,0
BrontBird23SDG2012,Bront Bird,2012,dl_lb,23,< 24,SDG,Undrafted,Undrafted,5,0
DesmondBishop23GNB2007,Desmond Bishop,2007,dl_lb,23,< 24,GNB,9,105,10,0
QuincyBlack23TAM2007,Quincy Black,2007,dl_lb,23,< 24,TAM,6,227,15,0
ChaseBlackburn23NYG2006,Chase Blackburn,2006,dl_lb,23,< 24,NYG,Undrafted,Undrafted,16,0
AngeloBlackson23TEN2015,Angelo Blackson,2015,dl_lb,23,< 24,TEN,7,4,16,0
DarrylBlackstock23ARI2006,Darryl Blackstock,2006,dl_lb,23,< 24,ARI,6,257,16,1
H.B.Blades23WAS2007,H.B. Blades,2007,dl_lb,23,< 24,WAS,9,90,16,0
RonaldBlair23SFO2016,Ronald Blair,2016,dl_lb,23,< 24,SFO,8,50,16,0
ChrisBoard23BAL2018,Chris Board,2018,dl_lb,23,< 24,BAL,Undrafted,Undrafted,8,0
ColbyBockwoldt23NOR2004,Colby Bockwoldt,2004,dl_lb,23,< 24,NOR,10,158,16,7
RockyBoiman23TEN2003,Rocky Boiman,2003,dl_lb,23,< 24,TEN,7,40,16,2
MichaelBoley23ATL2005,Michael Boley,2005,dl_lb,23,< 24,ATL,8,70,16,11
ChrisBorland23SFO2014,Chris Borland,2014,dl_lb,23,< 24,SFO,6,237,14,8
RyanBoschetti23WAS2004,Ryan Boschetti,2004,dl_lb,23,< 24,WAS,Undrafted,Undrafted,3,1
JonathanBostic23CHI2014,Jonathan Bostic,2014,dl_lb,23,< 24,CHI,5,208,13,8
StephenBowen23DAL2007,Stephen Bowen,2007,dl_lb,23,< 24,DAL,Undrafted,Undrafted,16,0
DavidBowens23GNB2000,David Bowens,2000,dl_lb,23,< 24,GNB,8,67,14,0
TashawnBower23MIN2018,Tashawn Bower,2018,dl_lb,23,< 24,MIN,Undrafted,Undrafted,4,0
Da'QuanBowers23TAM2013,Da'Quan Bowers,2013,dl_lb,23,< 24,TAM,5,209,13,2
NaVorroBowman23SFO2011,NaVorro Bowman,2011,dl_lb,23,< 24,SFO,6,253,16,16
TyusBowser23BAL2018,Tyus Bowser,2018,dl_lb,23,< 24,BAL,5,204,7,0
RonBrace23NWE2009,Ron Brace,2009,dl_lb,23,< 24,NWE,5,197,9,2
GaryBrackett23IND2003,Gary Brackett,2003,dl_lb,23,< 24,IND,Undrafted,Undrafted,16,0
NigelBradham23BUF2012,Nigel Bradham,2012,dl_lb,23,< 24,BUF,7,9,16,11
BamBradley23BAL2017,Bam Bradley,2017,dl_lb,23,< 24,BAL,Undrafted,Undrafted,2,0
JonBradley23TAM2004,Jon Bradley,2004,dl_lb,23,< 24,TAM,Undrafted,Undrafted,6,0
AlanBranch23ARI2007,Alan Branch,2007,dl_lb,23,< 24,ARI,5,189,11,0
AndreBranch23JAX2012,Andre Branch,2012,dl_lb,23,< 24,JAX,5,194,13,3
CalebBrantley23CLE2017,Caleb Brantley,2017,dl_lb,23,< 24,CLE,9,97,12,1
JoshBrent23DAL2011,Josh Brent,2011,dl_lb,23,< 24,DAL,10,1,11,0
LanceBriggs23CHI2003,Lance Briggs,2003,dl_lb,23,< 24,CHI,6,227,16,13
MichaelBrockers23STL2013,Michael Brockers,2013,dl_lb,23,< 24,STL,1,47,16,16
MasonBrodine23OAK2011,Mason Brodine,2011,dl_lb,23,< 24,OAK,Undrafted,Undrafted,2,0
MattBroha23NYG2012,Matt Broha,2012,dl_lb,23,< 24,NYG,Undrafted,Undrafted,0,NA
JayBromley23NYG2015,Jay Bromley,2015,dl_lb,23,< 24,NYG,6,234,16,4
AhmadBrooks23CIN2007,Ahmad Brooks,2007,dl_lb,23,< 24,CIN,6,1,2,2
KentrellBrothers23MIN2016,Kentrell Brothers,2016,dl_lb,23,< 24,MIN,8,70,10,0
AlexBrown23CHI2002,Alex Brown,2002,dl_lb,23,< 24,CHI,7,8,15,9
ArthurBrown232TM2016,Arthur Brown,2016,dl_lb,23,< 24,2TM,5,214,14,0
BlairBrown23JAX2017,Blair Brown,2017,dl_lb,23,< 24,JAX,8,56,13,2
CourtneyBrown23CLE2001,Courtney Brown,2001,dl_lb,23,< 24,CLE,1,2,5,5
EveretteBrown23CAR2010,Everette Brown,2010,dl_lb,23,< 24,CAR,5,200,13,2
JatavisBrown23LAC2017,Jatavis Brown,2017,dl_lb,23,< 24,LAC,8,86,16,5
JayonBrown23TEN2018,Jayon Brown,2018,dl_lb,23,< 24,TEN,8,64,7,3
MalcomBrown23NWE2017,Malcom Brown,2017,dl_lb,23,< 24,NWE,1,187,13,12
MarkBrown23NYJ2003,Mark Brown,2003,dl_lb,23,< 24,NYJ,Undrafted,Undrafted,1,0
PrestonBrown23BUF2015,Preston Brown,2015,dl_lb,23,< 24,BUF,6,233,16,16
RickyBrown23OAK2006,Ricky Brown,2006,dl_lb,23,< 24,OAK,Undrafted,Undrafted,13,0
TitusBrown23CLE2009,Titus Brown,2009,dl_lb,23,< 24,CLE,Undrafted,Undrafted,1,0
ZachBrown23TEN2012,Zach Brown,2012,dl_lb,23,< 24,TEN,5,210,16,14
ArmontyBryant23CLE2013,Armonty Bryant,2013,dl_lb,23,< 24,CLE,10,132,12,0
CorbinBryant23PIT2011,Corbin Bryant,2011,dl_lb,23,< 24,PIT,Undrafted,Undrafted,1,0
D.J.Bryant23NYJ2012,D.J. Bryant,2012,dl_lb,23,< 24,NYJ,Undrafted,Undrafted,0,NA
WendellBryant23ARI2003,Wendell Bryant,2003,dl_lb,23,< 24,ARI,1,25,12,5
DeoneBucannon23ARI2015,Deone Bucannon,2015,dl_lb,23,< 24,ARI,1,178,16,16
MichaelBuchanan23NWE2014,Michael Buchanan,2014,dl_lb,23,< 24,NWE,10,142,3,0
DeForestBuckner23SFO2017,DeForest Buckner,2017,dl_lb,23,< 24,SFO,1,229,16,16
MarcusBuggs23BUF2008,Marcus Buggs,2008,dl_lb,23,< 24,BUF,Undrafted,Undrafted,4,0
JonathanBullard23CHI2016,Jonathan Bullard,2016,dl_lb,23,< 24,CHI,6,232,14,1
DanielBullocks23DET2006,Daniel Bullocks,2006,dl_lb,23,< 24,DET,5,197,15,7
MaxBullough23HOU2015,Max Bullough,2015,dl_lb,23,< 24,HOU,Undrafted,Undrafted,13,1
KeithBulluck23TEN2000,Keith Bulluck,2000,dl_lb,23,< 24,TEN,1,183,16,1
TimBulman23ARI2005,Tim Bulman,2005,dl_lb,23,< 24,ARI,Undrafted,Undrafted,8,1
BrodrickBunkley23PHI2006,Brodrick Bunkley,2006,dl_lb,23,< 24,PHI,1,47,15,0
VontazeBurfict23CIN2013,Vontaze Burfict,2013,dl_lb,23,< 24,CIN,Undrafted,Undrafted,16,16
DerrickBurgess23PHI2001,Derrick Burgess,2001,dl_lb,23,< 24,PHI,6,222,16,4
JamesBurgess23CLE2017,James Burgess,2017,dl_lb,23,< 24,CLE,Undrafted,Undrafted,14,9
PrescottBurgess23BAL2007,Prescott Burgess,2007,dl_lb,23,< 24,BAL,9,121,8,0
OrenBurks23GNB2018,Oren Burks,2018,dl_lb,23,< 24,GNB,Undrafted,Undrafted,5,2
KaelinBurnett23OAK2012,Kaelin Burnett,2012,dl_lb,23,< 24,OAK,Undrafted,Undrafted,6,0
KevinBurnett23DAL2005,Kevin Burnett,2005,dl_lb,23,< 24,DAL,5,199,13,0
AntwonBurton23DEN2006,Antwon Burton,2006,dl_lb,23,< 24,DEN,Undrafted,Undrafted,1,0
TyreekBurwell23SDG2015,Tyreek Burwell,2015,dl_lb,23,< 24,SDG,Undrafted,Undrafted,9,0
AdamButler23NWE2017,Adam Butler,2017,dl_lb,23,< 24,NWE,Undrafted,Undrafted,16,6
DonaldButler23SDG2011,Donald Butler,2011,dl_lb,23,< 24,SDG,6,239,16,16
VernonButler23CAR2017,Vernon Butler,2017,dl_lb,23,< 24,CAR,1,183,14,0
VictorButler23DAL2010,Victor Butler,2010,dl_lb,23,< 24,DAL,7,15,15,0
JoshBynes23BAL2012,Josh Bynes,2012,dl_lb,23,< 24,BAL,Undrafted,Undrafted,10,3
RockyCalmus23TEN2002,Rocky Calmus,2002,dl_lb,23,< 24,TEN,6,237,13,1
RonnieCameron23PHI2012,Ronnie Cameron,2012,dl_lb,23,< 24,PHI,Undrafted,Undrafted,0,NA
CalaisCampbell23ARI2009,Calais Campbell,2009,dl_lb,23,< 24,ARI,5,208,16,15
De'VondreCampbell23ATL2016,De'Vondre Campbell,2016,dl_lb,23,< 24,ATL,7,20,11,10
KharyCampbell23NYJ2002,Khary Campbell,2002,dl_lb,23,< 24,NYJ,Undrafted,Undrafted,9,0
WilliamCampbell23BUF2014,William Campbell,2014,dl_lb,23,< 24,BUF,9,89,0,NA
AnthonyCannon23DET2007,Anthony Cannon,2007,dl_lb,23,< 24,DET,10,165,11,0
ChrisCanty23DAL2005,Chris Canty,2005,dl_lb,23,< 24,DAL,7,39,16,2
TankCarder23CLE2012,Tank Carder,2012,dl_lb,23,< 24,CLE,8,55,15,1
BobbyCarpenter23DAL2006,Bobby Carpenter,2006,dl_lb,23,< 24,DAL,1,91,13,1
ChrisCarr23OAK2006,Chris Carr,2006,dl_lb,23,< 24,OAK,Undrafted,Undrafted,16,2
JoshCarraway23TEN2017,Josh Carraway,2017,dl_lb,23,< 24,TEN,10,143,1,0
RyanCarrethers23SDG2014,Ryan Carrethers,2014,dl_lb,23,< 24,SDG,8,75,6,1
AdamCarriker23STL2007,Adam Carriker,2007,dl_lb,23,< 24,STL,1,36,16,16
AlexCarrington23BUF2010,Alex Carrington,2010,dl_lb,23,< 24,BUF,6,232,9,0
LeonardoCarson23SDG2000,Leonardo Carson,2000,dl_lb,23,< 24,SDG,7,18,4,0
JordanCarstens23CAR2004,Jordan Carstens,2004,dl_lb,23,< 24,CAR,Undrafted,Undrafted,12,1
AndreCarter23SFO2002,Andre Carter,2002,dl_lb,23,< 24,SFO,1,229,16,16
BruceCarter23DAL2011,Bruce Carter,2011,dl_lb,23,< 24,DAL,5,197,10,0
ChrisCarter23PIT2012,Chris Carter,2012,dl_lb,23,< 24,PIT,8,72,8,3
JermaineCarter23CAR2018,Jermaine Carter,2018,dl_lb,23,< 24,CAR,Undrafted,Undrafted,7,0
LorenzoCarter23NYG2018,Lorenzo Carter,2018,dl_lb,23,< 24,NYG,Undrafted,Undrafted,8,0
JurrellCasey23TEN2012,Jurrell Casey,2012,dl_lb,23,< 24,TEN,6,237,16,16
AntoineCash23ATL2005,Antoine Cash,2005,dl_lb,23,< 24,ATL,Undrafted,Undrafted,3,0
LuisCastillo23SDG2006,Luis Castillo,2006,dl_lb,23,< 24,SDG,1,179,10,9
MikeCatapano23KAN2013,Mike Catapano,2013,dl_lb,23,< 24,KAN,10,121,15,0
QuintonCaver23PHI2001,Quinton Caver,2001,dl_lb,23,< 24,PHI,5,213,11,0
JacquesCesaire23SDG2003,Jacques Cesaire,2003,dl_lb,23,< 24,SDG,Undrafted,Undrafted,4,0
ChrisChamberlain23STL2008,Chris Chamberlain,2008,dl_lb,23,< 24,STL,10,144,16,0
FrankChamberlin23TEN2001,Frank Chamberlin,2001,dl_lb,23,< 24,TEN,8,70,16,0
NateChandler23CAR2012,Nate Chandler,2012,dl_lb,23,< 24,CAR,Undrafted,Undrafted,10,0
JoshChapman23IND2012,Josh Chapman,2012,dl_lb,23,< 24,IND,8,43,0,NA
TacoCharlton23DAL2017,Taco Charlton,2017,dl_lb,23,< 24,DAL,1,179,16,0
MattChatham23NWE2000,Matt Chatham,2000,dl_lb,23,< 24,NWE,Undrafted,Undrafted,6,0
AnthonyChickillo23PIT2015,Anthony Chickillo,2015,dl_lb,23,< 24,PIT,9,127,7,0
BrandonChillar23STL2005,Brandon Chillar,2005,dl_lb,23,< 24,STL,7,37,16,7
PatrickChukwurah23MIN2002,Patrick Chukwurah,2002,dl_lb,23,< 24,MIN,8,66,11,2
BarryChurch23DAL2011,Barry Church,2011,dl_lb,23,< 24,DAL,Undrafted,Undrafted,13,1
VinnyCiurciu232TM2003,Vinny Ciurciu,2003,dl_lb,23,< 24,2TM,Undrafted,Undrafted,10,0
ChrisClaiborne23DET2001,Chris Claiborne,2001,dl_lb,23,< 24,DET,1,251,16,16
KendrickClancy23PIT2001,Kendrick Clancy,2001,dl_lb,23,< 24,PIT,6,232,16,4
DannyClark23JAX2000,Danny Clark,2000,dl_lb,23,< 24,JAX,10,163,16,0
FrankClark23SEA2016,Frank Clark,2016,dl_lb,23,< 24,SEA,5,222,15,5
KennyClark23GNB2018,Kenny Clark,2018,dl_lb,23,< 24,GNB,1,178,7,7
PhilClarke23NOR2000,Phil Clarke,2000,dl_lb,23,< 24,NOR,Undrafted,Undrafted,14,4
WillClarke23CIN2014,Will Clarke,2014,dl_lb,23,< 24,CIN,6,249,7,0
JaredClauss23TEN2004,Jared Clauss,2004,dl_lb,23,< 24,TEN,10,147,14,1
AdrianClayborn23TAM2011,Adrian Clayborn,2011,dl_lb,23,< 24,TAM,1,114,16,16
FelipeClaybrooks23CLE2001,Felipe Claybrooks,2001,dl_lb,23,< 24,CLE,Undrafted,Undrafted,4,0
KeenanClayton23PHI2010,Keenan Clayton,2010,dl_lb,23,< 24,PHI,7,27,7,1
ZachClayton23TEN2011,Zach Clayton,2011,dl_lb,23,< 24,TEN,10,127,3,0
ChunkyClements23HOU2017,Chunky Clements,2017,dl_lb,23,< 24,HOU,Undrafted,Undrafted,2,0
ChrisClemons23WAS2004,Chris Clemons,2004,dl_lb,23,< 24,WAS,Undrafted,Undrafted,6,0
JadeveonClowney23HOU2016,Jadeveon Clowney,2016,dl_lb,23,< 24,HOU,1,2,14,14
ShaunCody23DET2006,Shaun Cody,2006,dl_lb,23,< 24,DET,5,193,6,5
TerrenceCody23BAL2011,Terrence Cody,2011,dl_lb,23,< 24,BAL,5,215,16,16
BarryCofield23NYG2007,Barry Cofield,2007,dl_lb,23,< 24,NYG,7,30,16,15
LandonCohen23DET2009,Landon Cohen,2009,dl_lb,23,< 24,DET,10,131,14,4
AudieCole23MIN2012,Audie Cole,2012,dl_lb,23,< 24,MIN,10,125,5,0
DylanCole23HOU2017,Dylan Cole,2017,dl_lb,23,< 24,HOU,Undrafted,Undrafted,12,1
TrentCole23PHI2005,Trent Cole,2005,dl_lb,23,< 24,PHI,8,54,15,7
DavonColeman23DAL2014,Davon Coleman,2014,dl_lb,23,< 24,DAL,Undrafted,Undrafted,2,1
DeandreColeman23MIA2014,Deandre Coleman,2014,dl_lb,23,< 24,MIA,Undrafted,Undrafted,1,0
KenyonColeman23OAK2002,Kenyon Coleman,2002,dl_lb,23,< 24,OAK,8,55,1,0
TrevonColey23CLE2017,Trevon Coley,2017,dl_lb,23,< 24,CLE,Undrafted,Undrafted,15,15
CameronCollins23HOU2012,Cameron Collins,2012,dl_lb,23,< 24,HOU,Undrafted,Undrafted,1,0
MaliekCollins23DAL2018,Maliek Collins,2018,dl_lb,23,< 24,DAL,6,226,4,0
NateCollins23JAX2010,Nate Collins,2010,dl_lb,23,< 24,JAX,Undrafted,Undrafted,1,0
RoseveltColvin23CHI2000,Rosevelt Colvin,2000,dl_lb,23,< 24,CHI,7,16,13,8
DeMecoRyans23HOU2007,DeMeco Ryans,2007,dl_lb,23,< 24,HOU,5,189,16,16
JimmySaddler-McQueen23DAL2010,Jimmy Saddler-McQueen,2010,dl_lb,23,< 24,DAL,Undrafted,Undrafted,1,0
DarnellSankey23IND2017,Darnell Sankey,2017,dl_lb,23,< 24,IND,Undrafted,Undrafted,6,0
SekouSanyika23ARI2001,Sekou Sanyika,2001,dl_lb,23,< 24,ARI,10,130,16,1
LauvaleSape23BUF2003,Lauvale Sape,2003,dl_lb,23,< 24,BUF,9,99,1,0
BrennanScarlett23HOU2016,Brennan Scarlett,2016,dl_lb,23,< 24,HOU,Undrafted,Undrafted,7,0
J.K.Schaffer23CIN2013,J.K. Schaffer,2013,dl_lb,23,< 24,CIN,Undrafted,Undrafted,9,0
JohnSchlecht23SFO2001,John Schlecht,2001,dl_lb,23,< 24,SFO,Undrafted,Undrafted,8,0
BoSchobel23TEN2004,Bo Schobel,2004,dl_lb,23,< 24,TEN,7,7,5,2
JoeSchobert23CLE2016,Joe Schobert,2016,dl_lb,23,< 24,CLE,7,261,16,4
O'BrienSchofield23ARI2010,O'Brien Schofield,2010,dl_lb,23,< 24,ARI,7,37,10,0
AlvinScioneaux23SDG2014,Alvin Scioneaux,2014,dl_lb,23,< 24,SDG,Undrafted,Undrafted,0,NA
BartScott23BAL2003,Bart Scott,2003,dl_lb,23,< 24,BAL,Undrafted,Undrafted,16,0
DarellScott23STL2009,Darell Scott,2009,dl_lb,23,< 24,STL,7,7,11,5
DarrionScott23MIN2004,Darrion Scott,2004,dl_lb,23,< 24,MIN,6,249,12,0
GregScott23WAS2002,Greg Scott,2002,dl_lb,23,< 24,WAS,10,151,3,0
IanScott23CHI2004,Ian Scott,2004,dl_lb,23,< 24,CHI,7,21,14,13
GeorgeSelvie23STL2010,George Selvie,2010,dl_lb,23,< 24,STL,10,142,16,0
ClintSession23IND2007,Clint Session,2007,dl_lb,23,< 24,IND,7,43,13,1
AdamSeward23CAR2005,Adam Seward,2005,dl_lb,23,< 24,CAR,8,57,4,0
RichardSeymour23NWE2002,Richard Seymour,2002,dl_lb,23,< 24,NWE,1,218,16,16
MontiqueSharpe23KAN2003,Montique Sharpe,2003,dl_lb,23,< 24,KAN,10,147,5,0
DarrylSharpton23HOU2011,Darryl Sharpton,2011,dl_lb,23,< 24,HOU,7,6,8,0
MattShaughnessy23OAK2009,Matt Shaughnessy,2009,dl_lb,23,< 24,OAK,6,231,16,2
JoshShaw23SFO2002,Josh Shaw,2002,dl_lb,23,< 24,SFO,8,83,3,0
TimShaw23CAR2007,Tim Shaw,2007,dl_lb,23,< 24,CAR,8,74,14,0
RyanShazier23PIT2015,Ryan Shazier,2015,dl_lb,23,< 24,PIT,1,58,12,12
JabaalSheard23CLE2012,Jabaal Sheard,2012,dl_lb,23,< 24,CLE,5,193,16,16
CameronSheffield23KAN2011,Cameron Sheffield,2011,dl_lb,23,< 24,KAN,8,50,16,1
DerrickShelby23MIA2012,Derrick Shelby,2012,dl_lb,23,< 24,MIA,Undrafted,Undrafted,16,0
DannyShelton23CLE2016,Danny Shelton,2016,dl_lb,23,< 24,CLE,1,25,16,16
PrinceShembo23ATL2014,Prince Shembo,2014,dl_lb,23,< 24,ATL,7,46,16,3
KelvinSheppard23BUF2011,Kelvin Sheppard,2011,dl_lb,23,< 24,BUF,6,227,16,9
MalcolmSheppard23TEN2011,Malcolm Sheppard,2011,dl_lb,23,< 24,TEN,Undrafted,Undrafted,13,1
JasonShirley23CIN2008,Jason Shirley,2008,dl_lb,23,< 24,CIN,8,53,3,0
JoshShirley23TAM2015,Josh Shirley,2015,dl_lb,23,< 24,TAM,Undrafted,Undrafted,5,0
BrandonShort23NYG2000,Brandon Short,2000,dl_lb,23,< 24,NYG,7,9,11,0
DarrellShropshire23ATL2006,Darrell Shropshire,2006,dl_lb,23,< 24,ATL,10,159,13,1
GarrettSickels23LAR2017,Garrett Sickels,2017,dl_lb,23,< 24,LAR,Undrafted,Undrafted,1,0
LawrenceSidbury23ATL2009,Lawrence Sidbury,2009,dl_lb,23,< 24,ATL,7,31,16,0
ZachSieler23BAL2018,Zach Sieler,2018,dl_lb,23,< 24,BAL,Undrafted,Undrafted,1,0
BrandonSiler23SDG2008,Brandon Siler,2008,dl_lb,23,< 24,SDG,10,158,15,0
SealverSiliga23NWE2013,Sealver Siliga,2013,dl_lb,23,< 24,NWE,Undrafted,Undrafted,5,4
CoreySimon23PHI2000,Corey Simon,2000,dl_lb,23,< 24,PHI,1,218,16,16
JohnSimon23BAL2013,John Simon,2013,dl_lb,23,< 24,BAL,7,35,7,0
MarkSimoneau23ATL2000,Mark Simoneau,2000,dl_lb,23,< 24,ATL,6,226,14,4
ErnieSims23DET2007,Ernie Sims,2007,dl_lb,23,< 24,DET,1,251,16,16
PatSims23CIN2008,Pat Sims,2008,dl_lb,23,< 24,CIN,6,237,11,6
RyanSims23KAN2003,Ryan Sims,2003,dl_lb,23,< 24,KAN,1,218,16,16
ClintSintim23NYG2009,Clint Sintim,2009,dl_lb,23,< 24,NYG,5,202,11,0
PeterSirmon23TEN2000,Peter Sirmon,2000,dl_lb,23,< 24,TEN,7,34,5,0
DanSkuta23CIN2009,Dan Skuta,2009,dl_lb,23,< 24,CIN,Undrafted,Undrafted,8,0
T.J.Slaughter23JAX2000,T.J. Slaughter,2000,dl_lb,23,< 24,JAX,6,254,16,7
JeremySlechta23HOU2003,Jeremy Slechta,2003,dl_lb,23,< 24,HOU,Undrafted,Undrafted,2,0
TanzelSmart23LAR2017,Tanzel Smart,2017,dl_lb,23,< 24,LAR,9,101,16,4
AldonSmith23SFO2012,Aldon Smith,2012,dl_lb,23,< 24,SFO,1,229,16,16
AntonioSmith23ARI2004,Antonio Smith,2004,dl_lb,23,< 24,ARI,8,42,2,0
BrianSmith23BUF2012,Brian Smith,2012,dl_lb,23,< 24,BUF,Undrafted,Undrafted,0,NA
ChrisSmith23JAX2015,Chris Smith,2015,dl_lb,23,< 24,JAX,8,68,6,0
CliftonSmith23WAS2003,Clifton Smith,2003,dl_lb,23,< 24,WAS,Undrafted,Undrafted,1,0
CoreySmith23TAM2002,Corey Smith,2002,dl_lb,23,< 24,TAM,Undrafted,Undrafted,6,0
D.J.Smith23GNB2012,D.J. Smith,2012,dl_lb,23,< 24,GNB,9,98,6,6
DarylSmith23JAX2005,Daryl Smith,2005,dl_lb,23,< 24,JAX,5,195,16,16
DeAngeloSmith23DET2009,DeAngelo Smith,2009,dl_lb,23,< 24,DET,8,51,7,1
DonovanSmith23TAM2016,Donovan Smith,2016,dl_lb,23,< 24,TAM,5,190,16,16
JaylonSmith23DAL2018,Jaylon Smith,2018,dl_lb,23,< 24,DAL,5,190,7,7
JustinSmith23CIN2002,Justin Smith,2002,dl_lb,23,< 24,CIN,1,196,16,16
KeithSmith23DAL2015,Keith Smith,2015,dl_lb,23,< 24,DAL,Undrafted,Undrafted,5,0
KelvinSmith23MIA2007,Kelvin Smith,2007,dl_lb,23,< 24,MIA,10,134,4,0
MalcolmSmith23SEA2012,Malcolm Smith,2012,dl_lb,23,< 24,SEA,10,160,16,3
MarcusSmith23PHI2015,Marcus Smith,2015,dl_lb,23,< 24,PHI,1,174,13,0
PrestonSmith23WAS2015,Preston Smith,2015,dl_lb,23,< 24,WAS,5,194,16,2
RobaireSmith23TEN2000,Robaire Smith,2000,dl_lb,23,< 24,TEN,9,110,7,0
ShaunSmith232TM2004,Shaun Smith,2004,dl_lb,23,< 24,2TM,Undrafted,Undrafted,8,2
TelvinSmith23JAX2014,Telvin Smith,2014,dl_lb,23,< 24,JAX,8,52,16,9
TerranceSmith23KAN2016,Terrance Smith,2016,dl_lb,23,< 24,KAN,Undrafted,Undrafted,9,2
WillSmith23NOR2004,Will Smith,2004,dl_lb,23,< 24,NOR,1,91,16,4
Za'DariusSmith23BAL2015,Za'Darius Smith,2015,dl_lb,23,< 24,BAL,7,28,15,0
MartrellSpaight23WAS2016,Martrell Spaight,2016,dl_lb,23,< 24,WAS,8,49,14,1
BreelandSpeaks23KAN2018,Breeland Speaks,2018,dl_lb,23,< 24,KAN,Undrafted,Undrafted,8,3
MarcusSpears23DAL2006,Marcus Spears,2006,dl_lb,23,< 24,DAL,1,114,16,16
QuintonSpears23CLE2011,Quinton Spears,2011,dl_lb,23,< 24,CLE,Undrafted,Undrafted,13,0
AkeemSpence23TAM2014,Akeem Spence,2014,dl_lb,23,< 24,TAM,7,4,16,5
NoahSpence23TAM2017,Noah Spence,2017,dl_lb,23,< 24,TAM,5,195,6,3
AnthonySpencer23DAL2007,Anthony Spencer,2007,dl_lb,23,< 24,DAL,1,174,16,6
CodySpencer23TEN2004,Cody Spencer,2004,dl_lb,23,< 24,TEN,9,94,7,0
BrandonSpikes23NWE2010,Brandon Spikes,2010,dl_lb,23,< 24,NWE,5,221,12,8
RobertSpillane23TEN2018,Robert Spillane,2018,dl_lb,23,< 24,TEN,Undrafted,Undrafted,2,0
BrandonSpoon23BUF2001,Brandon Spoon,2001,dl_lb,23,< 24,BUF,7,15,14,14
TaylorStallworth23NOR2018,Taylor Stallworth,2018,dl_lb,23,< 24,NOR,Undrafted,Undrafted,5,0
JulianStanford23DET2013,Julian Stanford,2013,dl_lb,23,< 24,DET,Undrafted,Undrafted,4,0
RonaldStanley23PIT2006,Ronald Stanley,2006,dl_lb,23,< 24,PIT,Undrafted,Undrafted,1,0
RandyStarks23TEN2006,Randy Starks,2006,dl_lb,23,< 24,TEN,6,231,16,8
JimmyStaten23SEA2014,Jimmy Staten,2014,dl_lb,23,< 24,SEA,8,83,0,NA
MarkusSteele23DAL2002,Markus Steele,2002,dl_lb,23,< 24,DAL,7,28,13,1
ShamarStephen23MIN2014,Shamar Stephen,2014,dl_lb,23,< 24,MIN,10,136,16,3
LarryStevens23CIN2005,Larry Stevens,2005,dl_lb,23,< 24,CIN,Undrafted,Undrafted,7,0
TonySteward23BUF2015,Tony Steward,2015,dl_lb,23,< 24,BUF,9,100,7,0
MattStewart23ATL2002,Matt Stewart,2002,dl_lb,23,< 24,ATL,7,6,16,13
QuincyStewart23SFO2001,Quincy Stewart,2001,dl_lb,23,< 24,SFO,Undrafted,Undrafted,16,0
DevonStill23CIN2012,Devon Still,2012,dl_lb,23,< 24,CIN,5,211,8,0
MarcusStroud23JAX2001,Marcus Stroud,2001,dl_lb,23,< 24,JAX,1,36,16,0
AndyStudebaker23KAN2008,Andy Studebaker,2008,dl_lb,23,< 24,KAN,9,117,6,0
TerrellSuggs23BAL2005,Terrell Suggs,2005,dl_lb,23,< 24,BAL,1,3,16,16
NdamukongSuh23DET2010,Ndamukong Suh,2010,dl_lb,23,< 24,DET,1,113,16,16
JohnathanSullivan23NOR2004,Johnathan Sullivan,2004,dl_lb,23,< 24,NOR,1,218,7,4
WillSutton23CHI2014,Will Sutton,2014,dl_lb,23,< 24,CHI,6,243,15,5
BillSwancutt23DET2005,Bill Swancutt,2005,dl_lb,23,< 24,DET,9,96,8,0
StevensonSylvester23PIT2011,Stevenson Sylvester,2011,dl_lb,23,< 24,PIT,8,76,15,1
AlamedaTa'amu23ARI2013,Alameda Ta'amu,2013,dl_lb,23,< 24,ARI,7,13,14,3
JoeTafoya23CHI2001,Joe Tafoya,2001,dl_lb,23,< 24,CHI,10,151,5,0
DarrylTapp23SEA2007,Darryl Tapp,2007,dl_lb,23,< 24,SEA,5,222,16,16
A.J.Tarpley23BUF2015,A.J. Tarpley,2015,dl_lb,23,< 24,BUF,Undrafted,Undrafted,15,2
LofaTatupu23SEA2005,Lofa Tatupu,2005,dl_lb,23,< 24,SEA,5,202,16,16
PitaTaumoepenu23SFO2017,Pita Taumoepenu,2017,dl_lb,23,< 24,SFO,9,116,2,0
HileeTaylor23CAR2009,Hilee Taylor,2009,dl_lb,23,< 24,CAR,10,137,6,0
JullianTaylor23SFO2018,Jullian Taylor,2018,dl_lb,23,< 24,SFO,Undrafted,Undrafted,1,0
PhilTaylor23CLE2011,Phil Taylor,2011,dl_lb,23,< 24,CLE,1,124,16,16
TonyTaylor23ATL2007,Tony Taylor,2007,dl_lb,23,< 24,ATL,Undrafted,Undrafted,16,0
VincentTaylor23MIA2017,Vincent Taylor,2017,dl_lb,23,< 24,MIA,9,107,13,0
MantiTe'o23SDG2014,Manti Te'o,2014,dl_lb,23,< 24,SDG,5,194,10,6
AdaliusThomas23BAL2000,Adalius Thomas,2000,dl_lb,23,< 24,BAL,9,98,3,0
BryanThomas23NYJ2002,Bryan Thomas,2002,dl_lb,23,< 24,NYJ,1,135,15,0
ChadThomas23CLE2018,Chad Thomas,2018,dl_lb,23,< 24,CLE,Undrafted,Undrafted,4,0
JoshThomas23IND2004,Josh Thomas,2004,dl_lb,23,< 24,IND,Undrafted,Undrafted,11,0
LawrenceThomas23NYJ2016,Lawrence Thomas,2016,dl_lb,23,< 24,NYJ,Undrafted,Undrafted,3,1
MarcusThomas23DEN2008,Marcus Thomas,2008,dl_lb,23,< 24,DEN,7,27,16,16
MatthewThomas23PIT2018,Matthew Thomas,2018,dl_lb,23,< 24,PIT,Undrafted,Undrafted,7,0
PatThomas23JAX2006,Pat Thomas,2006,dl_lb,23,< 24,JAX,9,107,2,0
RobertThomas23WAS2014,Robert Thomas,2014,dl_lb,23,< 24,WAS,Undrafted,Undrafted,0,NA
RobertThomas23STL2003,Robert Thomas,2003,dl_lb,23,< 24,STL,1,186,12,9
SolomonThomas23SFO2018,Solomon Thomas,2018,dl_lb,23,< 24,SFO,1,182,9,7
TerrellThomas23NYG2008,Terrell Thomas,2008,dl_lb,23,< 24,NYG,5,222,12,2
BrandonThompson23CIN2012,Brandon Thompson,2012,dl_lb,23,< 24,CIN,6,255,3,0
CarlosThompson23HOU2015,Carlos Thompson,2015,dl_lb,23,< 24,HOU,Undrafted,Undrafted,2,0
ChaunThompson23CLE2003,Chaun Thompson,2003,dl_lb,23,< 24,CLE,5,210,16,0
DonnelThompson23IND2001,Donnel Thompson,2001,dl_lb,23,< 24,IND,Undrafted,Undrafted,4,0
EverretteThompson23ARI2012,Everrette Thompson,2012,dl_lb,23,< 24,ARI,Undrafted,Undrafted,0,NA
JeremyThompson23GNB2008,Jeremy Thompson,2008,dl_lb,23,< 24,GNB,7,6,9,3
RaynochThompson23ARI2000,Raynoch Thompson,2000,dl_lb,23,< 24,ARI,5,198,11,9
ShaqThompson23CAR2017,Shaq Thompson,2017,dl_lb,23,< 24,CAR,1,168,14,14
LawrenceTimmons23PIT2009,Lawrence Timmons,2009,dl_lb,23,< 24,PIT,1,58,14,13
JohnTimu23CHI2015,John Timu,2015,dl_lb,23,< 24,CHI,Undrafted,Undrafted,7,3
PisaTinoisamoa23STL2004,Pisa Tinoisamoa,2004,dl_lb,23,< 24,STL,5,200,16,16
MattToeaina23CHI2007,Matt Toeaina,2007,dl_lb,23,< 24,CHI,9,99,3,0
PagoTogafau23PHI2007,Pago Togafau,2007,dl_lb,23,< 24,PHI,Undrafted,Undrafted,7,0
DalvinTomlinson23NYG2017,Dalvin Tomlinson,2017,dl_lb,23,< 24,NYG,5,213,16,16
ReggieTorbor23NYG2004,Reggie Torbor,2004,dl_lb,23,< 24,NYG,7,259,16,1
LesterTowns23CAR2000,Lester Towns,2000,dl_lb,23,< 24,CAR,10,137,16,14
JustinTrattou23NYG2011,Justin Trattou,2011,dl_lb,23,< 24,NYG,Undrafted,Undrafted,6,0
DannyTrevathan23DEN2013,Danny Trevathan,2013,dl_lb,23,< 24,DEN,9,100,16,16
NateTriplett23IND2010,Nate Triplett,2010,dl_lb,23,< 24,IND,8,77,5,0
JordanTripp23MIA2014,Jordan Tripp,2014,dl_lb,23,< 24,MIA,8,82,13,0
LarryTripplett23IND2002,Larry Tripplett,2002,dl_lb,23,< 24,IND,5,199,13,10
JeremiahTrotter23PHI2000,Jeremiah Trotter,2000,dl_lb,23,< 24,PHI,6,232,16,16
TorellTroup23BUF2011,Torell Troup,2011,dl_lb,23,< 24,BUF,5,198,6,0
JasonTrusnik23NYJ2007,Jason Trusnik,2007,dl_lb,23,< 24,NYJ,Undrafted,Undrafted,6,0
MarcusTubbs23SEA2004,Marcus Tubbs,2004,dl_lb,23,< 24,SEA,1,146,11,3
JustinTuck23NYG2006,Justin Tuck,2006,dl_lb,23,< 24,NYG,6,234,6,0
SeanTufts23CAR2005,Sean Tufts,2005,dl_lb,23,< 24,CAR,9,109,12,0
JustinTuggle23HOU2013,Justin Tuggle,2013,dl_lb,23,< 24,HOU,Undrafted,Undrafted,15,1
MaugaulaTuitele23NWE2001,Maugaula Tuitele,2001,dl_lb,23,< 24,NWE,Undrafted,Undrafted,1,0
StephonTuitt23PIT2016,Stephon Tuitt,2016,dl_lb,23,< 24,PIT,5,203,14,14
StephenTulloch23TEN2008,Stephen Tulloch,2008,dl_lb,23,< 24,TEN,7,21,16,12
JoshTupou23CIN2017,Josh Tupou,2017,dl_lb,23,< 24,CIN,Undrafted,Undrafted,1,0
KemokoTuray23IND2018,Kemoko Turay,2018,dl_lb,23,< 24,IND,Undrafted,Undrafted,8,3
BarryTurner232TM2010,Barry Turner,2010,dl_lb,23,< 24,2TM,Undrafted,Undrafted,3,0
T.J.Turner23NWE2001,T.J. Turner,2001,dl_lb,23,< 24,NWE,10,156,2,0
TankTyler23KAN2008,Tank Tyler,2008,dl_lb,23,< 24,KAN,6,243,16,16
DeAngeloTyson23BAL2012,DeAngelo Tyson,2012,dl_lb,23,< 24,BAL,10,153,10,2
KenechiUdeze23MIN2006,Kenechi Udeze,2006,dl_lb,23,< 24,MIN,1,114,16,15
JeffUlbrich23SFO2000,Jeff Ulbrich,2000,dl_lb,23,< 24,SFO,6,247,4,0
OsiUmenyiora23NYG2004,Osi Umenyiora,2004,dl_lb,23,< 24,NYG,5,214,16,7
MasonUnck23CLE2003,Mason Unck,2003,dl_lb,23,< 24,CLE,Undrafted,Undrafted,1,0
DimitriusUnderwood23DAL2000,Dimitrius Underwood,2000,dl_lb,23,< 24,DAL,1,180,15,0
CourtneyUpshaw23BAL2012,Courtney Upshaw,2012,dl_lb,23,< 24,BAL,5,191,16,9
BrentUrban23BAL2014,Brent Urban,2014,dl_lb,23,< 24,BAL,7,41,0,NA
BrianUrlacher*23CHI2001,Brian Urlacher*,2001,dl_lb,23,< 24,CHI,1,251,16,16
DestinyVaeao23PHI2017,Destiny Vaeao,2017,dl_lb,23,< 24,PHI,Undrafted,Undrafted,11,0
TannerVallejo23BUF2017,Tanner Vallejo,2017,dl_lb,23,< 24,BUF,9,108,15,0
JeremiahValoaga23DET2017,Jeremiah Valoaga,2017,dl_lb,23,< 24,DET,Undrafted,Undrafted,9,0
KyleVan Noy23DET2014,Kyle Van Noy,2014,dl_lb,23,< 24,DET,5,197,8,0
KyleVanden Bosch23ARI2001,Kyle Vanden Bosch,2001,dl_lb,23,< 24,ARI,5,190,3,3
EddieVanderdoes23OAK2017,Eddie Vanderdoes,2017,dl_lb,23,< 24,OAK,6,249,16,13
KhaleedVaughn23ATL2004,Khaleed Vaughn,2004,dl_lb,23,< 24,ATL,Undrafted,Undrafted,3,0
VitaVea23TAM2018,Vita Vea,2018,dl_lb,23,< 24,TAM,Undrafted,Undrafted,4,2
OlivierVernon23MIA2013,Olivier Vernon,2013,dl_lb,23,< 24,MIA,6,232,16,14
NickVigil23CIN2016,Nick Vigil,2016,dl_lb,23,< 24,CIN,6,248,16,0
JonathanVilma23NYJ2005,Jonathan Vilma,2005,dl_lb,23,< 24,NYJ,1,25,16,16
LawrenceVirgil23NOR2014,Lawrence Virgil,2014,dl_lb,23,< 24,NOR,Undrafted,Undrafted,1,0
DavidVobora23STL2009,David Vobora,2009,dl_lb,23,< 24,STL,10,171,12,10
BobbyWagner23SEA2013,Bobby Wagner,2013,dl_lb,23,< 24,SEA,5,204,14,14
FredWakefield23ARI2001,Fred Wakefield,2001,dl_lb,23,< 24,ARI,Undrafted,Undrafted,16,12
ErikWalden232TM2008,Erik Walden,2008,dl_lb,23,< 24,2TM,9,77,15,0
AnthonyWalker23IND2018,Anthony Walker,2018,dl_lb,23,< 24,IND,Undrafted,Undrafted,8,7
DarwinWalker23ARI2000,Darwin Walker,2000,dl_lb,23,< 24,ARI,6,231,1,0
DeMarcusWalker23DEN2017,DeMarcus Walker,2017,dl_lb,23,< 24,DEN,5,209,10,0
ReggieWalker23ARI2009,Reggie Walker,2009,dl_lb,23,< 24,ARI,Undrafted,Undrafted,7,0
TyrunnWalker23NOR2013,Tyrunn Walker,2013,dl_lb,23,< 24,NOR,Undrafted,Undrafted,7,0
VanceWalker23ATL2010,Vance Walker,2010,dl_lb,23,< 24,ATL,10,125,16,1
JohnAbraham24NYJ2002,John Abraham,2002,dl_lb,24,< 24,NYJ,1,36,16,16
EmmanuelAcho24PHI2014,Emmanuel Acho,2014,dl_lb,24,< 24,PHI,9,118,14,2
SamAcho24ARI2012,Sam Acho,2012,dl_lb,24,< 24,ARI,7,7,16,16
AnthonyAdams24SFO2004,Anthony Adams,2004,dl_lb,24,< 24,SFO,5,215,14,12
GainesAdams24TAM2007,Gaines Adams,2007,dl_lb,24,< 24,TAM,1,196,16,8
KeithAdams24PHI2003,Keith Adams,2003,dl_lb,24,< 24,PHI,10,149,15,0
TyrellAdams24OAK2016,Tyrell Adams,2016,dl_lb,24,< 24,OAK,Undrafted,Undrafted,6,0
MarioAddison242TM2011,Mario Addison,2011,dl_lb,24,< 24,2TM,Undrafted,Undrafted,7,0
VictorAdeyanju24STL2007,Victor Adeyanju,2007,dl_lb,24,< 24,STL,7,18,15,7
XavierAdibi24HOU2008,Xavier Adibi,2008,dl_lb,24,< 24,HOU,7,23,7,5
JudeAdjei-Barimah24TAM2016,Jude Adjei-Barimah,2016,dl_lb,24,< 24,TAM,Undrafted,Undrafted,10,1
SpencerAdkins24ATL2011,Spencer Adkins,2011,dl_lb,24,< 24,ATL,9,87,10,1
DanielAdongo24IND2013,Daniel Adongo,2013,dl_lb,24,< 24,IND,Undrafted,Undrafted,2,0
IkaikaAlama-Francis24DET2008,Ikaika Alama-Francis,2008,dl_lb,24,< 24,DET,5,216,13,2
AlexAlbright24DAL2012,Alex Albright,2012,dl_lb,24,< 24,DAL,Undrafted,Undrafted,14,2
D.J.Alexander24KAN2015,D.J. Alexander,2015,dl_lb,24,< 24,KAN,8,83,16,0
EricAlexander24NWE2006,Eric Alexander,2006,dl_lb,24,< 24,NWE,Undrafted,Undrafted,14,0
FrankAlexander24CAR2013,Frank Alexander,2013,dl_lb,24,< 24,CAR,7,7,12,3
KwonAlexander24TAM2018,Kwon Alexander,2018,dl_lb,24,< 24,TAM,7,30,6,6
LorenzoAlexander24WAS2007,Lorenzo Alexander,2007,dl_lb,24,< 24,WAS,Undrafted,Undrafted,13,1
JayAlford24NYG2007,Jay Alford,2007,dl_lb,24,< 24,NYG,6,242,16,0
BeauAllen24PHI2015,Beau Allen,2015,dl_lb,24,< 24,PHI,10,140,16,2
BrianAllen24CAR2002,Brian Allen,2002,dl_lb,24,< 24,CAR,6,244,16,5
ChaseAllen24MIA2017,Chase Allen,2017,dl_lb,24,< 24,MIA,Undrafted,Undrafted,16,4
JamesAllen24NOR2003,James Allen,2003,dl_lb,24,< 24,NOR,6,243,15,1
JaredAllen24KAN2006,Jared Allen,2006,dl_lb,24,< 24,KAN,7,32,16,16
RussellAllen24JAX2010,Russell Allen,2010,dl_lb,24,< 24,JAX,Undrafted,Undrafted,16,4
ColinAllred24TEN2007,Colin Allred,2007,dl_lb,24,< 24,TEN,Undrafted,Undrafted,3,0
JonAlston24OAK2007,Jon Alston,2007,dl_lb,24,< 24,OAK,6,237,13,0
TysonAlualu24JAX2011,Tyson Alualu,2011,dl_lb,24,< 24,JAX,1,3,16,16
CharlieAnderson24HOU2005,Charlie Anderson,2005,dl_lb,24,< 24,HOU,9,115,16,0
HenryAnderson24IND2015,Henry Anderson,2015,dl_lb,24,< 24,IND,6,255,9,9
JamaalAnderson24ATL2010,Jamaal Anderson,2010,dl_lb,24,< 24,ATL,1,240,16,3
JamesAnderson24CAR2007,James Anderson,2007,dl_lb,24,< 24,CAR,6,249,10,1
JonathanAnderson24CHI2015,Jonathan Anderson,2015,dl_lb,24,< 24,CHI,Undrafted,Undrafted,11,3
MarkAnderson24CHI2007,Mark Anderson,2007,dl_lb,24,< 24,CHI,8,68,14,14
RyanAnderson24WAS2018,Ryan Anderson,2018,dl_lb,24,< 24,WAS,5,206,7,0
TimAnderson24BUF2004,Tim Anderson,2004,dl_lb,24,< 24,BUF,6,234,3,0
ZaireAnderson24DEN2016,Zaire Anderson,2016,dl_lb,24,< 24,DEN,Undrafted,Undrafted,16,1
PatAngerer24IND2011,Pat Angerer,2011,dl_lb,24,< 24,IND,5,222,16,16
EzekielAnsah24DET2013,Ezekiel Ansah,2013,dl_lb,24,< 24,DET,1,207,14,12
CorneliusAnthony24SFO2002,Cornelius Anthony,2002,dl_lb,24,< 24,SFO,Undrafted,Undrafted,10,0
StephoneAnthony24NOR2016,Stephone Anthony,2016,dl_lb,24,< 24,NOR,1,186,10,3
KennyAnunike24DEN2014,Kenny Anunike,2014,dl_lb,24,< 24,DEN,Undrafted,Undrafted,0,NA
AlexAnzalone24NOR2018,Alex Anzalone,2018,dl_lb,24,< 24,NOR,6,236,7,3
AntwanApplewhite24SDG2009,Antwan Applewhite,2009,dl_lb,24,< 24,SDG,Undrafted,Undrafted,1,0
BrandonArcher24IND2007,Brandon Archer,2007,dl_lb,24,< 24,IND,Undrafted,Undrafted,6,0
ThurstonArmbrister24DET2016,Thurston Armbrister,2016,dl_lb,24,< 24,DET,Undrafted,Undrafted,14,2
JoJuanArmour24CIN2000,JoJuan Armour,2000,dl_lb,24,< 24,CIN,10,140,4,0
ArikArmstead24SFO2017,Arik Armstead,2017,dl_lb,24,< 24,SFO,1,80,6,6
Ray-RayArmstrong242TM2015,Ray-Ray Armstrong,2015,dl_lb,24,< 24,2TM,Undrafted,Undrafted,15,2
BrianArnfelt24PIT2013,Brian Arnfelt,2013,dl_lb,24,< 24,PIT,Undrafted,Undrafted,2,0
StanleyArnoux24NOR2010,Stanley Arnoux,2010,dl_lb,24,< 24,NOR,7,23,9,0
LaVarArrington24WAS2002,LaVar Arrington,2002,dl_lb,24,< 24,WAS,1,113,16,16
RichardAsh242TM2016,Richard Ash,2016,dl_lb,24,< 24,2TM,Undrafted,Undrafted,2,0
K.C.Asiodu24NOR2010,K.C. Asiodu,2010,dl_lb,24,< 24,NOR,Undrafted,Undrafted,1,0
BarakaAtkins24SEA2008,Baraka Atkins,2008,dl_lb,24,< 24,SEA,7,26,9,0
CoreyAtkins24ATL2000,Corey Atkins,2000,dl_lb,24,< 24,ATL,Undrafted,Undrafted,12,0
GenoAtkins24CIN2012,Geno Atkins,2012,dl_lb,24,< 24,CIN,7,26,16,16
JeremiahAttaochu24LAC2017,Jeremiah Attaochu,2017,dl_lb,24,< 24,LAC,5,208,4,0
MarvinAustin242TM2013,Marvin Austin,2013,dl_lb,24,< 24,2TM,5,210,3,0
DenicoAutry24OAK2014,Denico Autry,2014,dl_lb,24,< 24,OAK,Undrafted,Undrafted,10,0
CliffAvril24DET2010,Cliff Avril,2010,dl_lb,24,< 24,DET,6,254,13,13
AdrianAwasom24NYG2007,Adrian Awasom,2007,dl_lb,24,< 24,NYG,Undrafted,Undrafted,2,0
AkeemAyers24TEN2013,Akeem Ayers,2013,dl_lb,24,< 24,TEN,5,195,16,14
RobertAyers24DEN2009,Robert Ayers,2009,dl_lb,24,< 24,DEN,1,91,15,1
KoleAyi24STL2002,Kole Ayi,2002,dl_lb,24,< 24,STL,Undrafted,Undrafted,6,0
AkinAyodele24JAX2003,Akin Ayodele,2003,dl_lb,24,< 24,JAX,6,250,16,16
RemiAyodele24DAL2007,Remi Ayodele,2007,dl_lb,24,< 24,DAL,Undrafted,Undrafted,7,0
JasonBabin24HOU2004,Jason Babin,2004,dl_lb,24,< 24,HOU,1,178,16,16
JonathanBabineaux24ATL2005,Jonathan Babineaux,2005,dl_lb,24,< 24,ATL,5,217,16,6
AllenBailey24KAN2013,Allen Bailey,2013,dl_lb,24,< 24,KAN,6,247,15,3
BossBailey24DET2003,Boss Bailey,2003,dl_lb,24,< 24,DET,5,190,16,16
PatrickBailey24PIT2009,Patrick Bailey,2009,dl_lb,24,< 24,PIT,Undrafted,Undrafted,16,0
RodneyBailey24PIT2003,Rodney Bailey,2003,dl_lb,24,< 24,PIT,9,93,16,0
ChaseBaker24MIN2012,Chase Baker,2012,dl_lb,24,< 24,MIN,Undrafted,Undrafted,0,NA
DaveBall242TM2005,Dave Ball,2005,dl_lb,24,< 24,2TM,8,40,5,0
KentwanBalmer24SEA2010,Kentwan Balmer,2010,dl_lb,24,< 24,SEA,1,180,16,11
JasonBanks24ARI2009,Jason Banks,2009,dl_lb,24,< 24,ARI,Undrafted,Undrafted,1,0
JustinBannan24BUF2003,Justin Bannan,2003,dl_lb,24,< 24,BUF,8,46,14,1
TullyBanta-Cain24NWE2004,Tully Banta-Cain,2004,dl_lb,24,< 24,NWE,10,156,16,0
AntwanBarnes24BAL2008,Antwan Barnes,2008,dl_lb,24,< 24,BAL,7,41,13,0
LionelBarnes242TM2000,Lionel Barnes,2000,dl_lb,24,< 24,2TM,9,87,2,0
T.J.Barnes24NYJ2014,T.J. Barnes,2014,dl_lb,24,< 24,NYJ,Undrafted,Undrafted,6,0
TavarisBarnes24NOR2015,Tavaris Barnes,2015,dl_lb,24,< 24,NOR,Undrafted,Undrafted,13,0
NickBarnett24GNB2005,Nick Barnett,2005,dl_lb,24,< 24,GNB,1,180,16,16
AnthonyBarr24MIN2016,Anthony Barr,2016,dl_lb,24,< 24,MIN,1,251,16,16
ShaquilBarrett24DEN2016,Shaquil Barrett,2016,dl_lb,24,< 24,DEN,Undrafted,Undrafted,16,0
SamBarrington24GNB2014,Sam Barrington,2014,dl_lb,24,< 24,GNB,10,149,14,7
LaminBarrow24DEN2014,Lamin Barrow,2014,dl_lb,24,< 24,DEN,8,65,16,1
WilliamBartee24KAN2001,William Bartee,2001,dl_lb,24,< 24,KAN,5,212,16,5
RonBartell24STL2006,Ron Bartell,2006,dl_lb,24,< 24,STL,5,208,16,1
EricBarton24OAK2001,Eric Barton,2001,dl_lb,24,< 24,OAK,8,54,16,1
JoploBartu24ATL2014,Joplo Bartu,2014,dl_lb,24,< 24,ATL,Undrafted,Undrafted,16,14
ConnorBarwin24HOU2010,Connor Barwin,2010,dl_lb,24,< 24,HOU,5,203,1,0
TarellBasham242TM2018,Tarell Basham,2018,dl_lb,24,< 24,2TM,6,241,3,1
DavidBass24CHI2014,David Bass,2014,dl_lb,24,< 24,CHI,10,150,8,1
DarenBates24STL2014,Daren Bates,2014,dl_lb,24,< 24,STL,Undrafted,Undrafted,14,0
HoustonBates24WAS2015,Houston Bates,2015,dl_lb,24,< 24,WAS,Undrafted,Undrafted,10,0
DannyBatten24BUF2011,Danny Batten,2011,dl_lb,24,< 24,BUF,9,105,16,4
VicBeasley24ATL2016,Vic Beasley,2016,dl_lb,24,< 24,ATL,1,240,16,12
JonBeason24CAR2009,Jon Beason,2009,dl_lb,24,< 24,CAR,1,168,16,16
SteveBeauharnais24WAS2014,Steve Beauharnais,2014,dl_lb,24,< 24,WAS,10,152,3,0
JordanBeck24DEN2007,Jordan Beck,2007,dl_lb,24,< 24,DEN,6,252,11,0
MontyBeisel24KAN2002,Monty Beisel,2002,dl_lb,24,< 24,KAN,7,11,16,0
JovanBelcher24KAN2011,Jovan Belcher,2011,dl_lb,24,< 24,KAN,Undrafted,Undrafted,16,16
KendrellBell24PIT2004,Kendrell Bell,2004,dl_lb,24,< 24,PIT,5,195,3,0
MarcusBell24ARI2003,Marcus Bell,2003,dl_lb,24,< 24,ARI,7,29,13,10
MarcusBell24SEA2001,Marcus Bell,2001,dl_lb,24,< 24,SEA,7,21,13,0
NickBellore24NYJ2013,Nick Bellore,2013,dl_lb,24,< 24,NYJ,Undrafted,Undrafted,16,0
MarcusBenard24CLE2009,Marcus Benard,2009,dl_lb,24,< 24,CLE,Undrafted,Undrafted,6,0
MichaelBennett24JAX2017,Michael Bennett,2017,dl_lb,24,< 24,JAX,9,92,1,0
MichaelBennett24TAM2009,Michael Bennett,2009,dl_lb,24,< 24,TAM,Undrafted,Undrafted,7,0
KevinBentley24CLE2003,Kevin Bentley,2003,dl_lb,24,< 24,CLE,7,5,16,14
JakeBequette24NWE2013,Jake Bequette,2013,dl_lb,24,< 24,NWE,6,252,5,0
RockyBernard24SEA2003,Rocky Bernard,2003,dl_lb,24,< 24,SEA,8,54,12,0
BrennenBeyer24BAL2016,Brennen Beyer,2016,dl_lb,24,< 24,BAL,Undrafted,Undrafted,1,0
VinceBiegel24GNB2017,Vince Biegel,2017,dl_lb,24,< 24,GNB,7,12,9,0
KroyBiermann24ATL2009,Kroy Biermann,2009,dl_lb,24,< 24,ATL,8,63,16,2
ChristoBilukidi242TM2013,Christo Bilukidi,2013,dl_lb,24,< 24,2TM,9,101,7,0
DarnellBing24DET2008,Darnell Bing,2008,dl_lb,24,< 24,DET,7,5,1,0
RyonBingham24SDG2005,Ryon Bingham,2005,dl_lb,24,< 24,SDG,10,118,1,0
BrontBird24SDG2013,Bront Bird,2013,dl_lb,24,< 24,SDG,Undrafted,Undrafted,16,2
DesmondBishop24GNB2008,Desmond Bishop,2008,dl_lb,24,< 24,GNB,9,105,15,1
KenBishop24DAL2014,Ken Bishop,2014,dl_lb,24,< 24,DAL,10,170,3,0
QuincyBlack24TAM2008,Quincy Black,2008,dl_lb,24,< 24,TAM,6,227,16,0
ChaseBlackburn24NYG2007,Chase Blackburn,2007,dl_lb,24,< 24,NYG,Undrafted,Undrafted,16,0
AngeloBlackson24TEN2016,Angelo Blackson,2016,dl_lb,24,< 24,TEN,7,4,13,2
DarrylBlackstock24ARI2007,Darryl Blackstock,2007,dl_lb,24,< 24,ARI,6,257,16,0
WillieBlade24DAL2003,Willie Blade,2003,dl_lb,24,< 24,DAL,6,255,15,14
H.B.Blades24WAS2008,H.B. Blades,2008,dl_lb,24,< 24,WAS,9,90,16,5
RonaldBlair24SFO2017,Ronald Blair,2017,dl_lb,24,< 24,SFO,8,50,6,2
KennethBoatright24DAL2014,Kenneth Boatright,2014,dl_lb,24,< 24,DAL,Undrafted,Undrafted,1,0
ColbyBockwoldt24NOR2005,Colby Bockwoldt,2005,dl_lb,24,< 24,NOR,10,158,16,16
RockyBoiman24TEN2004,Rocky Boiman,2004,dl_lb,24,< 24,TEN,7,40,7,6
MichaelBoley24ATL2006,Michael Boley,2006,dl_lb,24,< 24,ATL,8,70,16,13
DevanteBond24TAM2017,Devante Bond,2017,dl_lb,24,< 24,TAM,9,95,14,2
RyanBoschetti24WAS2005,Ryan Boschetti,2005,dl_lb,24,< 24,WAS,Undrafted,Undrafted,13,1
JonathanBostic24NWE2015,Jonathan Bostic,2015,dl_lb,24,< 24,NWE,5,208,11,1
StephenBowen24DAL2008,Stephen Bowen,2008,dl_lb,24,< 24,DAL,Undrafted,Undrafted,14,0
DavidBowens24MIA2001,David Bowens,2001,dl_lb,24,< 24,MIA,8,67,8,0
Da'QuanBowers24TAM2014,Da'Quan Bowers,2014,dl_lb,24,< 24,TAM,5,209,11,2
NaVorroBowman24SFO2012,NaVorro Bowman,2012,dl_lb,24,< 24,SFO,6,253,16,16
JoshBoyd24GNB2013,Josh Boyd,2013,dl_lb,24,< 24,GNB,8,77,9,0
McKinleyBoykin24NOR2007,McKinley Boykin,2007,dl_lb,24,< 24,NOR,Undrafted,Undrafted,3,0
RonBrace24NWE2010,Ron Brace,2010,dl_lb,24,< 24,NWE,5,197,13,5
GaryBrackett24IND2004,Gary Brackett,2004,dl_lb,24,< 24,IND,Undrafted,Undrafted,15,1
AllenBradford24SEA2012,Allen Bradford,2012,dl_lb,24,< 24,SEA,9,99,1,0
CarlBradford242TM2016,Carl Bradford,2016,dl_lb,24,< 24,2TM,7,27,6,0
NigelBradham24BUF2013,Nigel Bradham,2013,dl_lb,24,< 24,BUF,7,9,16,2
JonBradley24TAM2005,Jon Bradley,2005,dl_lb,24,< 24,TAM,Undrafted,Undrafted,13,0
StewartBradley24PHI2007,Stewart Bradley,2007,dl_lb,24,< 24,PHI,6,248,16,1
BryanBraman24HOU2011,Bryan Braman,2011,dl_lb,24,< 24,HOU,Undrafted,Undrafted,16,0
AlanBranch24ARI2008,Alan Branch,2008,dl_lb,24,< 24,ARI,5,189,4,0
AndreBranch24JAX2013,Andre Branch,2013,dl_lb,24,< 24,JAX,5,194,16,0
CalebBrantley24WAS2018,Caleb Brantley,2018,dl_lb,24,< 24,WAS,9,97,2,0
TylerBrayton24OAK2003,Tyler Brayton,2003,dl_lb,24,< 24,OAK,1,187,16,16
JoshBrent24DAL2012,Josh Brent,2012,dl_lb,24,< 24,DAL,10,1,12,5
DiyralBriggs24SFO2009,Diyral Briggs,2009,dl_lb,24,< 24,SFO,Undrafted,Undrafted,4,0
LanceBriggs24CHI2004,Lance Briggs,2004,dl_lb,24,< 24,CHI,6,227,16,16
JasperBrinkley24MIN2009,Jasper Brinkley,2009,dl_lb,24,< 24,MIN,8,59,16,4
RaheemBrock24IND2002,Raheem Brock,2002,dl_lb,24,< 24,IND,10,155,13,6
MichaelBrockers24STL2014,Michael Brockers,2014,dl_lb,24,< 24,STL,1,47,16,16
MasonBrodine24STL2012,Mason Brodine,2012,dl_lb,24,< 24,STL,Undrafted,Undrafted,0,NA
JayBromley24NYG2016,Jay Bromley,2016,dl_lb,24,< 24,NYG,6,234,15,0
BobbyBrooks24OAK2000,Bobby Brooks,2000,dl_lb,24,< 24,OAK,Undrafted,Undrafted,16,0
JermaineBrooks24DAL2003,Jermaine Brooks,2003,dl_lb,24,< 24,DAL,Undrafted,Undrafted,1,0
KentrellBrothers24MIN2017,Kentrell Brothers,2017,dl_lb,24,< 24,MIN,8,70,16,0
AlexBrown24CHI2003,Alex Brown,2003,dl_lb,24,< 24,CHI,7,8,16,16
BlairBrown24JAX2018,Blair Brown,2018,dl_lb,24,< 24,JAX,8,56,8,0
CourtneyBrown24CLE2002,Courtney Brown,2002,dl_lb,24,< 24,CLE,1,2,11,11
EveretteBrown24SDG2011,Everette Brown,2011,dl_lb,24,< 24,SDG,5,200,3,0
JatavisBrown24LAC2018,Jatavis Brown,2018,dl_lb,24,< 24,LAC,8,86,6,3
JoeBrown24SEA2001,Joe Brown,2001,dl_lb,24,< 24,SEA,Undrafted,Undrafted,2,0
KareemBrown24NYJ2007,Kareem Brown,2007,dl_lb,24,< 24,NYJ,7,33,1,0
KourtneiBrown24WAS2012,Kourtnei Brown,2012,dl_lb,24,< 24,WAS,Undrafted,Undrafted,0,NA
MalcomBrown24NWE2018,Malcom Brown,2018,dl_lb,24,< 24,NWE,1,187,7,7
MarkBrown24NYJ2004,Mark Brown,2004,dl_lb,24,< 24,NYJ,Undrafted,Undrafted,12,6
MichaelBrown24WAS2004,Michael Brown,2004,dl_lb,24,< 24,WAS,Undrafted,Undrafted,2,0
PrestonBrown24BUF2016,Preston Brown,2016,dl_lb,24,< 24,BUF,6,233,16,16
RickyBrown24OAK2007,Ricky Brown,2007,dl_lb,24,< 24,OAK,Undrafted,Undrafted,16,1
TitusBrown24CLE2010,Titus Brown,2010,dl_lb,24,< 24,CLE,Undrafted,Undrafted,13,0
TonyBrown24SFO2004,Tony Brown,2004,dl_lb,24,< 24,SFO,Undrafted,Undrafted,16,4
ZachBrown24TEN2013,Zach Brown,2013,dl_lb,24,< 24,TEN,5,210,16,13
KeithBrowner24HOU2012,Keith Browner,2012,dl_lb,24,< 24,HOU,Undrafted,Undrafted,0,NA
MkristoBruce24JAX2008,Mkristo Bruce,2008,dl_lb,24,< 24,JAX,Undrafted,Undrafted,1,0
CopelandBryan24BUF2007,Copeland Bryan,2007,dl_lb,24,< 24,BUF,Undrafted,Undrafted,2,0
AnthonyBryant24TAM2005,Anthony Bryant,2005,dl_lb,24,< 24,TAM,9,89,4,0
ArmontyBryant24CLE2014,Armonty Bryant,2014,dl_lb,24,< 24,CLE,10,132,5,2
CorbinBryant24BUF2012,Corbin Bryant,2012,dl_lb,24,< 24,BUF,Undrafted,Undrafted,0,NA
DesmondBryant24OAK2009,Desmond Bryant,2009,dl_lb,24,< 24,OAK,Undrafted,Undrafted,16,0
RedBryant24SEA2008,Red Bryant,2008,dl_lb,24,< 24,SEA,7,27,4,0
TonyBryant24OAK2000,Tony Bryant,2000,dl_lb,24,< 24,OAK,5,197,16,16
WendellBryant24ARI2004,Wendell Bryant,2004,dl_lb,24,< 24,ARI,1,25,3,0
TonyBua24MIA2004,Tony Bua,2004,dl_lb,24,< 24,MIA,8,70,7,0
DeoneBucannon24ARI2016,Deone Bucannon,2016,dl_lb,24,< 24,ARI,1,178,13,13
DeForestBuckner24SFO2018,DeForest Buckner,2018,dl_lb,24,< 24,SFO,1,229,9,9
MarcusBuggs24BUF2009,Marcus Buggs,2009,dl_lb,24,< 24,BUF,Undrafted,Undrafted,5,2
CourtlandBullard24STL2002,Courtland Bullard,2002,dl_lb,24,< 24,STL,8,77,11,1
JonathanBullard24CHI2017,Jonathan Bullard,2017,dl_lb,24,< 24,CHI,6,232,16,3
MaxBullough24HOU2016,Max Bullough,2016,dl_lb,24,< 24,HOU,Undrafted,Undrafted,16,3
RileyBullough24TAM2017,Riley Bullough,2017,dl_lb,24,< 24,TAM,Undrafted,Undrafted,3,0
KeithBulluck24TEN2001,Keith Bulluck,2001,dl_lb,24,< 24,TEN,1,183,15,3
BrodrickBunkley24PHI2007,Brodrick Bunkley,2007,dl_lb,24,< 24,PHI,1,47,15,15
VontazeBurfict24CIN2014,Vontaze Burfict,2014,dl_lb,24,< 24,CIN,Undrafted,Undrafted,5,5
DerrickBurgess24PHI2002,Derrick Burgess,2002,dl_lb,24,< 24,PHI,6,222,1,0
JamesBurgess24CLE2018,James Burgess,2018,dl_lb,24,< 24,CLE,Undrafted,Undrafted,3,2
TomBurke24ARI2000,Tom Burke,2000,dl_lb,24,< 24,ARI,6,244,2,0
KaelinBurnett24OAK2013,Kaelin Burnett,2013,dl_lb,24,< 24,OAK,Undrafted,Undrafted,16,0
KevinBurnett24DAL2006,Kevin Burnett,2006,dl_lb,24,< 24,DAL,5,199,16,0
JustonBurris24NYJ2017,Juston Burris,2017,dl_lb,24,< 24,NYJ,7,23,14,1
MilesBurris24OAK2012,Miles Burris,2012,dl_lb,24,< 24,OAK,7,35,16,15
AntwonBurton24DEN2007,Antwon Burton,2007,dl_lb,24,< 24,DEN,Undrafted,Undrafted,6,0
AdamButler24NWE2018,Adam Butler,2018,dl_lb,24,< 24,NWE,Undrafted,Undrafted,8,0
DonaldButler24SDG2012,Donald Butler,2012,dl_lb,24,< 24,SDG,6,239,12,12
VernonButler24CAR2018,Vernon Butler,2018,dl_lb,24,< 24,CAR,1,183,7,0
VictorButler24DAL2011,Victor Butler,2011,dl_lb,24,< 24,DAL,7,15,16,0
JoshBynes24BAL2013,Josh Bynes,2013,dl_lb,24,< 24,BAL,Undrafted,Undrafted,15,6
JeremyCain24CHI2004,Jeremy Cain,2004,dl_lb,24,< 24,CHI,Undrafted,Undrafted,5,0
ShiliqueCalhoun24OAK2016,Shilique Calhoun,2016,dl_lb,24,< 24,OAK,6,235,10,0
AustinCalitro24SEA2018,Austin Calitro,2018,dl_lb,24,< 24,SEA,Undrafted,Undrafted,7,3
RobCallaway24DAL2012,Rob Callaway,2012,dl_lb,24,< 24,DAL,Undrafted,Undrafted,2,0
RockyCalmus24TEN2003,Rocky Calmus,2003,dl_lb,24,< 24,TEN,6,237,10,8
CalaisCampbell24ARI2010,Calais Campbell,2010,dl_lb,24,< 24,ARI,5,208,15,15
De'VondreCampbell24ATL2017,De'Vondre Campbell,2017,dl_lb,24,< 24,ATL,7,20,16,16
KharyCampbell24NYJ2003,Khary Campbell,2003,dl_lb,24,< 24,NYJ,Undrafted,Undrafted,4,0
AnthonyCannon24DET2008,Anthony Cannon,2008,dl_lb,24,< 24,DET,10,165,9,0
ChrisCanty24DAL2006,Chris Canty,2006,dl_lb,24,< 24,DAL,7,39,16,16
TankCarder24CLE2013,Tank Carder,2013,dl_lb,24,< 24,CLE,8,55,15,1
BobbyCarpenter24DAL2007,Bobby Carpenter,2007,dl_lb,24,< 24,DAL,1,91,16,0
TankCarradine24SFO2014,Tank Carradine,2014,dl_lb,24,< 24,SFO,5,197,9,0
RyanCarrethers24SDG2015,Ryan Carrethers,2015,dl_lb,24,< 24,SDG,8,75,14,2
AdamCarriker24STL2008,Adam Carriker,2008,dl_lb,24,< 24,STL,1,36,15,9
AlexCarrington24BUF2011,Alex Carrington,2011,dl_lb,24,< 24,BUF,6,232,16,6
PaulCarrington24ATL2006,Paul Carrington,2006,dl_lb,24,< 24,ATL,Undrafted,Undrafted,15,2
TravisCarroll24NOR2002,Travis Carroll,2002,dl_lb,24,< 24,NOR,Undrafted,Undrafted,6,0
GlennCarson24ARI2014,Glenn Carson,2014,dl_lb,24,< 24,ARI,Undrafted,Undrafted,5,0
LeonardoCarson24SDG2001,Leonardo Carson,2001,dl_lb,24,< 24,SDG,7,18,16,13
JordanCarstens24CAR2005,Jordan Carstens,2005,dl_lb,24,< 24,CAR,Undrafted,Undrafted,16,15
AndreCarter24SFO2003,Andre Carter,2003,dl_lb,24,< 24,SFO,1,229,15,15
BruceCarter24DAL2012,Bruce Carter,2012,dl_lb,24,< 24,DAL,5,197,11,11
ChrisCarter24PIT2013,Chris Carter,2013,dl_lb,24,< 24,PIT,8,72,13,1
DavidCarter24ARI2011,David Carter,2011,dl_lb,24,< 24,ARI,9,96,16,0
JurrellCasey24TEN2013,Jurrell Casey,2013,dl_lb,24,< 24,TEN,6,237,15,14
AntoineCash24TAM2006,Antoine Cash,2006,dl_lb,24,< 24,TAM,Undrafted,Undrafted,16,0
JeremyCash24CAR2016,Jeremy Cash,2016,dl_lb,24,< 24,CAR,Undrafted,Undrafted,8,0
JonathanCasillas24NOR2011,Jonathan Casillas,2011,dl_lb,24,< 24,NOR,Undrafted,Undrafted,13,5
LuisCastillo24SDG2007,Luis Castillo,2007,dl_lb,24,< 24,SDG,1,179,10,9
MikeCatapano24KAN2014,Mike Catapano,2014,dl_lb,24,< 24,KAN,10,121,0,NA
QuintonCaver242TM2002,Quinton Caver,2002,dl_lb,24,< 24,2TM,5,213,6,0
MarqCerqua24TAM2001,Marq Cerqua,2001,dl_lb,24,< 24,TAM,Undrafted,Undrafted,3,0
JacquesCesaire24SDG2004,Jacques Cesaire,2004,dl_lb,24,< 24,SDG,Undrafted,Undrafted,16,12
ChrisChamberlain24STL2009,Chris Chamberlain,2009,dl_lb,24,< 24,STL,10,144,16,0
FrankChamberlin24TEN2002,Frank Chamberlin,2002,dl_lb,24,< 24,TEN,8,70,15,3
JamarChaney24PHI2010,Jamar Chaney,2010,dl_lb,24,< 24,PHI,10,136,14,2
JoshChapman24IND2013,Josh Chapman,2013,dl_lb,24,< 24,IND,8,43,13,0
JeffCharleston24IND2007,Jeff Charleston,2007,dl_lb,24,< 24,IND,Undrafted,Undrafted,13,3
TacoCharlton24DAL2018,Taco Charlton,2018,dl_lb,24,< 24,DAL,1,179,7,7
MattChatham24NWE2001,Matt Chatham,2001,dl_lb,24,< 24,NWE,Undrafted,Undrafted,11,0
AnthonyChickillo24PIT2016,Anthony Chickillo,2016,dl_lb,24,< 24,PIT,9,127,15,7
BrandonChillar24STL2006,Brandon Chillar,2006,dl_lb,24,< 24,STL,7,37,16,14
VinnyCiurciu24CAR2004,Vinny Ciurciu,2004,dl_lb,24,< 24,CAR,Undrafted,Undrafted,16,4
ChrisClaiborne24DET2002,Chris Claiborne,2002,dl_lb,24,< 24,DET,1,251,16,15
KendrickClancy24PIT2002,Kendrick Clancy,2002,dl_lb,24,< 24,PIT,6,232,7,0
DannyClark24JAX2001,Danny Clark,2001,dl_lb,24,< 24,JAX,10,163,13,3
FrankClark24SEA2017,Frank Clark,2017,dl_lb,24,< 24,SEA,5,222,16,12
RyanClark24NYG2003,Ryan Clark,2003,dl_lb,24,< 24,NYG,Undrafted,Undrafted,16,4
PhilClarke24NOR2001,Phil Clarke,2001,dl_lb,24,< 24,NOR,Undrafted,Undrafted,13,0
WillClarke24CIN2015,Will Clarke,2015,dl_lb,24,< 24,CIN,6,249,12,0
JaredClauss24TEN2005,Jared Clauss,2005,dl_lb,24,< 24,TEN,10,147,15,1
AdrianClayborn24TAM2012,Adrian Clayborn,2012,dl_lb,24,< 24,TAM,1,114,3,3
KeenanClayton24PHI2011,Keenan Clayton,2011,dl_lb,24,< 24,PHI,7,27,14,0
ZachClayton24TEN2012,Zach Clayton,2012,dl_lb,24,< 24,TEN,10,127,0,NA
ChrisClemons24WAS2005,Chris Clemons,2005,dl_lb,24,< 24,WAS,Undrafted,Undrafted,14,1
JadeveonClowney24HOU2017,Jadeveon Clowney,2017,dl_lb,24,< 24,HOU,1,2,16,16
AntonioCochran24SEA2000,Antonio Cochran,2000,dl_lb,24,< 24,SEA,7,20,15,0
ShaunCody24DET2007,Shaun Cody,2007,dl_lb,24,< 24,DET,5,193,15,0
TerrenceCody24BAL2012,Terrence Cody,2012,dl_lb,24,< 24,BAL,5,215,15,3
RodneyCoe24SEA2017,Rodney Coe,2017,dl_lb,24,< 24,SEA,Undrafted,Undrafted,1,0
BarryCofield24NYG2008,Barry Cofield,2008,dl_lb,24,< 24,NYG,7,30,15,15
DustinCohen24STL2000,Dustin Cohen,2000,dl_lb,24,< 24,STL,Undrafted,Undrafted,1,0
LandonCohen242TM2010,Landon Cohen,2010,dl_lb,24,< 24,2TM,10,131,4,1
AudieCole24MIN2013,Audie Cole,2013,dl_lb,24,< 24,MIN,10,125,13,5
ColinCole24GNB2004,Colin Cole,2004,dl_lb,24,< 24,GNB,Undrafted,Undrafted,3,1
DylanCole24HOU2018,Dylan Cole,2018,dl_lb,24,< 24,HOU,Undrafted,Undrafted,3,0
JustinCole24STL2011,Justin Cole,2011,dl_lb,24,< 24,STL,Undrafted,Undrafted,4,0
TrentCole24PHI2006,Trent Cole,2006,dl_lb,24,< 24,PHI,8,54,16,14
AntonioColeman24BUF2010,Antonio Coleman,2010,dl_lb,24,< 24,BUF,Undrafted,Undrafted,8,0
DavonColeman24DAL2015,Davon Coleman,2015,dl_lb,24,< 24,DAL,Undrafted,Undrafted,2,0
DeandreColeman24MIA2015,Deandre Coleman,2015,dl_lb,24,< 24,MIA,Undrafted,Undrafted,4,0
KenyonColeman24DAL2003,Kenyon Coleman,2003,dl_lb,24,< 24,DAL,8,55,16,0
RoderickColeman24OAK2000,Roderick Coleman,2000,dl_lb,24,< 24,OAK,8,62,13,1
TrevonColey24CLE2018,Trevon Coley,2018,dl_lb,24,< 24,CLE,Undrafted,Undrafted,8,8
JamieCollins24NWE2013,Jamie Collins,2013,dl_lb,24,< 24,NWE,5,210,16,8
NateCollins24JAX2011,Nate Collins,2011,dl_lb,24,< 24,JAX,Undrafted,Undrafted,12,0
RoseveltColvin24CHI2001,Rosevelt Colvin,2001,dl_lb,24,< 24,CHI,7,16,16,13
ChrisCombs24PIT2000,Chris Combs,2000,dl_lb,24,< 24,PIT,9,84,6,0
WilliamCompton24WAS2013,William Compton,2013,dl_lb,24,< 24,WAS,Undrafted,Undrafted,1,0
JonCondo24DAL2005,Jon Condo,2005,dl_lb,24,< 24,DAL,Undrafted,Undrafted,3,0
KavellConner24IND2011,Kavell Conner,2011,dl_lb,24,< 24,IND,10,158,16,15
DanConnor24CAR2009,Dan Connor,2009,dl_lb,24,< 24,CAR,6,234,16,0
MattConrath24STL2013,Matt Conrath,2013,dl_lb,24,< 24,STL,Undrafted,Undrafted,8,0
ChrisCooper24OAK2001,Chris Cooper,2001,dl_lb,24,< 24,OAK,9,96,11,1
JoshCooper24SFO2004,Josh Cooper,2004,dl_lb,24,< 24,SFO,Undrafted,Undrafted,1,0
MarquisCooper243TM2006,Marquis Cooper,2006,dl_lb,24,< 24,3TM,6,239,4,0
StephenCooper24SDG2003,Stephen Cooper,2003,dl_lb,24,< 24,SDG,Undrafted,Undrafted,16,0
XavierCooper24CLE2015,Xavier Cooper,2015,dl_lb,24,< 24,CLE,6,258,14,0
BrandonCopeland24DET2015,Brandon Copeland,2015,dl_lb,24,< 24,DET,Undrafted,Undrafted,16,0
QuintonCoples24NYJ2014,Quinton Coples,2014,dl_lb,24,< 24,NYJ,1,69,16,15
KamaleiCorrea24TEN2018,Kamalei Correa,2018,dl_lb,24,< 24,TEN,5,199,6,2
JonCorto24BUF2008,Jon Corto,2008,dl_lb,24,< 24,BUF,Undrafted,Undrafted,16,0
BlakeCostanzo24BUF2008,Blake Costanzo,2008,dl_lb,24,< 24,BUF,Undrafted,Undrafted,16,0
ChristianCovington24HOU2017,Christian Covington,2017,dl_lb,24,< 24,HOU,9,131,7,2
DelbertCowsette24WAS2001,Delbert Cowsette,2001,dl_lb,24,< 24,WAS,10,131,16,0
BryanCox24CAR2018,Bryan Cox,2018,dl_lb,24,< 24,CAR,Undrafted,Undrafted,3,0
FletcherCox24PHI2014,Fletcher Cox,2014,dl_lb,24,< 24,PHI,1,25,16,16
BrockCoyle24SEA2014,Brock Coyle,2014,dl_lb,24,< 24,SEA,Undrafted,Undrafted,15,2
JackCrawford24OAK2012,Jack Crawford,2012,dl_lb,24,< 24,OAK,8,67,4,0
JamesCrawford24GNB2018,James Crawford,2018,dl_lb,24,< 24,GNB,Undrafted,Undrafted,7,0
ScottCrichton24MIN2015,Scott Crichton,2015,dl_lb,24,< 24,MIN,6,232,13,1
JaredCrick24HOU2013,Jared Crick,2013,dl_lb,24,< 24,HOU,7,32,16,1
ChanningCrowder24MIA2007,Channing Crowder,2007,dl_lb,24,< 24,MIA,6,230,11,10
TimCrowder24TAM2009,Tim Crowder,2009,dl_lb,24,< 24,TAM,5,214,15,4
AngeloCrowell24BUF2005,Angelo Crowell,2005,dl_lb,24,< 24,BUF,6,256,15,13
JermelleCudjo24STL2010,Jermelle Cudjo,2010,dl_lb,24,< 24,STL,Undrafted,Undrafted,10,0
QuintonCulberson242TM2009,Quinton Culberson,2009,dl_lb,24,< 24,2TM,Undrafted,Undrafted,6,0
KenwinCummings242TM2010,Kenwin Cummings,2010,dl_lb,24,< 24,2TM,Undrafted,Undrafted,5,0
JermaineCunningham24NWE2012,Jermaine Cunningham,2012,dl_lb,24,< 24,NWE,5,211,12,3
ZachCunningham24HOU2018,Zach Cunningham,2018,dl_lb,24,< 24,HOU,5,215,8,8
AaronCurry24SEA2010,Aaron Curry,2010,dl_lb,24,< 24,SEA,1,196,16,16
DonteCurry24DET2002,Donte Curry,2002,dl_lb,24,< 24,DET,Undrafted,Undrafted,16,10
VinnyCurry24PHI2012,Vinny Curry,2012,dl_lb,24,< 24,PHI,5,217,6,0
BrianCushing24HOU2011,Brian Cushing,2011,dl_lb,24,< 24,HOU,1,58,16,16
JacobCutrera24TAM2012,Jacob Cutrera,2012,dl_lb,24,< 24,TAM,Undrafted,Undrafted,8,0
MikeDaniels24GNB2013,Mike Daniels,2013,dl_lb,24,< 24,GNB,7,39,16,1
KarlosDansby24ARI2005,Karlos Dansby,2005,dl_lb,24,< 24,ARI,5,189,15,15
MarcellDareus24BUF2014,Marcell Dareus,2014,dl_lb,24,< 24,BUF,1,182,15,15
LavonteDavid24TAM2014,Lavonte David,2014,dl_lb,24,< 24,TAM,5,216,14,14
JamesDavidson24NYG2014,James Davidson,2014,dl_lb,24,< 24,NYG,Undrafted,Undrafted,2,0
AndraDavis24CLE2002,Andra Davis,2002,dl_lb,24,< 24,CLE,8,49,16,0
BusterDavis24DET2007,Buster Davis,2007,dl_lb,24,< 24,DET,6,228,1,0
ChaunceyDavis24ATL2007,Chauncey Davis,2007,dl_lb,24,< 24,ATL,7,34,16,0
DemarioDavis24NYJ2013,Demario Davis,2013,dl_lb,24,< 24,NYJ,6,237,16,16
DexterDavis24SEA2010,Dexter Davis,2010,dl_lb,24,< 24,SEA,10,153,15,0
DorsettDavis24DEN2003,Dorsett Davis,2003,dl_lb,24,< 24,DEN,6,258,14,0
Ja'GaredDavis243TM2014,Ja'Gared Davis,2014,dl_lb,24,< 24,3TM,Undrafted,Undrafted,7,0
JamesDavis24DET2003,James Davis,2003,dl_lb,24,< 24,DET,8,52,8,1
JimDavis24JAX2005,Jim Davis,2005,dl_lb,24,< 24,JAX,Undrafted,Undrafted,1,0
KeiontaDavis24NWE2018,Keionta Davis,2018,dl_lb,24,< 24,NWE,Undrafted,Undrafted,4,1
RodDavis24MIN2005,Rod Davis,2005,dl_lb,24,< 24,MIN,8,64,16,1
RyanDavis24JAX2013,Ryan Davis,2013,dl_lb,24,< 24,JAX,Undrafted,Undrafted,7,0
ThomasDavis24CAR2007,Thomas Davis,2007,dl_lb,24,< 24,CAR,1,47,16,16
ToddDavis24DEN2016,Todd Davis,2016,dl_lb,24,< 24,DEN,Undrafted,Undrafted,16,15
WillDavis24ARI2010,Will Davis,2010,dl_lb,24,< 24,ARI,9,118,10,3
TyelerDavison24NOR2016,Tyeler Davison,2016,dl_lb,24,< 24,NOR,8,63,15,15
KeyuntaDawson24IND2009,Keyunta Dawson,2009,dl_lb,24,< 24,IND,10,160,12,2
PaulDawson24SEA2017,Paul Dawson,2017,dl_lb,24,< 24,SEA,6,261,3,0
SheldonDay24SFO2018,Sheldon Day,2018,dl_lb,24,< 24,SFO,7,7,9,0
BrandonDeaderick24NWE2011,Brandon Deaderick,2011,dl_lb,24,< 24,NWE,10,165,10,5
LarryDean24MIN2012,Larry Dean,2012,dl_lb,24,< 24,MIN,Undrafted,Undrafted,16,0
DomDeCicco24CHI2012,Dom DeCicco,2012,dl_lb,24,< 24,CHI,Undrafted,Undrafted,4,0
RyanDelaire24CAR2016,Ryan Delaire,2016,dl_lb,24,< 24,CAR,Undrafted,Undrafted,6,0
JerryDeLoach24WAS2001,Jerry DeLoach,2001,dl_lb,24,< 24,WAS,Undrafted,Undrafted,15,4
CurtisDeLoatch24NYG2005,Curtis DeLoatch,2005,dl_lb,24,< 24,NYG,Undrafted,Undrafted,16,13
KennyDemens24ARI2014,Kenny Demens,2014,dl_lb,24,< 24,ARI,Undrafted,Undrafted,14,0
AkeemDent24ATL2011,Akeem Dent,2011,dl_lb,24,< 24,ATL,6,253,16,0
ZakDeOssie24NYG2008,Zak DeOssie,2008,dl_lb,24,< 24,NYG,7,21,16,0
MikeDeVito24NYJ2008,Mike DeVito,2008,dl_lb,24,< 24,NYJ,Undrafted,Undrafted,16,0
JaredDeVries24DET2000,Jared DeVries,2000,dl_lb,24,< 24,DET,6,230,15,1
QuintonDial24SFO2014,Quinton Dial,2014,dl_lb,24,< 24,SFO,8,66,14,6
Na'ilDiggs24GNB2002,Na'il Diggs,2002,dl_lb,24,< 24,GNB,7,260,16,16
JohnDiGiorgio24BUF2006,John DiGiorgio,2006,dl_lb,24,< 24,BUF,Undrafted,Undrafted,12,0
ZachDiles24HOU2009,Zach Diles,2009,dl_lb,24,< 24,HOU,10,133,16,12
PhillipDillard24NYG2010,Phillip Dillard,2010,dl_lb,24,< 24,NYG,7,20,7,0
JaysonDiManche24CIN2014,Jayson DiManche,2014,dl_lb,24,< 24,CIN,Undrafted,Undrafted,12,1
AdrianDingle24SDG2001,Adrian Dingle,2001,dl_lb,24,< 24,SDG,8,46,14,0
AntonioDixon24PHI2009,Antonio Dixon,2009,dl_lb,24,< 24,PHI,Undrafted,Undrafted,16,0
TimDobbins24SDG2006,Tim Dobbins,2006,dl_lb,24,< 24,SDG,8,60,16,0
DemarcusDobbs24SFO2011,Demarcus Dobbs,2011,dl_lb,24,< 24,SFO,Undrafted,Undrafted,12,0
DarnellDockett24ARI2005,Darnell Dockett,2005,dl_lb,24,< 24,ARI,6,223,16,16
KevinDodd24TEN2016,Kevin Dodd,2016,dl_lb,24,< 24,TEN,5,189,9,1
AaronDonald24STL2015,Aaron Donald,2015,dl_lb,24,< 24,STL,1,36,16,16
VontarriusDora24DEN2016,Vontarrius Dora,2016,dl_lb,24,< 24,DEN,Undrafted,Undrafted,1,0
GlennDorsey24KAN2009,Glenn Dorsey,2009,dl_lb,24,< 24,KAN,1,207,15,14
LionelDotson24MIA2009,Lionel Dotson,2009,dl_lb,24,< 24,MIA,10,163,2,0
MarquesDouglas24BAL2001,Marques Douglas,2001,dl_lb,24,< 24,BAL,Undrafted,Undrafted,2,0
LegerDouzable24JAX2010,Leger Douzable,2010,dl_lb,24,< 24,JAX,Undrafted,Undrafted,15,0
EricDowning24KAN2002,Eric Downing,2002,dl_lb,24,< 24,KAN,6,235,13,4
MarcusDowtin242TM2013,Marcus Dowtin,2013,dl_lb,24,< 24,2TM,Undrafted,Undrafted,8,0
ChrisDraft24ATL2000,Chris Draft,2000,dl_lb,24,< 24,ATL,9,66,13,8
DamaneDuckett24NYG2005,Damane Duckett,2005,dl_lb,24,< 24,NYG,Undrafted,Undrafted,8,0
ElvisDumervil24DEN2008,Elvis Dumervil,2008,dl_lb,24,< 24,DEN,7,32,16,15
Jo-LonnDunbar24NOR2009,Jo-Lonn Dunbar,2009,dl_lb,24,< 24,NOR,Undrafted,Undrafted,9,3
CarlosDunlap24CIN2013,Carlos Dunlap,2013,dl_lb,24,< 24,CIN,5,212,16,15
BrandonDunn24HOU2016,Brandon Dunn,2016,dl_lb,24,< 24,HOU,Undrafted,Undrafted,2,0
BudDupree24PIT2017,Bud Dupree,2017,dl_lb,24,< 24,PIT,1,135,15,15
JustinDurant24JAX2009,Justin Durant,2009,dl_lb,24,< 24,JAX,5,205,13,13
DustyDvoracek24CHI2007,Dusty Dvoracek,2007,dl_lb,24,< 24,CHI,6,233,1,1
NickDzubnar24SDG2015,Nick Dzubnar,2015,dl_lb,24,< 24,SDG,Undrafted,Undrafted,16,0
KonyEaly24CAR2015,Kony Ealy,2015,dl_lb,24,< 24,CAR,5,219,16,9
MehdiAbdesmad25TEN2016,Mehdi Abdesmad,2016,dl_lb,25,25-28,TEN,Undrafted,Undrafted,2,0
JohnAbraham25NYJ2003,John Abraham,2003,dl_lb,25,25-28,NYJ,1,36,7,6
SamAcho25ARI2013,Sam Acho,2013,dl_lb,25,25-28,ARI,7,7,3,2
AnthonyAdams25SFO2005,Anthony Adams,2005,dl_lb,25,25-28,SFO,5,215,16,16
GainesAdams25TAM2008,Gaines Adams,2008,dl_lb,25,25-28,TAM,1,196,16,16
KeithAdams25PHI2004,Keith Adams,2004,dl_lb,25,25-28,PHI,10,149,16,2
TyrellAdams25OAK2017,Tyrell Adams,2017,dl_lb,25,25-28,OAK,Undrafted,Undrafted,6,0
MarioAddison253TM2012,Mario Addison,2012,dl_lb,25,25-28,3TM,Undrafted,Undrafted,12,1
VictorAdeyanju25STL2008,Victor Adeyanju,2008,dl_lb,25,25-28,STL,7,18,16,9
XavierAdibi25HOU2009,Xavier Adibi,2009,dl_lb,25,25-28,HOU,7,23,16,0
DanielAdongo25IND2014,Daniel Adongo,2014,dl_lb,25,25-28,IND,Undrafted,Undrafted,0,NA
ChasAlecxih25SDG2014,Chas Alecxih,2014,dl_lb,25,25-28,SDG,Undrafted,Undrafted,0,NA
D.J.Alexander25KAN2016,D.J. Alexander,2016,dl_lb,25,25-28,KAN,8,83,16,1
EricAlexander25NWE2007,Eric Alexander,2007,dl_lb,25,25-28,NWE,Undrafted,Undrafted,12,0
FrankAlexander25CAR2014,Frank Alexander,2014,dl_lb,25,25-28,CAR,7,7,1,0
LorenzoAlexander25WAS2008,Lorenzo Alexander,2008,dl_lb,25,25-28,WAS,Undrafted,Undrafted,15,0
RufusAlexander25MIN2008,Rufus Alexander,2008,dl_lb,25,25-28,MIN,9,87,1,0
JayAlford25NYG2008,Jay Alford,2008,dl_lb,25,25-28,NYG,6,242,16,3
BeauAllen25PHI2016,Beau Allen,2016,dl_lb,25,25-28,PHI,10,140,16,3
BrianAllen25CAR2003,Brian Allen,2003,dl_lb,25,25-28,CAR,6,244,14,4
ChaseAllen25MIA2018,Chase Allen,2018,dl_lb,25,25-28,MIA,Undrafted,Undrafted,5,1
JamesAllen25NOR2004,James Allen,2004,dl_lb,25,25-28,NOR,6,243,16,10
JaredAllen25KAN2007,Jared Allen,2007,dl_lb,25,25-28,KAN,7,32,14,14
KenderickAllen25NOR2003,Kenderick Allen,2003,dl_lb,25,25-28,NOR,Undrafted,Undrafted,10,1
RussellAllen25JAX2011,Russell Allen,2011,dl_lb,25,25-28,JAX,Undrafted,Undrafted,16,6
ColinAllred25TEN2008,Colin Allred,2008,dl_lb,25,25-28,TEN,Undrafted,Undrafted,12,0
KikoAlonso25PHI2015,Kiko Alonso,2015,dl_lb,25,25-28,PHI,5,203,11,1
JonAlston25OAK2008,Jon Alston,2008,dl_lb,25,25-28,OAK,6,237,14,4
TysonAlualu25JAX2012,Tyson Alualu,2012,dl_lb,25,25-28,JAX,1,3,16,16
CharlieAnderson25HOU2006,Charlie Anderson,2006,dl_lb,25,25-28,HOU,9,115,13,0
HenryAnderson25IND2016,Henry Anderson,2016,dl_lb,25,25-28,IND,6,255,11,2
JamaalAnderson25IND2011,Jamaal Anderson,2011,dl_lb,25,25-28,IND,1,240,15,1
JamesAnderson25CAR2008,James Anderson,2008,dl_lb,25,25-28,CAR,6,249,8,0
JonathanAnderson25CHI2016,Jonathan Anderson,2016,dl_lb,25,25-28,CHI,Undrafted,Undrafted,8,0
MarkAnderson25CHI2008,Mark Anderson,2008,dl_lb,25,25-28,CHI,8,68,16,0
TimAnderson25BUF2005,Tim Anderson,2005,dl_lb,25,25-28,BUF,6,234,16,12
ZaireAnderson25DEN2017,Zaire Anderson,2017,dl_lb,25,25-28,DEN,Undrafted,Undrafted,16,2
PatAngerer25IND2012,Pat Angerer,2012,dl_lb,25,25-28,IND,5,222,11,3
EzekielAnsah25DET2014,Ezekiel Ansah,2014,dl_lb,25,25-28,DET,1,207,16,16
CorneliusAnthony25SFO2003,Cornelius Anthony,2003,dl_lb,25,25-28,SFO,Undrafted,Undrafted,7,0
StephoneAnthony25MIA2017,Stephone Anthony,2017,dl_lb,25,25-28,MIA,1,186,8,0
KennyAnunike25DEN2015,Kenny Anunike,2015,dl_lb,25,25-28,DEN,Undrafted,Undrafted,3,0
AntwanApplewhite25SDG2010,Antwan Applewhite,2010,dl_lb,25,25-28,SDG,Undrafted,Undrafted,16,13
AdamArchuleta25STL2002,Adam Archuleta,2002,dl_lb,25,25-28,STL,1,114,16,16
ArikArmstead25SFO2018,Arik Armstead,2018,dl_lb,25,25-28,SFO,1,80,9,9
Ray-RayArmstrong25SFO2016,Ray-Ray Armstrong,2016,dl_lb,25,25-28,SFO,Undrafted,Undrafted,2,0
LaVarArrington25WAS2003,LaVar Arrington,2003,dl_lb,25,25-28,WAS,1,113,16,16
RichardAsh25DAL2017,Richard Ash,2017,dl_lb,25,25-28,DAL,Undrafted,Undrafted,10,2
GenoAtkins25CIN2013,Geno Atkins,2013,dl_lb,25,25-28,CIN,7,26,9,9
JamesAtkins25TEN2003,James Atkins,2003,dl_lb,25,25-28,TEN,Undrafted,Undrafted,13,4
JeremiahAttaochu25NYJ2018,Jeremiah Attaochu,2018,dl_lb,25,25-28,NYJ,5,208,7,0
MarvinAustin25DEN2014,Marvin Austin,2014,dl_lb,25,25-28,DEN,5,210,15,0
DenicoAutry25OAK2015,Denico Autry,2015,dl_lb,25,25-28,OAK,Undrafted,Undrafted,14,8
CliffAvril25DET2011,Cliff Avril,2011,dl_lb,25,25-28,DET,6,254,16,16
AkeemAyers252TM2014,Akeem Ayers,2014,dl_lb,25,25-28,2TM,5,195,11,4
RobertAyers25DEN2010,Robert Ayers,2010,dl_lb,25,25-28,DEN,1,91,11,10
AkinAyodele25JAX2004,Akin Ayodele,2004,dl_lb,25,25-28,JAX,6,250,16,16
RemiAyodele25NOR2008,Remi Ayodele,2008,dl_lb,25,25-28,NOR,Undrafted,Undrafted,6,0
JasonBabin25HOU2005,Jason Babin,2005,dl_lb,25,25-28,HOU,1,178,12,3
JonathanBabineaux25ATL2006,Jonathan Babineaux,2006,dl_lb,25,25-28,ATL,5,217,16,1
AllenBailey25KAN2014,Allen Bailey,2014,dl_lb,25,25-28,KAN,6,247,14,14
PatrickBailey25TEN2010,Patrick Bailey,2010,dl_lb,25,25-28,TEN,Undrafted,Undrafted,16,0
ChaseBaker25MIN2013,Chase Baker,2013,dl_lb,25,25-28,MIN,Undrafted,Undrafted,5,0
RyanBaker25MIA2009,Ryan Baker,2009,dl_lb,25,25-28,MIA,Undrafted,Undrafted,5,0
EricBakhtiari25TEN2009,Eric Bakhtiari,2009,dl_lb,25,25-28,TEN,Undrafted,Undrafted,3,0
DaveBall25NYJ2006,Dave Ball,2006,dl_lb,25,25-28,NYJ,8,40,10,0
KentwanBalmer25WAS2011,Kentwan Balmer,2011,dl_lb,25,25-28,WAS,1,180,3,0
JustinBannan25BUF2004,Justin Bannan,2004,dl_lb,25,25-28,BUF,8,46,10,0
TullyBanta-Cain25NWE2005,Tully Banta-Cain,2005,dl_lb,25,25-28,NWE,10,156,13,0
ShawnBarber25WAS2000,Shawn Barber,2000,dl_lb,25,25-28,WAS,7,18,14,14
AntwanBarnes25BAL2009,Antwan Barnes,2009,dl_lb,25,25-28,BAL,7,41,11,0
KevinBarnes25WAS2011,Kevin Barnes,2011,dl_lb,25,25-28,WAS,6,241,15,1
LionelBarnes25IND2001,Lionel Barnes,2001,dl_lb,25,25-28,IND,9,87,6,0
T.J.Barnes252TM2015,T.J. Barnes,2015,dl_lb,25,25-28,2TM,Undrafted,Undrafted,10,1
NickBarnett25GNB2006,Nick Barnett,2006,dl_lb,25,25-28,GNB,1,180,15,15
AnthonyBarr25MIN2017,Anthony Barr,2017,dl_lb,25,25-28,MIN,1,251,16,16
ShaquilBarrett25DEN2017,Shaquil Barrett,2017,dl_lb,25,25-28,DEN,Undrafted,Undrafted,16,9
SamBarrington25GNB2015,Sam Barrington,2015,dl_lb,25,25-28,GNB,10,149,1,1
LaminBarrow25CHI2015,Lamin Barrow,2015,dl_lb,25,25-28,CHI,8,65,16,0
EricBarton25OAK2002,Eric Barton,2002,dl_lb,25,25-28,OAK,8,54,16,16
JoploBartu252TM2015,Joplo Bartu,2015,dl_lb,25,25-28,2TM,Undrafted,Undrafted,9,1
ConnorBarwin25HOU2011,Connor Barwin,2011,dl_lb,25,25-28,HOU,5,203,16,16
BenBass25NWE2014,Ben Bass,2014,dl_lb,25,25-28,NWE,Undrafted,Undrafted,0,NA
DavidBass25TEN2015,David Bass,2015,dl_lb,25,25-28,TEN,10,150,16,7
DarenBates25STL2015,Daren Bates,2015,dl_lb,25,25-28,STL,Undrafted,Undrafted,15,0
HoustonBates25WAS2016,Houston Bates,2016,dl_lb,25,25-28,WAS,Undrafted,Undrafted,14,0
TrevorBates25DET2018,Trevor Bates,2018,dl_lb,25,25-28,DET,10,156,2,0
VicBeasley25ATL2017,Vic Beasley,2017,dl_lb,25,25-28,ATL,1,240,14,8
JonBeason25CAR2010,Jon Beason,2010,dl_lb,25,25-28,CAR,1,168,16,16
MontyBeisel25KAN2003,Monty Beisel,2003,dl_lb,25,25-28,KAN,7,11,12,0
JovanBelcher25KAN2012,Jovan Belcher,2012,dl_lb,25,25-28,KAN,Undrafted,Undrafted,11,10
KendrellBell25KAN2005,Kendrell Bell,2005,dl_lb,25,25-28,KAN,5,195,16,14
MarcusBell25SEA2002,Marcus Bell,2002,dl_lb,25,25-28,SEA,7,21,16,9
MarcusBell25DET2004,Marcus Bell,2004,dl_lb,25,25-28,DET,7,29,16,0
NickBellore25NYJ2014,Nick Bellore,2014,dl_lb,25,25-28,NYJ,Undrafted,Undrafted,16,0
MarcusBenard25CLE2010,Marcus Benard,2010,dl_lb,25,25-28,CLE,Undrafted,Undrafted,15,2
MichaelBennett25ATL2018,Michael Bennett,2018,dl_lb,25,25-28,ATL,9,92,2,0
MichaelBennett25TAM2010,Michael Bennett,2010,dl_lb,25,25-28,TAM,Undrafted,Undrafted,13,2
KevinBentley25CLE2004,Kevin Bentley,2004,dl_lb,25,25-28,CLE,7,5,16,3
JakeBequette25NWE2014,Jake Bequette,2014,dl_lb,25,25-28,NWE,6,252,0,NA
RockyBernard25SEA2004,Rocky Bernard,2004,dl_lb,25,25-28,SEA,8,54,14,1
VinceBiegel25NOR2018,Vince Biegel,2018,dl_lb,25,25-28,NOR,7,12,5,0
KroyBiermann25ATL2010,Kroy Biermann,2010,dl_lb,25,25-28,ATL,8,63,16,14
ChristoBilukidi25BAL2014,Christo Bilukidi,2014,dl_lb,25,25-28,BAL,9,101,4,0
DarnellBing25DET2009,Darnell Bing,2009,dl_lb,25,25-28,DET,7,5,4,0
RyonBingham25SDG2006,Ryon Bingham,2006,dl_lb,25,25-28,SDG,10,118,16,0
DesmondBishop25GNB2009,Desmond Bishop,2009,dl_lb,25,25-28,GNB,9,105,16,0
KenBishop25DAL2015,Ken Bishop,2015,dl_lb,25,25-28,DAL,10,170,2,0
QuincyBlack25TAM2009,Quincy Black,2009,dl_lb,25,25-28,TAM,6,227,16,13
ChaseBlackburn25NYG2008,Chase Blackburn,2008,dl_lb,25,25-28,NYG,Undrafted,Undrafted,16,8
AngeloBlackson25HOU2017,Angelo Blackson,2017,dl_lb,25,25-28,HOU,7,4,9,1
DarrylBlackstock25CIN2008,Darryl Blackstock,2008,dl_lb,25,25-28,CIN,6,257,12,4
WillieBlade25JAX2004,Willie Blade,2004,dl_lb,25,25-28,JAX,6,255,5,1
H.B.Blades25WAS2009,H.B. Blades,2009,dl_lb,25,25-28,WAS,9,90,16,1
RonaldBlair25SFO2018,Ronald Blair,2018,dl_lb,25,25-28,SFO,8,50,9,0
ColbyBockwoldt25TEN2006,Colby Bockwoldt,2006,dl_lb,25,25-28,TEN,10,158,16,1
RockyBoiman25TEN2005,Rocky Boiman,2005,dl_lb,25,25-28,TEN,7,40,15,2
MichaelBoley25ATL2007,Michael Boley,2007,dl_lb,25,25-28,ATL,8,70,16,16
DevanteBond25TAM2018,Devante Bond,2018,dl_lb,25,25-28,TAM,9,95,2,0
AlfonsoBoone25CHI2001,Alfonso Boone,2001,dl_lb,25,25-28,CHI,10,172,11,0
RyanBoschetti25WAS2006,Ryan Boschetti,2006,dl_lb,25,25-28,WAS,Undrafted,Undrafted,2,0
KyleBosworth25JAX2011,Kyle Bosworth,2011,dl_lb,25,25-28,JAX,Undrafted,Undrafted,9,0
StephenBowen25DAL2009,Stephen Bowen,2009,dl_lb,25,25-28,DAL,Undrafted,Undrafted,16,2
DavidBowens25MIA2002,David Bowens,2002,dl_lb,25,25-28,MIA,8,67,14,0
AndyBowers25ARI2001,Andy Bowers,2001,dl_lb,25,25-28,ARI,Undrafted,Undrafted,1,1
Da'QuanBowers25TAM2015,Da'Quan Bowers,2015,dl_lb,25,25-28,TAM,5,209,3,0
NaVorroBowman25SFO2013,NaVorro Bowman,2013,dl_lb,25,25-28,SFO,6,253,16,16
JoshBoyd25GNB2014,Josh Boyd,2014,dl_lb,25,25-28,GNB,8,77,15,4
RonBrace25NWE2011,Ron Brace,2011,dl_lb,25,25-28,NWE,5,197,7,0
GaryBrackett25IND2005,Gary Brackett,2005,dl_lb,25,25-28,IND,Undrafted,Undrafted,16,16
AllenBradford252TM2013,Allen Bradford,2013,dl_lb,25,25-28,2TM,9,99,10,0
NigelBradham25BUF2014,Nigel Bradham,2014,dl_lb,25,25-28,BUF,7,9,14,14
JonBradley25TAM2006,Jon Bradley,2006,dl_lb,25,25-28,TAM,Undrafted,Undrafted,7,3
StewartBradley25PHI2008,Stewart Bradley,2008,dl_lb,25,25-28,PHI,6,248,16,16
BryanBraman25HOU2012,Bryan Braman,2012,dl_lb,25,25-28,HOU,Undrafted,Undrafted,14,0
AlanBranch25ARI2009,Alan Branch,2009,dl_lb,25,25-28,ARI,5,189,16,0
AndreBranch25JAX2014,Andre Branch,2014,dl_lb,25,25-28,JAX,5,194,9,0
TylerBrayton25OAK2004,Tyler Brayton,2004,dl_lb,25,25-28,OAK,1,187,15,15
DiyralBriggs253TM2010,Diyral Briggs,2010,dl_lb,25,25-28,3TM,Undrafted,Undrafted,7,0
LanceBriggs25CHI2005,Lance Briggs,2005,dl_lb,25,25-28,CHI,6,227,16,16
JasperBrinkley25MIN2010,Jasper Brinkley,2010,dl_lb,25,25-28,MIN,8,59,16,0
RaheemBrock25IND2003,Raheem Brock,2003,dl_lb,25,25-28,IND,10,155,16,16
MichaelBrockers25STL2015,Michael Brockers,2015,dl_lb,25,25-28,STL,1,47,16,16
LorenzoBromell25MIA2000,Lorenzo Bromell,2000,dl_lb,25,25-28,MIA,7,6,8,0
JayBromley25NYG2017,Jay Bromley,2017,dl_lb,25,25-28,NYG,6,234,16,0
KeithBrooking25ATL2000,Keith Brooking,2000,dl_lb,25,25-28,ATL,1,25,5,5
AhmadBrooks25SFO2009,Ahmad Brooks,2009,dl_lb,25,25-28,SFO,6,1,14,0
BobbyBrooks25OAK2001,Bobby Brooks,2001,dl_lb,25,25-28,OAK,Undrafted,Undrafted,16,0
JamalBrooks25DAL2001,Jamal Brooks,2001,dl_lb,25,25-28,DAL,Undrafted,Undrafted,16,1
KentrellBrothers25MIN2018,Kentrell Brothers,2018,dl_lb,25,25-28,MIN,8,70,4,0
BraylonBroughton25NOR2012,Braylon Broughton,2012,dl_lb,25,25-28,NOR,Undrafted,Undrafted,0,NA
AlexBrown25CHI2004,Alex Brown,2004,dl_lb,25,25-28,CHI,7,8,16,16
CornellBrown25BAL2000,Cornell Brown,2000,dl_lb,25,25-28,BAL,9,107,16,1
CourtneyBrown25CLE2003,Courtney Brown,2003,dl_lb,25,25-28,CLE,1,2,13,13
FadolBrown25OAK2018,Fadol Brown,2018,dl_lb,25,25-28,OAK,Undrafted,Undrafted,7,0
MarkBrown25NYJ2005,Mark Brown,2005,dl_lb,25,25-28,NYJ,Undrafted,Undrafted,15,11
PrestonBrown25BUF2017,Preston Brown,2017,dl_lb,25,25-28,BUF,6,233,16,16
RickyBrown25OAK2008,Ricky Brown,2008,dl_lb,25,25-28,OAK,Undrafted,Undrafted,7,6
TitusBrown25CLE2011,Titus Brown,2011,dl_lb,25,25-28,CLE,Undrafted,Undrafted,10,0
ZachBrown25TEN2014,Zach Brown,2014,dl_lb,25,25-28,TEN,5,210,1,1
CopelandBryan25BUF2008,Copeland Bryan,2008,dl_lb,25,25-28,BUF,Undrafted,Undrafted,15,0
AnthonyBryant25DET2006,Anthony Bryant,2006,dl_lb,25,25-28,DET,9,89,4,3
ArmontyBryant25CLE2015,Armonty Bryant,2015,dl_lb,25,25-28,CLE,10,132,14,2
CorbinBryant25BUF2013,Corbin Bryant,2013,dl_lb,25,25-28,BUF,Undrafted,Undrafted,15,2
DesmondBryant25OAK2010,Desmond Bryant,2010,dl_lb,25,25-28,OAK,Undrafted,Undrafted,15,0
RedBryant25SEA2009,Red Bryant,2009,dl_lb,25,25-28,SEA,7,27,6,1
TonyBryant25OAK2001,Tony Bryant,2001,dl_lb,25,25-28,OAK,5,197,16,16
DeoneBucannon25ARI2017,Deone Bucannon,2017,dl_lb,25,25-28,ARI,1,178,12,12
CourtlandBullard25STL2003,Courtland Bullard,2003,dl_lb,25,25-28,STL,8,77,9,0
JonathanBullard25CHI2018,Jonathan Bullard,2018,dl_lb,25,25-28,CHI,6,232,7,1
RileyBullough25TAM2018,Riley Bullough,2018,dl_lb,25,25-28,TAM,Undrafted,Undrafted,1,0
KeithBulluck25TEN2002,Keith Bulluck,2002,dl_lb,25,25-28,TEN,1,183,16,16
TimBulman25HOU2007,Tim Bulman,2007,dl_lb,25,25-28,HOU,Undrafted,Undrafted,2,0
BrodrickBunkley25PHI2008,Brodrick Bunkley,2008,dl_lb,25,25-28,PHI,1,47,16,16
VontazeBurfict25CIN2015,Vontaze Burfict,2015,dl_lb,25,25-28,CIN,Undrafted,Undrafted,10,10
PrescottBurgess25BAL2009,Prescott Burgess,2009,dl_lb,25,25-28,BAL,9,121,13,0
TomBurke25ARI2001,Tom Burke,2001,dl_lb,25,25-28,ARI,6,244,12,9
ChesterBurnett25CLE2000,Chester Burnett,2000,dl_lb,25,25-28,CLE,10,122,7,0
KaelinBurnett252TM2014,Kaelin Burnett,2014,dl_lb,25,25-28,2TM,Undrafted,Undrafted,5,0
KevinBurnett25DAL2007,Kevin Burnett,2007,dl_lb,25,25-28,DAL,5,199,16,2
MilesBurris25OAK2013,Miles Burris,2013,dl_lb,25,25-28,OAK,7,35,6,0
DonaldButler25SDG2013,Donald Butler,2013,dl_lb,25,25-28,SDG,6,239,13,12
VictorButler25DAL2012,Victor Butler,2012,dl_lb,25,25-28,DAL,7,15,16,1
JoshBynes25DET2014,Josh Bynes,2014,dl_lb,25,25-28,DET,Undrafted,Undrafted,13,0
JeremyCain25CHI2005,Jeremy Cain,2005,dl_lb,25,25-28,CHI,Undrafted,Undrafted,3,0
ShiliqueCalhoun25OAK2017,Shilique Calhoun,2017,dl_lb,25,25-28,OAK,6,235,9,0
RockyCalmus25TEN2004,Rocky Calmus,2004,dl_lb,25,25-28,TEN,6,237,4,3
CalaisCampbell25ARI2011,Calais Campbell,2011,dl_lb,25,25-28,ARI,5,208,16,16
De'VondreCampbell25ATL2018,De'Vondre Campbell,2018,dl_lb,25,25-28,ATL,7,20,7,7
KharyCampbell25WAS2004,Khary Campbell,2004,dl_lb,25,25-28,WAS,Undrafted,Undrafted,9,0
JamesCannida25TAM2000,James Cannida,2000,dl_lb,25,25-28,TAM,9,86,16,0
ChrisCanty25DAL2007,Chris Canty,2007,dl_lb,25,25-28,DAL,7,39,16,16
NordlyCapi252TM2017,Nordly Capi,2017,dl_lb,25,25-28,2TM,Undrafted,Undrafted,8,0
TankCarder25CLE2014,Tank Carder,2014,dl_lb,25,25-28,CLE,8,55,16,0
BobbyCarpenter25DAL2008,Bobby Carpenter,2008,dl_lb,25,25-28,DAL,1,91,13,0
TankCarradine25SFO2015,Tank Carradine,2015,dl_lb,25,25-28,SFO,5,197,14,1
RyanCarrethers25SDG2016,Ryan Carrethers,2016,dl_lb,25,25-28,SDG,8,75,4,0
AlexCarrington25BUF2012,Alex Carrington,2012,dl_lb,25,25-28,BUF,6,232,16,0
TravisCarroll252TM2003,Travis Carroll,2003,dl_lb,25,25-28,2TM,Undrafted,Undrafted,5,0
LeonardoCarson25SDG2002,Leonardo Carson,2002,dl_lb,25,25-28,SDG,7,18,16,7
JordanCarstens25CAR2006,Jordan Carstens,2006,dl_lb,25,25-28,CAR,Undrafted,Undrafted,1,0
AndreCarter25SFO2004,Andre Carter,2004,dl_lb,25,25-28,SFO,1,229,7,6
BrandonCarter25DAL2011,Brandon Carter,2011,dl_lb,25,25-28,DAL,Undrafted,Undrafted,10,0
BruceCarter25DAL2013,Bruce Carter,2013,dl_lb,25,25-28,DAL,5,197,15,13
ChrisCarter252TM2014,Chris Carter,2014,dl_lb,25,25-28,2TM,8,72,4,0
DavidCarter25ARI2012,David Carter,2012,dl_lb,25,25-28,ARI,9,96,16,4
JohndaleCarty25ATL2002,Johndale Carty,2002,dl_lb,25,25-28,ATL,7,32,16,1
JurrellCasey25TEN2014,Jurrell Casey,2014,dl_lb,25,25-28,TEN,6,237,16,16
JeremyCash25CAR2017,Jeremy Cash,2017,dl_lb,25,25-28,CAR,Undrafted,Undrafted,1,0
JonathanCasillas25NOR2012,Jonathan Casillas,2012,dl_lb,25,25-28,NOR,Undrafted,Undrafted,14,1
LuisCastillo25SDG2008,Luis Castillo,2008,dl_lb,25,25-28,SDG,1,179,15,15
MikeCatapano25NYJ2015,Mike Catapano,2015,dl_lb,25,25-28,NYJ,10,121,3,0
QuintonCaver25KAN2003,Quinton Caver,2003,dl_lb,25,25-28,KAN,5,213,12,0
MarqCerqua25CHI2002,Marq Cerqua,2002,dl_lb,25,25-28,CHI,Undrafted,Undrafted,2,0
JacquesCesaire25SDG2005,Jacques Cesaire,2005,dl_lb,25,25-28,SDG,Undrafted,Undrafted,16,5
ChrisChamberlain25STL2010,Chris Chamberlain,2010,dl_lb,25,25-28,STL,10,144,11,6
FrankChamberlin25CIN2003,Frank Chamberlin,2003,dl_lb,25,25-28,CIN,8,70,5,0
JamarChaney25PHI2011,Jamar Chaney,2011,dl_lb,25,25-28,PHI,10,136,16,16
JoshChapman25IND2014,Josh Chapman,2014,dl_lb,25,25-28,IND,8,43,16,15
StefanCharles25BUF2013,Stefan Charles,2013,dl_lb,25,25-28,BUF,Undrafted,Undrafted,8,0
JeffCharleston25NOR2008,Jeff Charleston,2008,dl_lb,25,25-28,NOR,Undrafted,Undrafted,10,0
MattChatham25NWE2002,Matt Chatham,2002,dl_lb,25,25-28,NWE,Undrafted,Undrafted,13,0
LarryChester25IND2000,Larry Chester,2000,dl_lb,25,25-28,IND,Undrafted,Undrafted,16,0
RandyChevrier252TM2001,Randy Chevrier,2001,dl_lb,25,25-28,2TM,10,159,13,0
AnthonyChickillo25PIT2017,Anthony Chickillo,2017,dl_lb,25,25-28,PIT,9,127,16,2
BrandonChillar25STL2007,Brandon Chillar,2007,dl_lb,25,25-28,STL,7,37,15,15
PatrickChukwurah25DEN2004,Patrick Chukwurah,2004,dl_lb,25,25-28,DEN,8,66,14,0
VinnyCiurciu25CAR2005,Vinny Ciurciu,2005,dl_lb,25,25-28,CAR,Undrafted,Undrafted,15,1
ChrisClaiborne25MIN2003,Chris Claiborne,2003,dl_lb,25,25-28,MIN,1,251,12,12
KendrickClancy25PIT2003,Kendrick Clancy,2003,dl_lb,25,25-28,PIT,6,232,12,0
DannyClark25JAX2002,Danny Clark,2002,dl_lb,25,25-28,JAX,10,163,16,16
FrankClark25SEA2018,Frank Clark,2018,dl_lb,25,25-28,SEA,5,222,7,7
JeremyClark25NYG2008,Jeremy Clark,2008,dl_lb,25,25-28,NYG,Undrafted,Undrafted,4,0
WillClarke25CIN2016,Will Clarke,2016,dl_lb,25,25-28,CIN,6,249,16,0
AdrianClayborn25TAM2013,Adrian Clayborn,2013,dl_lb,25,25-28,TAM,1,114,16,16
DeVoneClaybrooks25TAM2002,DeVone Claybrooks,2002,dl_lb,25,25-28,TAM,Undrafted,Undrafted,2,0
FelipeClaybrooks25CLE2003,Felipe Claybrooks,2003,dl_lb,25,25-28,CLE,Undrafted,Undrafted,7,0
KeenanClayton25OAK2012,Keenan Clayton,2012,dl_lb,25,25-28,OAK,7,27,15,0
NicClemons25WAS2005,Nic Clemons,2005,dl_lb,25,25-28,WAS,Undrafted,Undrafted,8,0
JadeveonClowney25HOU2018,Jadeveon Clowney,2018,dl_lb,25,25-28,HOU,1,2,7,7
SherrodCoates25CLE2003,Sherrod Coates,2003,dl_lb,25,25-28,CLE,Undrafted,Undrafted,16,0
AntonioCochran25SEA2001,Antonio Cochran,2001,dl_lb,25,25-28,SEA,7,20,16,2
EarlCochran25HOU2006,Earl Cochran,2006,dl_lb,25,25-28,HOU,Undrafted,Undrafted,1,0
DanCody25BAL2006,Dan Cody,2006,dl_lb,25,25-28,BAL,5,211,2,0
ShaunCody25DET2008,Shaun Cody,2008,dl_lb,25,25-28,DET,5,193,16,4
TerrenceCody25BAL2013,Terrence Cody,2013,dl_lb,25,25-28,BAL,5,215,12,1
BarryCofield25NYG2009,Barry Cofield,2009,dl_lb,25,25-28,NYG,7,30,16,16
DustinCohen25STL2001,Dustin Cohen,2001,dl_lb,25,25-28,STL,Undrafted,Undrafted,4,0
JoeCohen25DET2009,Joe Cohen,2009,dl_lb,25,25-28,DET,7,42,7,0
LandonCohen25NWE2011,Landon Cohen,2011,dl_lb,25,25-28,NWE,10,131,1,0
AudieCole25MIN2014,Audie Cole,2014,dl_lb,25,25-28,MIN,10,125,16,1
ColinCole25GNB2005,Colin Cole,2005,dl_lb,25,25-28,GNB,Undrafted,Undrafted,16,4
JustinCole25STL2012,Justin Cole,2012,dl_lb,25,25-28,STL,Undrafted,Undrafted,16,0
TrentCole25PHI2007,Trent Cole,2007,dl_lb,25,25-28,PHI,8,54,16,16
AndreColeman25SDG2009,Andre Coleman,2009,dl_lb,25,25-28,SDG,Undrafted,Undrafted,2,0
AntonioColeman25BUF2011,Antonio Coleman,2011,dl_lb,25,25-28,BUF,Undrafted,Undrafted,3,0
DeandreColeman25BUF2016,Deandre Coleman,2016,dl_lb,25,25-28,BUF,Undrafted,Undrafted,5,0
KenyonColeman25DAL2004,Kenyon Coleman,2004,dl_lb,25,25-28,DAL,8,55,12,0
RoderickColeman25OAK2001,Roderick Coleman,2001,dl_lb,25,25-28,OAK,8,62,14,6
JamieCollins25NWE2014,Jamie Collins,2014,dl_lb,25,25-28,NWE,5,210,15,15
NateCollins25CHI2012,Nate Collins,2012,dl_lb,25,25-28,CHI,Undrafted,Undrafted,9,0
AaronColvin25JAX2016,Aaron Colvin,2016,dl_lb,25,25-28,JAX,7,19,10,4
RoseveltColvin25CHI2002,Rosevelt Colvin,2002,dl_lb,25,25-28,CHI,7,16,16,15
ChrisCombs25PIT2001,Chris Combs,2001,dl_lb,25,25-28,PIT,9,84,2,0
WilliamCompton25WAS2014,William Compton,2014,dl_lb,25,25-28,WAS,Undrafted,Undrafted,16,5
KavellConner25IND2012,Kavell Conner,2012,dl_lb,25,25-28,IND,10,158,14,12
DanConnor25CAR2010,Dan Connor,2010,dl_lb,25,25-28,CAR,6,234,8,8
MattConrath25STL2014,Matt Conrath,2014,dl_lb,25,25-28,STL,Undrafted,Undrafted,0,NA
ChrisCooper25OAK2002,Chris Cooper,2002,dl_lb,25,25-28,OAK,9,96,16,1
MarquisCooper252TM2007,Marquis Cooper,2007,dl_lb,25,25-28,2TM,6,239,4,0
StephenCooper25SDG2004,Stephen Cooper,2004,dl_lb,25,25-28,SDG,Undrafted,Undrafted,16,2
XavierCooper25CLE2016,Xavier Cooper,2016,dl_lb,25,25-28,CLE,6,258,13,2
BrandonCopeland25DET2016,Brandon Copeland,2016,dl_lb,25,25-28,DET,Undrafted,Undrafted,16,1
QuintonCoples252TM2015,Quinton Coples,2015,dl_lb,25,25-28,2TM,1,69,16,2
JorgeCordova25JAX2006,Jorge Cordova,2006,dl_lb,25,25-28,JAX,6,247,13,0
JonCorto25BUF2009,Jon Corto,2009,dl_lb,25,25-28,BUF,Undrafted,Undrafted,16,1
BlakeCostanzo25CLE2009,Blake Costanzo,2009,dl_lb,25,25-28,CLE,Undrafted,Undrafted,16,0
ChristianCovington25HOU2018,Christian Covington,2018,dl_lb,25,25-28,HOU,9,131,4,2
SamCowart25BUF2000,Sam Cowart,2000,dl_lb,25,25-28,BUF,5,195,12,12
DelbertCowsette25WAS2002,Delbert Cowsette,2002,dl_lb,25,25-28,WAS,10,131,16,0
FletcherCox25PHI2015,Fletcher Cox,2015,dl_lb,25,25-28,PHI,1,25,16,16
BrockCoyle25SEA2015,Brock Coyle,2015,dl_lb,25,25-28,SEA,Undrafted,Undrafted,8,0
JackCrawford25OAK2013,Jack Crawford,2013,dl_lb,25,25-28,OAK,8,67,15,0
TyroneCrawford25DAL2014,Tyrone Crawford,2014,dl_lb,25,25-28,DAL,6,242,15,15
JaredCrick25HOU2014,Jared Crick,2014,dl_lb,25,25-28,HOU,7,32,16,15
ChanningCrowder25MIA2008,Channing Crowder,2008,dl_lb,25,25-28,MIA,6,230,15,13
TimCrowder25TAM2010,Tim Crowder,2010,dl_lb,25,25-28,TAM,5,214,16,9
AngeloCrowell25BUF2006,Angelo Crowell,2006,dl_lb,25,25-28,BUF,6,256,12,12
JermaineCunningham25NYJ2013,Jermaine Cunningham,2013,dl_lb,25,25-28,NYJ,5,211,2,0
AaronCurry252TM2011,Aaron Curry,2011,dl_lb,25,25-28,2TM,1,196,16,11
DonteCurry25DET2003,Donte Curry,2003,dl_lb,25,25-28,DET,Undrafted,Undrafted,11,0
VinnyCurry25PHI2013,Vinny Curry,2013,dl_lb,25,25-28,PHI,5,217,14,0
BrianCushing25HOU2012,Brian Cushing,2012,dl_lb,25,25-28,HOU,1,58,5,5
AnticoDalton25NWE2000,Antico Dalton,2000,dl_lb,25,25-28,NWE,9,112,3,0
LionalDalton25BAL2000,Lional Dalton,2000,dl_lb,25,25-28,BAL,Undrafted,Undrafted,16,1
MikeDaniels25GNB2014,Mike Daniels,2014,dl_lb,25,25-28,GNB,7,39,16,16
TorranceDaniels25PHI2006,Torrance Daniels,2006,dl_lb,25,25-28,PHI,Undrafted,Undrafted,6,0
KarlosDansby25ARI2006,Karlos Dansby,2006,dl_lb,25,25-28,ARI,5,189,14,10
MarcellDareus25BUF2015,Marcell Dareus,2015,dl_lb,25,25-28,BUF,1,182,15,15
LavonteDavid25TAM2015,Lavonte David,2015,dl_lb,25,25-28,TAM,5,216,16,16
AndraDavis25CLE2003,Andra Davis,2003,dl_lb,25,25-28,CLE,8,49,16,16
BruceDavis25OAK2010,Bruce Davis,2010,dl_lb,25,25-28,OAK,6,249,6,0
BusterDavis25IND2008,Buster Davis,2008,dl_lb,25,25-28,IND,6,228,6,3
CarlDavis25BAL2017,Carl Davis,2017,dl_lb,25,25-28,BAL,6,252,15,9
ChaunceyDavis25ATL2008,Chauncey Davis,2008,dl_lb,25,25-28,ATL,7,34,16,1
DemarioDavis25NYJ2014,Demario Davis,2014,dl_lb,25,25-28,NYJ,6,237,16,16
DexterDavis25SEA2011,Dexter Davis,2011,dl_lb,25,25-28,SEA,10,153,1,0
HallDavis25CLE2012,Hall Davis,2012,dl_lb,25,25-28,CLE,8,57,2,0
JamesDavis25DET2004,James Davis,2004,dl_lb,25,25-28,DET,8,52,16,15
RodDavis252TM2006,Rod Davis,2006,dl_lb,25,25-28,2TM,8,64,10,0
RussellDavis25ARI2000,Russell Davis,2000,dl_lb,25,25-28,ARI,5,205,13,9
RyanDavis25JAX2014,Ryan Davis,2014,dl_lb,25,25-28,JAX,Undrafted,Undrafted,16,0
ThomasDavis25CAR2008,Thomas Davis,2008,dl_lb,25,25-28,CAR,1,47,16,16
ToddDavis25DEN2017,Todd Davis,2017,dl_lb,25,25-28,DEN,Undrafted,Undrafted,14,14
TyelerDavison25NOR2017,Tyeler Davison,2017,dl_lb,25,25-28,NOR,8,63,16,16
KeyuntaDawson25IND2010,Keyunta Dawson,2010,dl_lb,25,25-28,IND,10,160,16,0
BrandonDeaderick25NWE2012,Brandon Deaderick,2012,dl_lb,25,25-28,NWE,10,165,14,5
LarryDean25MIN2013,Larry Dean,2013,dl_lb,25,25-28,MIN,Undrafted,Undrafted,16,0
JerryDeLoach25HOU2002,Jerry DeLoach,2002,dl_lb,25,25-28,HOU,Undrafted,Undrafted,16,16
KennyDemens25ARI2015,Kenny Demens,2015,dl_lb,25,25-28,ARI,Undrafted,Undrafted,5,0
RyanDenney25BUF2002,Ryan Denney,2002,dl_lb,25,25-28,BUF,5,220,8,0
AkeemDent25ATL2012,Akeem Dent,2012,dl_lb,25,25-28,ATL,6,253,16,13
ZakDeOssie25NYG2009,Zak DeOssie,2009,dl_lb,25,25-28,NYG,7,21,16,0
MikeDeVito25NYJ2009,Mike DeVito,2009,dl_lb,25,25-28,NYJ,Undrafted,Undrafted,15,1
JaredDeVries25DET2001,Jared DeVries,2001,dl_lb,25,25-28,DET,6,230,11,0
QuintonDial25SFO2015,Quinton Dial,2015,dl_lb,25,25-28,SFO,8,66,15,15
JoJoDickson25KAN2014,JoJo Dickson,2014,dl_lb,25,25-28,KAN,Undrafted,Undrafted,0,NA
Na'ilDiggs25GNB2003,Na'il Diggs,2003,dl_lb,25,25-28,GNB,7,260,16,16
JohnDiGiorgio25BUF2007,John DiGiorgio,2007,dl_lb,25,25-28,BUF,Undrafted,Undrafted,16,14
ZachDiles25HOU2010,Zach Diles,2010,dl_lb,25,25-28,HOU,10,133,15,10
JaysonDiManche25CLE2015,Jayson DiManche,2015,dl_lb,25,25-28,CLE,Undrafted,Undrafted,1,0
AdrianDingle25SDG2002,Adrian Dingle,2002,dl_lb,25,25-28,SDG,8,46,16,3
LamarDivens25BAL2010,Lamar Divens,2010,dl_lb,25,25-28,BAL,Undrafted,Undrafted,2,0
AntonioDixon25PHI2010,Antonio Dixon,2010,dl_lb,25,25-28,PHI,Undrafted,Undrafted,15,10
TimDobbins25SDG2007,Tim Dobbins,2007,dl_lb,25,25-28,SDG,8,60,16,0
DarnellDockett25ARI2006,Darnell Dockett,2006,dl_lb,25,25-28,ARI,6,223,16,16
KevinDodd25TEN2017,Kevin Dodd,2017,dl_lb,25,25-28,TEN,5,189,9,0
DylanDonahue25NYJ2017,Dylan Donahue,2017,dl_lb,25,25-28,NYJ,8,93,4,0
AaronDonald25LAR2016,Aaron Donald,2016,dl_lb,25,25-28,LAR,1,36,16,16
GlennDorsey25KAN2010,Glenn Dorsey,2010,dl_lb,25,25-28,KAN,1,207,16,16
LionelDotson25MIA2010,Lionel Dotson,2010,dl_lb,25,25-28,MIA,10,163,3,0
MarquesDouglas25BAL2002,Marques Douglas,2002,dl_lb,25,25-28,BAL,Undrafted,Undrafted,5,1
LegerDouzable25JAX2011,Leger Douzable,2011,dl_lb,25,25-28,JAX,Undrafted,Undrafted,16,6
EricDowning25KAN2003,Eric Downing,2003,dl_lb,25,25-28,KAN,6,235,14,0
ChrisDraft25ATL2001,Chris Draft,2001,dl_lb,25,25-28,ATL,9,66,13,10
DamaneDuckett25SFO2006,Damane Duckett,2006,dl_lb,25,25-28,SFO,Undrafted,Undrafted,6,0
ElvisDumervil25DEN2009,Elvis Dumervil,2009,dl_lb,25,25-28,DEN,7,32,16,14
Jo-LonnDunbar25NOR2010,Jo-Lonn Dunbar,2010,dl_lb,25,25-28,NOR,Undrafted,Undrafted,13,8
JamieDuncan25TAM2000,Jamie Duncan,2000,dl_lb,25,25-28,TAM,6,245,15,15
CarlosDunlap25CIN2014,Carlos Dunlap,2014,dl_lb,25,25-28,CIN,5,212,16,16
BrandonDunn25HOU2017,Brandon Dunn,2017,dl_lb,25,25-28,HOU,Undrafted,Undrafted,16,8
BudDupree25PIT2018,Bud Dupree,2018,dl_lb,25,25-28,PIT,1,135,7,7
JustinDurant25JAX2010,Justin Durant,2010,dl_lb,25,25-28,JAX,5,205,10,9
DustyDvoracek25CHI2008,Dusty Dvoracek,2008,dl_lb,25,25-28,CHI,6,233,12,12
KeilenDykes25ARI2009,Keilen Dykes,2009,dl_lb,25,25-28,ARI,Undrafted,Undrafted,2,0
NickDzubnar25SDG2016,Nick Dzubnar,2016,dl_lb,25,25-28,SDG,Undrafted,Undrafted,4,0
KonyEaly25CAR2016,Kony Ealy,2016,dl_lb,25,25-28,CAR,5,219,16,6
NickEason25CLE2005,Nick Eason,2005,dl_lb,25,25-28,CLE,7,19,16,0
A.J.Edds25IND2012,A.J. Edds,2012,dl_lb,25,25-28,IND,7,24,0,NA
KasimEdebali25NOR2014,Kasim Edebali,2014,dl_lb,25,25-28,NOR,Undrafted,Undrafted,16,0
DwanEdwards25BAL2006,Dwan Edwards,2006,dl_lb,25,25-28,BAL,5,209,8,0
KalimbaEdwards25DET2004,Kalimba Edwards,2004,dl_lb,25,25-28,DET,5,191,16,0
LavarEdwards25CHI2015,Lavar Edwards,2015,dl_lb,25,25-28,CHI,8,50,1,0
RayEdwards25MIN2010,Ray Edwards,2010,dl_lb,25,25-28,MIN,7,33,14,14
RonEdwards25BUF2004,Ron Edwards,2004,dl_lb,25,25-28,BUF,6,236,16,2
IsaiahEkejiuba25OAK2006,Isaiah Ekejiuba,2006,dl_lb,25,25-28,OAK,Undrafted,Undrafted,12,0
EbenezerEkuban25DAL2001,Ebenezer Ekuban,2001,dl_lb,25,25-28,DAL,1,114,1,1
DannellEllerbe25BAL2010,Dannell Ellerbe,2010,dl_lb,25,25-28,BAL,Undrafted,Undrafted,11,1
JayroneElliott25GNB2016,Jayrone Elliott,2016,dl_lb,25,25-28,GNB,Undrafted,Undrafted,11,0
ChrisEllis25BUF2010,Chris Ellis,2010,dl_lb,25,25-28,BUF,6,232,5,1
GregEllis25DAL2000,Greg Ellis,2000,dl_lb,25,25-28,DAL,1,240,16,16
JustinEllis25OAK2015,Justin Ellis,2015,dl_lb,25,25-28,OAK,7,11,12,9
KenrickEllis25NYJ2012,Kenrick Ellis,2012,dl_lb,25,25-28,NYJ,6,256,12,2
SedrickEllis25NOR2010,Sedrick Ellis,2010,dl_lb,25,25-28,NOR,1,229,16,16
ShaunEllis25NYJ2002,Shaun Ellis,2002,dl_lb,25,25-28,NYJ,1,25,16,16
KeithEllison25BUF2009,Keith Ellison,2009,dl_lb,25,25-28,BUF,9,89,8,8
KyleEmanuel25SDG2016,Kyle Emanuel,2016,dl_lb,25,25-28,SDG,8,62,16,12
JustinEna25PHI2002,Justin Ena,2002,dl_lb,25,25-28,PHI,Undrafted,Undrafted,9,0
JohnEngelberger25SFO2001,John Engelberger,2001,dl_lb,25,25-28,SFO,5,191,15,14
LarryEnglish25SDG2011,Larry English,2011,dl_lb,25,25-28,SDG,1,69,5,0
DemetricEvans25WAS2004,Demetric Evans,2004,dl_lb,25,25-28,WAS,Undrafted,Undrafted,12,8
FredEvans25MIN2008,Fred Evans,2008,dl_lb,25,25-28,MIN,10,127,16,2
TroyEvans25HOU2002,Troy Evans,2002,dl_lb,25,25-28,HOU,Undrafted,Undrafted,12,0
KylerFackrell25GNB2016,Kyler Fackrell,2016,dl_lb,25,25-28,GNB,6,249,13,0
NickFairley25DET2013,Nick Fairley,2013,dl_lb,25,25-28,DET,1,36,15,15
JonathanFanene25CIN2007,Jonathan Fanene,2007,dl_lb,25,25-28,CIN,10,150,14,0
JamesFarrior25NYJ2000,James Farrior,2000,dl_lb,25,25-28,NYJ,1,240,16,6
HeathFarwell25MIN2006,Heath Farwell,2006,dl_lb,25,25-28,MIN,Undrafted,Undrafted,16,0
MarioFatafehi25DEN2004,Mario Fatafehi,2004,dl_lb,25,25-28,DEN,8,40,16,16
TerrenceFede25MIA2016,Terrence Fede,2016,dl_lb,25,25-28,MIA,10,151,9,0
CarlosFields25WAS2015,Carlos Fields,2015,dl_lb,25,25-28,WAS,Undrafted,Undrafted,5,0
RonaldFields25SFO2006,Ronald Fields,2006,dl_lb,25,25-28,SFO,8,44,13,9
SteveFifita25MIA2007,Steve Fifita,2007,dl_lb,25,25-28,MIA,Undrafted,Undrafted,13,1
BojayFilimoeatu25OAK2014,Bojay Filimoeatu,2014,dl_lb,25,25-28,OAK,Undrafted,Undrafted,8,0
AlfredFincher25WAS2008,Alfred Fincher,2008,dl_lb,25,25-28,WAS,6,243,14,0
BryceFisher25STL2002,Bryce Fisher,2002,dl_lb,25,25-28,STL,10,166,4,0
DariusFleming25NWE2014,Darius Fleming,2014,dl_lb,25,25-28,NWE,8,75,5,0
RonaldFlemons25MIA2004,Ronald Flemons,2004,dl_lb,25,25-28,MIA,10,142,1,0
DaneFletcher25NWE2011,Dane Fletcher,2011,dl_lb,25,25-28,NWE,Undrafted,Undrafted,10,5
LondonFletcher25STL2000,London Fletcher,2000,dl_lb,25,25-28,STL,Undrafted,Undrafted,16,15
ErikFlowers25STL2003,Erik Flowers,2003,dl_lb,25,25-28,STL,1,174,4,0
MarquisFlowers25NWE2017,Marquis Flowers,2017,dl_lb,25,25-28,NWE,9,127,16,2
TreyFlowers25NWE2018,Trey Flowers,2018,dl_lb,25,25-28,NWE,7,5,7,7
LeonardFloyd25CHI2017,Leonard Floyd,2017,dl_lb,25,25-28,CHI,1,251,10,10
AndreFluellen25DET2010,Andre Fluellen,2010,dl_lb,25,25-28,DET,6,248,16,0
MoiseFokou25PHI2010,Moise Fokou,2010,dl_lb,25,25-28,PHI,10,147,16,11
SteveFoley25CIN2000,Steve Foley,2000,dl_lb,25,25-28,CIN,6,235,16,16
J.D.Folsom25MIA2009,J.D. Folsom,2009,dl_lb,25,25-28,MIA,10,129,2,0
LarryFoote25PIT2005,Larry Foote,2005,dl_lb,25,25-28,PIT,7,34,16,16
DeeFord25KAN2016,Dee Ford,2016,dl_lb,25,25-28,KAN,1,146,15,14
JacobFord25TEN2008,Jacob Ford,2008,dl_lb,25,25-28,TEN,9,118,14,3
JayForeman25BUF2001,Jay Foreman,2001,dl_lb,25,25-28,BUF,8,65,16,16
JoshForrest25SEA2017,Josh Forrest,2017,dl_lb,25,25-28,SEA,9,103,2,0
L.J.Fort25PIT2015,L.J. Fort,2015,dl_lb,25,25-28,PIT,Undrafted,Undrafted,0,0
EricFoster25IND2010,Eric Foster,2010,dl_lb,25,25-28,IND,Undrafted,Undrafted,16,0
MasonFoster25TAM2014,Mason Foster,2014,dl_lb,25,25-28,TAM,6,245,10,10
RyanFowler25TEN2007,Ryan Fowler,2007,dl_lb,25,25-28,TEN,Undrafted,Undrafted,14,14
KeyaronFox25KAN2007,Keyaron Fox,2007,dl_lb,25,25-28,KAN,6,255,10,0
A.J.Francis252TM2015,A.J. Francis,2015,dl_lb,25,25-28,2TM,Undrafted,Undrafted,3,0
RobFrancois25GNB2010,Rob Francois,2010,dl_lb,25,25-28,GNB,Undrafted,Undrafted,8,1
AubrayoFranklin25BAL2005,Aubrayo Franklin,2005,dl_lb,25,25-28,BAL,8,54,15,1
JerryFranklin25CHI2013,Jerry Franklin,2013,dl_lb,25,25-28,CHI,Undrafted,Undrafted,10,0
SimonFraser25ATL2008,Simon Fraser,2008,dl_lb,25,25-28,ATL,Undrafted,Undrafted,5,0
AndreFrazier252TM2007,Andre Frazier,2007,dl_lb,25,25-28,2TM,Undrafted,Undrafted,10,0
EddieFreeman25KAN2003,Eddie Freeman,2003,dl_lb,25,25-28,KAN,5,200,5,0
DwightFreeney25IND2005,Dwight Freeney,2005,dl_lb,25,25-28,IND,1,14,16,13
JonathanFreeny25MIA2014,Jonathan Freeny,2014,dl_lb,25,25-28,MIA,Undrafted,Undrafted,12,0
ByronFrisch25DAL2001,Byron Frisch,2001,dl_lb,25,25-28,DAL,6,255,13,0
SioneFua252TM2013,Sione Fua,2013,dl_lb,25,25-28,2TM,6,259,5,0
ScottFujita25KAN2004,Scott Fujita,2004,dl_lb,25,25-28,KAN,8,51,16,16
AndrewGachkar25SDG2013,Andrew Gachkar,2013,dl_lb,25,25-28,SDG,10,151,16,3
OmarGaither25PHI2009,Omar Gaither,2009,dl_lb,25,25-28,PHI,8,78,5,3
JuniorGalette25NOR2013,Junior Galette,2013,dl_lb,25,25-28,NOR,Undrafted,Undrafted,16,15
BarryGardner25PHI2001,Barry Gardner,2001,dl_lb,25,25-28,PHI,5,191,16,0
BenGardner25DAL2014,Ben Gardner,2014,dl_lb,25,25-28,DAL,10,148,0,NA
GilbertGardner25TEN2007,Gilbert Gardner,2007,dl_lb,25,25-28,TEN,6,228,13,0
WinfieldGarnett25MIN2001,Winfield Garnett,2001,dl_lb,25,25-28,MIN,Undrafted,Undrafted,12,2
TerenceGarvin25WAS2016,Terence Garvin,2016,dl_lb,25,25-28,WAS,Undrafted,Undrafted,16,0
ShamielGary25MIA2015,Shamiel Gary,2015,dl_lb,25,25-28,MIA,Undrafted,Undrafted,6,1
CurtisGatewood25ARI2010,Curtis Gatewood,2010,dl_lb,25,25-28,ARI,Undrafted,Undrafted,1,0
AkbarGbaja-Biamila25OAK2004,Akbar Gbaja-Biamila,2004,dl_lb,25,25-28,OAK,Undrafted,Undrafted,14,0
KabeerGbaja-Biamila25GNB2002,Kabeer Gbaja-Biamila,2002,dl_lb,25,25-28,GNB,8,57,15,11
CliftonGeathers25IND2012,Clifton Geathers,2012,dl_lb,25,25-28,IND,9,98,8,0
RobertGeathers25CIN2008,Robert Geathers,2008,dl_lb,25,25-28,CIN,7,22,11,11
JeremiahGeorge25IND2017,Jeremiah George,2017,dl_lb,25,25-28,IND,8,63,16,1
WilliamGholston25TAM2016,William Gholston,2016,dl_lb,25,25-28,TAM,7,32,14,14
GaryGibson25CAR2007,Gary Gibson,2007,dl_lb,25,25-28,CAR,Undrafted,Undrafted,1,0
ThaddeusGibson25TEN2012,Thaddeus Gibson,2012,dl_lb,25,25-28,TEN,7,21,0,NA
WallaceGilberry25KAN2009,Wallace Gilberry,2009,dl_lb,25,25-28,KAN,Undrafted,Undrafted,16,0
ReggieGilbert25GNB2018,Reggie Gilbert,2018,dl_lb,25,25-28,GNB,Undrafted,Undrafted,7,0
TonyGilbert25JAX2004,Tony Gilbert,2004,dl_lb,25,25-28,JAX,9,125,16,0
ChrisGizzi25GNB2000,Chris Gizzi,2000,dl_lb,25,25-28,GNB,Undrafted,Undrafted,11,0
RyanGlasgow25CIN2018,Ryan Glasgow,2018,dl_lb,25,25-28,CIN,7,45,3,0
JasonGlenn25NYJ2004,Jason Glenn,2004,dl_lb,25,25-28,NYJ,9,84,10,0
PhilGlover25IND2000,Phil Glover,2000,dl_lb,25,25-28,IND,10,138,9,0
JuniorGlymph25ATL2005,Junior Glymph,2005,dl_lb,25,25-28,ATL,Undrafted,Undrafted,3,0
ChrisGocong25PHI2008,Chris Gocong,2008,dl_lb,25,25-28,PHI,6,231,16,12
TravisGoethel25OAK2012,Travis Goethel,2012,dl_lb,25,25-28,OAK,9,103,8,0
JonathanGoff25NYG2010,Jonathan Goff,2010,dl_lb,25,25-28,NYG,8,75,16,16
IanGold25DEN2003,Ian Gold,2003,dl_lb,25,25-28,DEN,5,197,6,6
JackGolden25TAM2002,Jack Golden,2002,dl_lb,25,25-28,TAM,Undrafted,Undrafted,13,0
MarkusGolden25ARI2018,Markus Golden,2018,dl_lb,25,25-28,ARI,5,216,5,5
KedricGolston25WAS2008,Kedric Golston,2008,dl_lb,25,25-28,WAS,9,109,13,12
NajeeGoode25PHI2014,Najee Goode,2014,dl_lb,25,25-28,PHI,8,48,1,0
TavaresGooden25BAL2009,Tavares Gooden,2009,dl_lb,25,25-28,BAL,6,231,12,12
MalliciahGoodman25ATL2015,Malliciah Goodman,2015,dl_lb,25,25-28,ATL,7,33,4,0
B.J.Goodson25NYG2018,B.J. Goodson,2018,dl_lb,25,25-28,NYG,7,13,8,7
AdamGotsis25DEN2017,Adam Gotsis,2017,dl_lb,25,25-28,DEN,5,222,16,13
JermaineGrace25SEA2018,Jermaine Grace,2018,dl_lb,25,25-28,SEA,Undrafted,Undrafted,1,0
BrandonGraham25PHI2013,Brandon Graham,2013,dl_lb,25,25-28,PHI,1,36,16,0
CharlesGrant25NOR2003,Charles Grant,2003,dl_lb,25,25-28,NOR,1,168,16,16
CurtisGrant25NYG2017,Curtis Grant,2017,dl_lb,25,25-28,NYG,Undrafted,Undrafted,10,0
DeLawrenceGrant25OAK2004,DeLawrence Grant,2004,dl_lb,25,25-28,OAK,6,250,9,9
ErnestGrant25MIA2001,Ernest Grant,2001,dl_lb,25,25-28,MIA,9,77,11,3
LarryGrant25STL2010,Larry Grant,2010,dl_lb,25,25-28,STL,10,129,16,8
OrantesGrant252TM2003,Orantes Grant,2003,dl_lb,25,25-28,2TM,10,134,2,0
BobbyGray25CHI2003,Bobby Gray,2003,dl_lb,25,25-28,CHI,8,48,16,9
BarrettGreen25DET2002,Barrett Green,2002,dl_lb,25,25-28,DET,5,208,15,14
BrandonGreen25STL2005,Brandon Green,2005,dl_lb,25,25-28,STL,9,87,16,1
HowardGreen25NOR2004,Howard Green,2004,dl_lb,25,25-28,NOR,9,103,14,12
JamaalGreen25CHI2005,Jamaal Green,2005,dl_lb,25,25-28,CHI,7,38,1,0
JarvisGreen25NWE2004,Jarvis Green,2004,dl_lb,25,25-28,NWE,7,32,16,1
LouisGreen25DEN2004,Louis Green,2004,dl_lb,25,25-28,DEN,Undrafted,Undrafted,6,0
MichaelGreen25CHI2001,Michael Green,2001,dl_lb,25,25-28,CHI,10,173,16,2
RoderickGreen25SFO2007,Roderick Green,2007,dl_lb,25,25-28,SFO,8,62,7,0
KhaseemGreene25CHI2014,Khaseem Greene,2014,dl_lb,25,25-28,CHI,7,22,10,2
ChadGreenway25MIN2008,Chad Greenway,2008,dl_lb,25,25-28,MIN,1,80,16,15
CoryGreenwood25KAN2010,Cory Greenwood,2010,dl_lb,25,25-28,KAN,Undrafted,Undrafted,16,0
MorlonGreenwood25MIA2003,Morlon Greenwood,2003,dl_lb,25,25-28,MIA,6,249,16,11
KellyGregg25BAL2001,Kelly Gregg,2001,dl_lb,25,25-28,BAL,9,84,8,1
DamianGregory25CLE2002,Damian Gregory,2002,dl_lb,25,25-28,CLE,Undrafted,Undrafted,1,0
NickGreisen25NYG2004,Nick Greisen,2004,dl_lb,25,25-28,NYG,8,61,15,7
EversonGriffen25MIN2012,Everson Griffen,2012,dl_lb,25,25-28,MIN,7,4,16,1
CorneliusGriffin25NYG2001,Cornelius Griffin,2001,dl_lb,25,25-28,NYG,5,199,16,16
KrisGriffin25KAN2006,Kris Griffin,2006,dl_lb,25,25-28,KAN,Undrafted,Undrafted,16,0
BoomerGrigsby25KAN2006,Boomer Grigsby,2006,dl_lb,25,25-28,KAN,8,45,15,0
NicholasGrigsby25NWE2017,Nicholas Grigsby,2017,dl_lb,25,25-28,NWE,Undrafted,Undrafted,5,0
GeneoGrissom25NWE2017,Geneo Grissom,2017,dl_lb,25,25-28,NWE,6,259,8,0
QuentinGroves25JAX2009,Quentin Groves,2009,dl_lb,25,25-28,JAX,5,210,16,7
LetroyGuion25MIN2012,Letroy Guion,2012,dl_lb,25,25-28,MIN,8,61,15,15
JohnAbraham30ATL2008,John Abraham,2008,dl_lb,30,29-32,ATL,1,36,16,16
SamAcho30CHI2018,Sam Acho,2018,dl_lb,30,29-32,CHI,7,7,4,0
AnthonyAdams30CHI2010,Anthony Adams,2010,dl_lb,30,29-32,CHI,5,215,16,16
SamAdams30BUF2003,Sam Adams,2003,dl_lb,30,29-32,BUF,1,240,15,15
MarioAddison30CAR2017,Mario Addison,2017,dl_lb,30,29-32,CAR,Undrafted,Undrafted,16,16
ChidiAhanotu30TAM2000,Chidi Ahanotu,2000,dl_lb,30,29-32,TAM,9,53,16,16
ElijahAlexander30OAK2000,Elijah Alexander,2000,dl_lb,30,29-32,OAK,2,173,16,16
LorenzoAlexander30ARI2013,Lorenzo Alexander,2013,dl_lb,30,29-32,ARI,Undrafted,Undrafted,3,3
JaredAllen30MIN2012,Jared Allen,2012,dl_lb,30,29-32,MIN,7,32,16,16
TysonAlualu30PIT2017,Tyson Alualu,2017,dl_lb,30,29-32,PIT,1,3,16,5
KenAmato30TEN2007,Ken Amato,2007,dl_lb,30,29-32,TEN,Undrafted,Undrafted,7,0
JamesAnderson30CHI2013,James Anderson,2013,dl_lb,30,29-32,CHI,6,249,16,16
JessieArmstead30NYG2000,Jessie Armstead,2000,dl_lb,30,29-32,NYG,11,121,16,16
GenoAtkins30CIN2018,Geno Atkins,2018,dl_lb,30,29-32,CIN,7,26,8,8
CliffAvril30SEA2016,Cliff Avril,2016,dl_lb,30,29-32,SEA,6,254,16,16
BrendonAyanbadejo30CHI2006,Brendon Ayanbadejo,2006,dl_lb,30,29-32,CHI,Undrafted,Undrafted,16,1
RobertAyers30NYG2015,Robert Ayers,2015,dl_lb,30,29-32,NYG,1,91,12,11
AkinAyodele30MIA2009,Akin Ayodele,2009,dl_lb,30,29-32,MIA,6,250,16,15
JasonBabin30TEN2010,Jason Babin,2010,dl_lb,30,29-32,TEN,1,178,16,16
JonathanBabineaux30ATL2011,Jonathan Babineaux,2011,dl_lb,30,29-32,ATL,5,217,13,13
BrandonBair30PHI2014,Brandon Bair,2014,dl_lb,30,29-32,PHI,Undrafted,Undrafted,16,0
ChrisBaker30TAM2017,Chris Baker,2017,dl_lb,30,29-32,TAM,Undrafted,Undrafted,15,14
DaveBall30TEN2011,Dave Ball,2011,dl_lb,30,29-32,TEN,8,40,14,8
MichaelBankston30CIN2000,Michael Bankston,2000,dl_lb,30,29-32,CIN,7,4,16,14
JustinBannan30BAL2009,Justin Bannan,2009,dl_lb,30,29-32,BAL,8,46,16,2
TullyBanta-Cain30NWE2010,Tully Banta-Cain,2010,dl_lb,30,29-32,NWE,10,156,15,6
ShawnBarber30KAN2005,Shawn Barber,2005,dl_lb,30,29-32,KAN,7,18,3,0
AntwanBarnes30NYJ2014,Antwan Barnes,2014,dl_lb,30,29-32,NYJ,7,41,5,0
NickBarnett30BUF2011,Nick Barnett,2011,dl_lb,30,29-32,BUF,1,180,16,16
MichealBarrow30NYG2000,Micheal Barrow,2000,dl_lb,30,29-32,NYG,5,204,15,15
EricBarton30NYJ2007,Eric Barton,2007,dl_lb,30,29-32,NYJ,8,54,16,15
ConnorBarwin30PHI2016,Connor Barwin,2016,dl_lb,30,29-32,PHI,5,203,16,16
JonBeason30NYG2015,Jon Beason,2015,dl_lb,30,29-32,NYG,1,168,5,4
MontyBeisel30ARI2008,Monty Beisel,2008,dl_lb,30,29-32,ARI,7,11,16,0
MichaelBennett30SEA2015,Michael Bennett,2015,dl_lb,30,29-32,SEA,Undrafted,Undrafted,16,16
KevinBentley30HOU2009,Kevin Bentley,2009,dl_lb,30,29-32,HOU,7,5,16,0
RockyBernard30NYG2009,Rocky Bernard,2009,dl_lb,30,29-32,NYG,8,54,15,0
BertrandBerry30ARI2005,Bertrand Berry,2005,dl_lb,30,29-32,ARI,6,247,8,8
KroyBiermann30ATL2015,Kroy Biermann,2015,dl_lb,30,29-32,ATL,8,63,16,0
DesmondBishop302TM2014,Desmond Bishop,2014,dl_lb,30,29-32,2TM,9,105,2,0
ChaseBlackburn30CAR2013,Chase Blackburn,2013,dl_lb,30,29-32,CAR,Undrafted,Undrafted,13,7
MichaelBoley30NYG2012,Michael Boley,2012,dl_lb,30,29-32,NYG,8,70,16,11
AlfonsoBoone30CHI2006,Alfonso Boone,2006,dl_lb,30,29-32,CHI,10,172,12,4
JoeBowden30DAL2000,Joe Bowden,2000,dl_lb,30,29-32,DAL,8,40,16,0
StephenBowen30WAS2014,Stephen Bowen,2014,dl_lb,30,29-32,WAS,Undrafted,Undrafted,8,3
DavidBowens30NYJ2007,David Bowens,2007,dl_lb,30,29-32,NYJ,8,67,16,2
TimBowens30MIA2003,Tim Bowens,2003,dl_lb,30,29-32,MIA,1,114,13,13
BrantBoyer30CLE2001,Brant Boyer,2001,dl_lb,30,29-32,CLE,9,88,16,2
GaryBrackett30IND2010,Gary Brackett,2010,dl_lb,30,29-32,IND,Undrafted,Undrafted,12,12
BryanBraman30PHI2017,Bryan Braman,2017,dl_lb,30,29-32,PHI,Undrafted,Undrafted,3,0
AlanBranch30NWE2014,Alan Branch,2014,dl_lb,30,29-32,NWE,5,189,8,2
ChadBratzke30IND2001,Chad Bratzke,2001,dl_lb,30,29-32,IND,8,64,15,15
TylerBrayton30CAR2009,Tyler Brayton,2009,dl_lb,30,29-32,CAR,1,187,15,15
LanceBriggs30CHI2010,Lance Briggs,2010,dl_lb,30,29-32,CHI,6,227,15,15
JasperBrinkley30NYG2015,Jasper Brinkley,2015,dl_lb,30,29-32,NYG,8,59,15,9
RaheemBrock30IND2008,Raheem Brock,2008,dl_lb,30,29-32,IND,10,155,16,15
KeithBrooking30ATL2005,Keith Brooking,2005,dl_lb,30,29-32,ATL,1,25,16,16
AhmadBrooks30SFO2014,Ahmad Brooks,2014,dl_lb,30,29-32,SFO,6,1,13,13
DerrickBrooks*30TAM2003,Derrick Brooks*,2003,dl_lb,30,29-32,TAM,1,179,16,16
JamalBrooks30STL2006,Jamal Brooks,2006,dl_lb,30,29-32,STL,Undrafted,Undrafted,7,0
AlexBrown30CHI2009,Alex Brown,2009,dl_lb,30,29-32,CHI,7,8,16,16
ChadBrown30SEA2000,Chad Brown,2000,dl_lb,30,29-32,SEA,5,201,16,16
GilbertBrown30GNB2001,Gilbert Brown,2001,dl_lb,30,29-32,GNB,6,239,11,11
MikeBrown30CHI2008,Mike Brown,2008,dl_lb,30,29-32,CHI,5,195,15,15
TonyBrown30TEN2010,Tony Brown,2010,dl_lb,30,29-32,TEN,Undrafted,Undrafted,11,11
JohnBrowning30KAN2003,John Browning,2003,dl_lb,30,29-32,KAN,6,227,16,16
TedyBruschi30NWE2003,Tedy Bruschi,2003,dl_lb,30,29-32,NWE,6,247,16,16
DesmondBryant30CLE2015,Desmond Bryant,2015,dl_lb,30,29-32,CLE,Undrafted,Undrafted,14,14
RedBryant30JAX2014,Red Bryant,2014,dl_lb,30,29-32,JAX,7,27,16,16
BrentsonBuckner30CAR2001,Brentson Buckner,2001,dl_lb,30,29-32,CAR,5,208,16,10
KeithBulluck30TEN2007,Keith Bulluck,2007,dl_lb,30,29-32,TEN,1,183,16,16
BrodrickBunkley30NOR2013,Brodrick Bunkley,2013,dl_lb,30,29-32,NOR,1,47,12,10
DerrickBurgess30OAK2008,Derrick Burgess,2008,dl_lb,30,29-32,OAK,6,222,10,10
KevinBurnett30MIA2012,Kevin Burnett,2012,dl_lb,30,29-32,MIA,5,199,16,16
KeithBurns30DEN2002,Keith Burns,2002,dl_lb,30,29-32,DEN,10,125,16,1
JohnBurrough30STL2002,John Burrough,2002,dl_lb,30,29-32,STL,10,163,1,0
GlennCadrez30DEN2000,Glenn Cadrez,2000,dl_lb,30,29-32,DEN,9,63,16,3
MikeCaldwell30PHI2001,Mike Caldwell,2001,dl_lb,30,29-32,PHI,6,244,16,16
CalaisCampbell30ARI2016,Calais Campbell,2016,dl_lb,30,29-32,ARI,5,208,16,16
KharyCampbell30HOU2009,Khary Campbell,2009,dl_lb,30,29-32,HOU,Undrafted,Undrafted,1,0
ChrisCanty30NYG2012,Chris Canty,2012,dl_lb,30,29-32,NYG,7,39,9,9
AndreCarter30WAS2009,Andre Carter,2009,dl_lb,30,29-32,WAS,1,229,16,16
BruceCarter30ATL2018,Bruce Carter,2018,dl_lb,30,29-32,ATL,5,197,4,0
KevinCarter30TEN2003,Kevin Carter,2003,dl_lb,30,29-32,TEN,1,218,16,16
JonathanCasillas30NYG2017,Jonathan Casillas,2017,dl_lb,30,29-32,NYG,Undrafted,Undrafted,8,8
JacquesCesaire30SDG2010,Jacques Cesaire,2010,dl_lb,30,29-32,SDG,Undrafted,Undrafted,16,16
MattChatham30NYJ2007,Matt Chatham,2007,dl_lb,30,29-32,NYJ,Undrafted,Undrafted,9,0
JohnChick30JAX2012,John Chick,2012,dl_lb,30,29-32,JAX,Undrafted,Undrafted,8,0
VinnyCiurciu30DET2010,Vinny Ciurciu,2010,dl_lb,30,29-32,DET,Undrafted,Undrafted,10,0
KendrickClancy30NOR2008,Kendrick Clancy,2008,dl_lb,30,29-32,NOR,6,232,14,14
DannyClark30HOU2007,Danny Clark,2007,dl_lb,30,29-32,HOU,10,163,13,8
AdrianClayborn30NWE2018,Adrian Clayborn,2018,dl_lb,30,29-32,NWE,1,114,8,1
CharlieClemons30NOR2002,Charlie Clemons,2002,dl_lb,30,29-32,NOR,Undrafted,Undrafted,16,15
ChrisClemons30SEA2011,Chris Clemons,2011,dl_lb,30,29-32,SEA,Undrafted,Undrafted,16,16
DuaneClemons30CIN2004,Duane Clemons,2004,dl_lb,30,29-32,CIN,1,69,14,14
DexterCoakley30DAL2002,Dexter Coakley,2002,dl_lb,30,29-32,DAL,6,224,16,16
BarryCofield30WAS2014,Barry Cofield,2014,dl_lb,30,29-32,WAS,7,30,8,3
ColinCole30SEA2010,Colin Cole,2010,dl_lb,30,29-32,SEA,Undrafted,Undrafted,11,11
TrentCole30PHI2012,Trent Cole,2012,dl_lb,30,29-32,PHI,8,54,16,16
KenyonColeman30CLE2009,Kenyon Coleman,2009,dl_lb,30,29-32,CLE,8,55,13,13
RoderickColeman30ATL2006,Roderick Coleman,2006,dl_lb,30,29-32,ATL,8,62,15,15
ToddCollins30STL2000,Todd Collins,2000,dl_lb,30,29-32,STL,6,223,14,11
RoseveltColvin30NWE2007,Rosevelt Colvin,2007,dl_lb,30,29-32,NWE,7,16,11,10
ChrisCooper30ARI2007,Chris Cooper,2007,dl_lb,30,29-32,ARI,9,96,12,0
StephenCooper30SDG2009,Stephen Cooper,2009,dl_lb,30,29-32,SDG,Undrafted,Undrafted,16,16
JohnCopeland30CIN2000,John Copeland,2000,dl_lb,30,29-32,CIN,1,207,16,16
TerryCousin30JAX2005,Terry Cousin,2005,dl_lb,30,29-32,JAX,Undrafted,Undrafted,16,5
SamCowart30MIN2005,Sam Cowart,2005,dl_lb,30,29-32,MIN,5,195,15,14
JackCrawford30ATL2018,Jack Crawford,2018,dl_lb,30,29-32,ATL,8,67,7,3
DonteCurry30CAR2008,Donte Curry,2008,dl_lb,30,29-32,CAR,Undrafted,Undrafted,13,0
VinnyCurry30TAM2018,Vinny Curry,2018,dl_lb,30,29-32,TAM,5,217,5,5
BrianCushing30HOU2017,Brian Cushing,2017,dl_lb,30,29-32,HOU,1,58,5,5
LionalDalton30KAN2005,Lional Dalton,2005,dl_lb,30,29-32,KAN,Undrafted,Undrafted,16,14
PhillipDaniels30CHI2003,Phillip Daniels,2003,dl_lb,30,29-32,CHI,7,261,16,16
KarlosDansby30MIA2011,Karlos Dansby,2011,dl_lb,30,29-32,MIA,5,189,16,16
ChartricDarby30SEA2005,Chartric Darby,2005,dl_lb,30,29-32,SEA,Undrafted,Undrafted,14,14
JamesDarling30ARI2004,James Darling,2004,dl_lb,30,29-32,ARI,5,215,15,15
AndraDavis30CLE2008,Andra Davis,2008,dl_lb,30,29-32,CLE,8,49,16,16
DonDavis30STL2002,Don Davis,2002,dl_lb,30,29-32,STL,Undrafted,Undrafted,16,7
RussellDavis30ARI2005,Russell Davis,2005,dl_lb,30,29-32,ARI,5,205,3,3
ThomasDavis30CAR2013,Thomas Davis,2013,dl_lb,30,29-32,CAR,1,47,16,16
RyanDenney30BUF2007,Ryan Denney,2007,dl_lb,30,29-32,BUF,5,220,7,2
MikeDeVito30KAN2014,Mike DeVito,2014,dl_lb,30,29-32,KAN,Undrafted,Undrafted,1,1
JaredDeVries30DET2006,Jared DeVries,2006,dl_lb,30,29-32,DET,6,230,14,9
Na'ilDiggs30CAR2008,Na'il Diggs,2008,dl_lb,30,29-32,CAR,7,260,16,16
TimDobbins30HOU2012,Tim Dobbins,2012,dl_lb,30,29-32,HOU,8,60,14,6
DarnellDockett30ARI2011,Darnell Dockett,2011,dl_lb,30,29-32,ARI,6,223,16,16
KevinDogins30CHI2002,Kevin Dogins,2002,dl_lb,30,29-32,CHI,Undrafted,Undrafted,15,8
GlennDorsey30SFO2015,Glenn Dorsey,2015,dl_lb,30,29-32,SFO,1,207,10,7
HughDouglas30PHI2001,Hugh Douglas,2001,dl_lb,30,29-32,PHI,1,69,15,15
MarquesDouglas30SFO2007,Marques Douglas,2007,dl_lb,30,29-32,SFO,Undrafted,Undrafted,16,16
LegerDouzable30BUF2016,Leger Douzable,2016,dl_lb,30,29-32,BUF,Undrafted,Undrafted,16,5
ChrisDraft30CAR2006,Chris Draft,2006,dl_lb,30,29-32,CAR,9,66,16,16
ShaneDronett30ATL2001,Shane Dronett,2001,dl_lb,30,29-32,ATL,5,212,15,15
ElvisDumervil30BAL2014,Elvis Dumervil,2014,dl_lb,30,29-32,BAL,7,32,16,2
Jo-LonnDunbar30NOR2015,Jo-Lonn Dunbar,2015,dl_lb,30,29-32,NOR,Undrafted,Undrafted,3,1
JustinDurant30ATL2015,Justin Durant,2015,dl_lb,30,29-32,ATL,5,205,13,12
NickEason30PIT2010,Nick Eason,2010,dl_lb,30,29-32,PIT,7,19,16,5
ChadEaton30SEA2002,Chad Eaton,2002,dl_lb,30,29-32,SEA,10,159,16,16
DonnieEdwards30SDG2003,Donnie Edwards,2003,dl_lb,30,29-32,SDG,7,260,16,16
DwanEdwards30BUF2011,Dwan Edwards,2011,dl_lb,30,29-32,BUF,5,209,16,13
RonEdwards30KAN2009,Ron Edwards,2009,dl_lb,30,29-32,KAN,6,236,16,14
IsaiahEkejiuba30DET2011,Isaiah Ekejiuba,2011,dl_lb,30,29-32,DET,Undrafted,Undrafted,3,0
EbenezerEkuban30DEN2006,Ebenezer Ekuban,2006,dl_lb,30,29-32,DEN,1,114,15,15
DannellEllerbe30NOR2015,Dannell Ellerbe,2015,dl_lb,30,29-32,NOR,Undrafted,Undrafted,6,4
GregEllis30DAL2005,Greg Ellis,2005,dl_lb,30,29-32,DAL,1,240,16,13
ShaunEllis30NYJ2007,Shaun Ellis,2007,dl_lb,30,29-32,NYJ,1,25,16,16
LutherElliss30DET2003,Luther Elliss,2003,dl_lb,30,29-32,DET,1,114,5,0
CarlosEmmons30PHI2003,Carlos Emmons,2003,dl_lb,30,29-32,PHI,10,160,15,15
JohnEngelberger30DEN2006,John Engelberger,2006,dl_lb,30,29-32,DEN,5,191,16,1
DemetricEvans30SFO2009,Demetric Evans,2009,dl_lb,30,29-32,SFO,Undrafted,Undrafted,14,0
FredEvans30MIN2013,Fred Evans,2013,dl_lb,30,29-32,MIN,10,127,14,3
JoshEvans30NYJ2002,Josh Evans,2002,dl_lb,30,29-32,NYJ,Undrafted,Undrafted,16,16
TroyEvans30NOR2007,Troy Evans,2007,dl_lb,30,29-32,NOR,Undrafted,Undrafted,16,0
JamesFarrior30PIT2005,James Farrior,2005,dl_lb,30,29-32,PIT,1,240,14,14
HeathFarwell30SEA2011,Heath Farwell,2011,dl_lb,30,29-32,SEA,Undrafted,Undrafted,11,0
GregFavors30JAX2004,Greg Favors,2004,dl_lb,30,29-32,JAX,7,26,15,11
JasonFerguson30NYJ2004,Jason Ferguson,2004,dl_lb,30,29-32,NYJ,10,145,16,14
MarkFields30CAR2002,Mark Fields,2002,dl_lb,30,29-32,CAR,1,36,15,15
RonaldFields30CAR2011,Ronald Fields,2011,dl_lb,30,29-32,CAR,8,44,6,0
BryceFisher302TM2007,Bryce Fisher,2007,dl_lb,30,29-32,2TM,10,166,10,0
JasonFisk30SDG2002,Jason Fisk,2002,dl_lb,30,29-32,SDG,10,161,16,13
JimFlanigan30GNB2001,Jim Flanigan,2001,dl_lb,30,29-32,GNB,6,234,16,8
LondonFletcher30BUF2005,London Fletcher,2005,dl_lb,30,29-32,BUF,Undrafted,Undrafted,16,16
AndreFluellen30DET2015,Andre Fluellen,2015,dl_lb,30,29-32,DET,6,248,4,1
SteveFoley30SDG2005,Steve Foley,2005,dl_lb,30,29-32,SDG,6,235,13,13
AlbertFontenot30SDG2000,Albert Fontenot,2000,dl_lb,30,29-32,SDG,7,17,15,15
LarryFoote30PIT2010,Larry Foote,2010,dl_lb,30,29-32,PIT,7,34,16,0
HenryFord30TEN2001,Henry Ford,2001,dl_lb,30,29-32,TEN,1,174,16,0
JayForeman30SFO2006,Jay Foreman,2006,dl_lb,30,29-32,SFO,8,65,2,0
KeyaronFox30HOU2012,Keyaron Fox,2012,dl_lb,30,29-32,HOU,6,255,0,NA
AubrayoFranklin30SFO2010,Aubrayo Franklin,2010,dl_lb,30,29-32,SFO,8,54,16,16
RobFredrickson30ARI2001,Rob Fredrickson,2001,dl_lb,30,29-32,ARI,1,135,15,15
JerrellFreeman30CHI2016,Jerrell Freeman,2016,dl_lb,30,29-32,CHI,Undrafted,Undrafted,12,12
DwightFreeney30IND2010,Dwight Freeney,2010,dl_lb,30,29-32,IND,1,14,16,16
ScottFujita30NOR2009,Scott Fujita,2009,dl_lb,30,29-32,NOR,8,51,11,10
AntonioGaray30SDG2009,Antonio Garay,2009,dl_lb,30,29-32,SDG,9,108,2,0
DarylGardener30DEN2003,Daryl Gardener,2003,dl_lb,30,29-32,DEN,1,114,5,2
KabeerGbaja-Biamila30GNB2007,Kabeer Gbaja-Biamila,2007,dl_lb,30,29-32,GNB,8,57,15,2
RobertGeathers30CIN2013,Robert Geathers,2013,dl_lb,30,29-32,CIN,7,22,2,0
RonGeorge30KAN2000,Ron George,2000,dl_lb,30,29-32,KAN,8,27,16,0
GaryGibson30TAM2012,Gary Gibson,2012,dl_lb,30,29-32,TAM,Undrafted,Undrafted,16,1
OliverGibson30CIN2002,Oliver Gibson,2002,dl_lb,30,29-32,CIN,7,26,9,9
WallaceGilberry30CIN2014,Wallace Gilberry,2014,dl_lb,30,29-32,CIN,Undrafted,Undrafted,16,16
SeanGilbert30CAR2000,Sean Gilbert,2000,dl_lb,30,29-32,CAR,1,182,15,15
TonyGilbert30ATL2009,Tony Gilbert,2009,dl_lb,30,29-32,ATL,9,125,12,0
JasonGildon30PIT2002,Jason Gildon,2002,dl_lb,30,29-32,PIT,6,249,16,16
La'RoiGlover30DAL2004,La'Roi Glover,2004,dl_lb,30,29-32,DAL,8,76,16,16
RandallGodfrey30SEA2003,Randall Godfrey,2003,dl_lb,30,29-32,SEA,5,206,15,14
KedricGolston30WAS2013,Kedric Golston,2013,dl_lb,30,29-32,WAS,9,109,16,8
JeffGooch30TAM2004,Jeff Gooch,2004,dl_lb,30,29-32,TAM,Undrafted,Undrafted,16,1
AmonGordon30KAN2011,Amon Gordon,2011,dl_lb,30,29-32,KAN,8,71,16,2
BrandonGraham30PHI2018,Brandon Graham,2018,dl_lb,30,29-32,PHI,1,36,8,8
CharlesGrant30NOR2008,Charles Grant,2008,dl_lb,30,29-32,NOR,1,168,8,8
PaulGrasmanis30PHI2004,Paul Grasmanis,2004,dl_lb,30,29-32,PHI,7,21,4,0
HowardGreen30NYJ2009,Howard Green,2009,dl_lb,30,29-32,NYJ,9,103,12,0
JarvisGreen30NWE2009,Jarvis Green,2009,dl_lb,30,29-32,NWE,7,32,13,12
ChadGreenway30MIN2013,Chad Greenway,2013,dl_lb,30,29-32,MIN,1,80,16,16
MorlonGreenwood30HOU2008,Morlon Greenwood,2008,dl_lb,30,29-32,HOU,6,249,15,10
KellyGregg30BAL2006,Kelly Gregg,2006,dl_lb,30,29-32,BAL,9,84,16,16
MathiasKiwanuka30NYG2013,Mathias Kiwanuka,2013,dl_lb,30,29-32,NYG,1,187,16,10
NikoKoutouvides30NWE2011,Niko Koutouvides,2011,dl_lb,30,29-32,NWE,7,21,8,1
ClintKriewaldt30PIT2006,Clint Kriewaldt,2006,dl_lb,30,29-32,PIT,9,88,14,0
PaulKruger30NOR2016,Paul Kruger,2016,dl_lb,30,29-32,NOR,5,215,15,13
RyanKuehl30CLE2002,Ryan Kuehl,2002,dl_lb,30,29-32,CLE,Undrafted,Undrafted,16,0
JasonKyle30CAR2002,Jason Kyle,2002,dl_lb,30,29-32,CAR,7,32,16,0
TravisLaBoy30SDG2011,Travis LaBoy,2011,dl_lb,30,29-32,SDG,5,199,14,14
DerekLandri30TAM2013,Derek Landri,2013,dl_lb,30,29-32,TAM,8,76,9,1
KenardLang30CLE2005,Kenard Lang,2005,dl_lb,30,29-32,CLE,1,80,16,5
KendallLangford30IND2016,Kendall Langford,2016,dl_lb,30,29-32,IND,6,225,7,7
DannyLansanah30TAM2015,Danny Lansanah,2015,dl_lb,30,29-32,TAM,Undrafted,Undrafted,16,11
JamesLaurinaitis30NOR2016,James Laurinaitis,2016,dl_lb,30,29-32,NOR,5,191,5,4
MannyLawson30BUF2014,Manny Lawson,2014,dl_lb,30,29-32,BUF,1,135,16,0
BenLeber30MIN2008,Ben Leber,2008,dl_lb,30,29-32,MIN,6,231,16,15
SeanLee30DAL2016,Sean Lee,2016,dl_lb,30,29-32,DAL,5,213,15,15
ParisLenon30DET2007,Paris Lenon,2007,dl_lb,30,29-32,DET,Undrafted,Undrafted,16,16
D.D.Lewis30SEA2009,D.D. Lewis,2009,dl_lb,30,29-32,SEA,Undrafted,Undrafted,12,0
DamioneLewis30CAR2008,Damione Lewis,2008,dl_lb,30,29-32,CAR,1,25,15,15
RayLewis*30BAL2005,Ray Lewis*,2005,dl_lb,30,29-32,BAL,1,174,6,6
LeonardLittle30STL2004,Leonard Little,2004,dl_lb,30,29-32,STL,6,224,16,16
JodyLittleton30DET2004,Jody Littleton,2004,dl_lb,30,29-32,DET,Undrafted,Undrafted,8,0
ChrisLong30STL2015,Chris Long,2015,dl_lb,30,29-32,STL,1,113,12,5
KyleLove30CAR2016,Kyle Love,2016,dl_lb,30,29-32,CAR,Undrafted,Undrafted,10,1
RickLyle30NYJ2001,Rick Lyle,2001,dl_lb,30,29-32,NYJ,Undrafted,Undrafted,16,3
BillyLyon30MIN2003,Billy Lyon,2003,dl_lb,30,29-32,MIN,Undrafted,Undrafted,13,0
LemarMarshall30WAS2006,Lemar Marshall,2006,dl_lb,30,29-32,WAS,Undrafted,Undrafted,15,15
SteveMartin30MIN2004,Steve Martin,2004,dl_lb,30,29-32,MIN,8,60,12,0
EddieMason30WAS2002,Eddie Mason,2002,dl_lb,30,29-32,WAS,9,89,16,0
RobertMathis30IND2011,Robert Mathis,2011,dl_lb,30,29-32,IND,8,45,16,15
ClayMatthews30GNB2016,Clay Matthews,2016,dl_lb,30,29-32,GNB,1,174,12,9
ReyMaualuga30MIA2017,Rey Maualuga,2017,dl_lb,30,29-32,MIA,5,194,6,4
JoeMays30SDG2015,Joe Mays,2015,dl_lb,30,29-32,SDG,9,115,9,0
TerrellMcClain30ATL2018,Terrell McClain,2018,dl_lb,30,29-32,ATL,6,224,7,5
AlbertMcClellan30BAL2016,Albert McClellan,2016,dl_lb,30,29-32,BAL,Undrafted,Undrafted,16,11
JasonMcCourty30CLE2017,Jason McCourty,2017,dl_lb,30,29-32,CLE,9,117,14,14
GeraldMcCoy30TAM2018,Gerald McCoy,2018,dl_lb,30,29-32,TAM,1,182,5,5
MichaelMcCrary30BAL2000,Michael McCrary,2000,dl_lb,30,29-32,BAL,10,81,16,16
TonyMcDaniel30TAM2015,Tony McDaniel,2015,dl_lb,30,29-32,TAM,Undrafted,Undrafted,14,3
ClintonMcDonald30TAM2017,Clinton McDonald,2017,dl_lb,30,29-32,TAM,10,167,14,3
RayMcDonald30SFO2014,Ray McDonald,2014,dl_lb,30,29-32,SFO,6,259,14,14
JeromeMcDougle30NYG2008,Jerome McDougle,2008,dl_lb,30,29-32,NYG,1,58,4,0
WillieMcGinest30NWE2001,Willie McGinest,2001,dl_lb,30,29-32,NWE,1,196,11,5
RockyMcIntosh30STL2012,Rocky McIntosh,2012,dl_lb,30,29-32,STL,5,191,16,9
KeithMcKenzie30BUF2003,Keith McKenzie,2003,dl_lb,30,29-32,BUF,10,171,6,0
RonaldMcKinnon30ARI2003,Ronald McKinnon,2003,dl_lb,30,29-32,ARI,Undrafted,Undrafted,16,16
SteveMcLendon30NYJ2016,Steve McLendon,2016,dl_lb,30,29-32,NYJ,Undrafted,Undrafted,11,10
PernellMcPhee30WAS2018,Pernell McPhee,2018,dl_lb,30,29-32,WAS,8,75,7,0
BrandonMebane30SEA2015,Brandon Mebane,2015,dl_lb,30,29-32,SEA,6,246,15,15
RobMeier30JAX2007,Rob Meier,2007,dl_lb,30,29-32,JAX,10,159,16,9
DarrenMickell30SDG2000,Darren Mickell,2000,dl_lb,30,29-32,SDG,5,113,16,16
RoyMiller30KAN2017,Roy Miller,2017,dl_lb,30,29-32,KAN,6,242,7,0
JeremyMincey302TM2013,Jeremy Mincey,2013,dl_lb,30,29-32,2TM,9,104,10,0
BarryMinter30CHI2000,Barry Minter,2000,dl_lb,30,29-32,CHI,9,78,15,2
EarlMitchell30SFO2017,Earl Mitchell,2017,dl_lb,30,29-32,SFO,6,242,16,16
KawikaMitchell30BUF2009,Kawika Mitchell,2009,dl_lb,30,29-32,BUF,5,204,5,5
KevinMitchell30WAS2001,Kevin Mitchell,2001,dl_lb,30,29-32,WAS,5,211,13,13
JohnMobley30DEN2003,John Mobley,2003,dl_lb,30,29-32,DEN,1,58,8,7
MartyMoore30NWE2001,Marty Moore,2001,dl_lb,30,29-32,NWE,10,138,3,0
KindalMoorehead30ATL2008,Kindal Moorehead,2008,dl_lb,30,29-32,ATL,8,53,14,1
SeanMoran30SFO2003,Sean Moran,2003,dl_lb,30,29-32,SFO,7,26,16,0
RobMorris30IND2005,Rob Morris,2005,dl_lb,30,29-32,IND,1,179,14,0
KirkMorrison30BUF2012,Kirk Morrison,2012,dl_lb,30,29-32,BUF,6,238,2,0
C.J.Mosley30DET2013,C.J. Mosley,2013,dl_lb,30,29-32,DET,9,104,16,1
DanielMuir30OAK2013,Daniel Muir,2013,dl_lb,30,29-32,OAK,Undrafted,Undrafted,10,1
MichaelMyers30DEN2006,Michael Myers,2006,dl_lb,30,29-32,DEN,7,4,16,16
HannibalNavies30SFO2007,Hannibal Navies,2007,dl_lb,30,29-32,SFO,7,4,5,2
JimNelson30BAL2005,Jim Nelson,2005,dl_lb,30,29-32,BAL,Undrafted,Undrafted,2,0
HalotiNgata30BAL2014,Haloti Ngata,2014,dl_lb,30,29-32,BAL,1,25,12,12
DatNguyen30DAL2005,Dat Nguyen,2005,dl_lb,30,29-32,DAL,6,246,8,4
StephenNicholas30ATL2013,Stephen Nicholas,2013,dl_lb,30,29-32,ATL,7,13,14,3
RobNinkovich30NWE2014,Rob Ninkovich,2014,dl_lb,30,29-32,NWE,8,42,16,16
BrandonNoble30WAS2004,Brandon Noble,2004,dl_lb,30,29-32,WAS,Undrafted,Undrafted,16,7
EricOgbogu30DAL2005,Eric Ogbogu,2005,dl_lb,30,29-32,DAL,9,73,6,0
AdewaleOgunleye30CHI2007,Adewale Ogunleye,2007,dl_lb,30,29-32,CHI,Undrafted,Undrafted,16,16
ChikeOkeafor30ARI2006,Chike Okeafor,2006,dl_lb,30,29-32,ARI,6,250,16,15
KennyOnatolu30CAR2012,Kenny Onatolu,2012,dl_lb,30,29-32,CAR,Undrafted,Undrafted,4,0
BrianOrakpo30TEN2016,Brian Orakpo,2016,dl_lb,30,29-32,TEN,1,36,16,16
RichOwens302TM2002,Rich Owens,2002,dl_lb,30,29-32,2TM,8,61,11,0
CalvinPace30NYJ2010,Calvin Pace,2010,dl_lb,30,29-32,NYJ,1,91,12,11
JuquaParker30PHI2008,Juqua Parker,2008,dl_lb,30,29-32,PHI,Undrafted,Undrafted,16,16
RiddickParker30BAL2002,Riddick Parker,2002,dl_lb,30,29-32,BAL,Undrafted,Undrafted,11,0
MikePatterson30NYG2013,Mike Patterson,2013,dl_lb,30,29-32,NYG,1,186,16,1
SethPayne30HOU2005,Seth Payne,2005,dl_lb,30,29-32,HOU,7,19,16,14
DomataPeko30CIN2014,Domata Peko,2014,dl_lb,30,29-32,CIN,7,29,16,16
JerisPendleton30IND2013,Jeris Pendleton,2013,dl_lb,30,29-32,IND,10,144,1,0
JuliusPeppers30CHI2010,Julius Peppers,2010,dl_lb,30,29-32,CHI,1,113,16,16
ChristianPeter30CHI2002,Christian Peter,2002,dl_lb,30,29-32,CHI,8,57,12,3
BrianPeters30HOU2018,Brian Peters,2018,dl_lb,30,29-32,HOU,Undrafted,Undrafted,4,0
CoreyPeters30ARI2018,Corey Peters,2018,dl_lb,30,29-32,ARI,6,244,7,7
JulianPeterson30SEA2008,Julian Peterson,2008,dl_lb,30,29-32,SEA,1,69,16,15
KennyPeterson30DEN2008,Kenny Peterson,2008,dl_lb,30,29-32,DEN,6,239,16,1
MikePeterson30JAX2006,Mike Peterson,2006,dl_lb,30,29-32,JAX,5,192,5,5
ShaunPhillips30SDG2011,Shaun Phillips,2011,dl_lb,30,29-32,SDG,7,260,12,12
RyanPickett30GNB2009,Ryan Pickett,2009,dl_lb,30,29-32,GNB,1,180,13,9
AntonioPierce30NYG2008,Antonio Pierce,2008,dl_lb,30,29-32,NYG,Undrafted,Undrafted,15,15
RopatiPitoitua30TEN2015,Ropati Pitoitua,2015,dl_lb,30,29-32,TEN,Undrafted,Undrafted,5,0
CarlosPolk30SDG2007,Carlos Polk,2007,dl_lb,30,29-32,SDG,7,17,10,2
TylerPolumbus302TM2015,Tyler Polumbus,2015,dl_lb,30,29-32,2TM,Undrafted,Undrafted,14,0
BradyPoppinga30GNB2009,Brady Poppinga,2009,dl_lb,30,29-32,GNB,7,31,15,3
JoeyPorter30MIA2007,Joey Porter,2007,dl_lb,30,29-32,MIA,6,233,16,15
JeffPosey30BUF2005,Jeff Posey,2005,dl_lb,30,29-32,BUF,Undrafted,Undrafted,16,15
PaulPosluszny30JAX2014,Paul Posluszny,2014,dl_lb,30,29-32,JAX,5,190,7,7
SionePouha30NYJ2009,Sione Pouha,2009,dl_lb,30,29-32,NYJ,6,249,16,14
CarlPowell30CIN2004,Carl Powell,2004,dl_lb,30,29-32,CIN,8,65,10,2
ShawnPrice30BUF2000,Shawn Price,2000,dl_lb,30,29-32,BUF,Undrafted,Undrafted,13,6
PiersonPrioleau30WAS2007,Pierson Prioleau,2007,dl_lb,30,29-32,WAS,7,15,15,4
TrevorPryce30DEN2005,Trevor Pryce,2005,dl_lb,30,29-32,DEN,1,179,16,16
SheltonQuarles30TAM2001,Shelton Quarles,2001,dl_lb,30,29-32,TAM,Undrafted,Undrafted,16,16
JayRatliff30DAL2011,Jay Ratliff,2011,dl_lb,30,29-32,DAL,10,140,16,16
MontaeReagor30PHI2007,Montae Reagor,2007,dl_lb,30,29-32,PHI,5,216,7,0
CoryRedding30BAL2010,Cory Redding,2010,dl_lb,30,29-32,BAL,6,225,15,11
BrooksReed30ATL2017,Brooks Reed,2017,dl_lb,30,29-32,ATL,5,199,16,14
JamesReed30KAN2007,James Reed,2007,dl_lb,30,29-32,KAN,10,120,4,0
IkeReese30PHI2003,Ike Reese,2003,dl_lb,30,29-32,PHI,8,50,16,1
VincentRey30CIN2017,Vincent Rey,2017,dl_lb,30,29-32,CIN,Undrafted,Undrafted,14,11
SimeonRice30TAM2004,Simeon Rice,2004,dl_lb,30,29-32,TAM,1,182,16,16
FredRobbins30NYG2007,Fred Robbins,2007,dl_lb,30,29-32,NYG,5,213,16,15
CraigRobertson30NOR2018,Craig Robertson,2018,dl_lb,30,29-32,NOR,Undrafted,Undrafted,7,0
BryanRobinson30MIA2004,Bryan Robinson,2004,dl_lb,30,29-32,MIA,Undrafted,Undrafted,16,13
EddieRobinson30TEN2000,Eddie Robinson,2000,dl_lb,30,29-32,TEN,5,208,16,16
BrianRobison30MIN2013,Brian Robison,2013,dl_lb,30,29-32,MIN,7,6,16,16
DerrickRodgers30MIA2001,Derrick Rodgers,2001,dl_lb,30,29-32,MIA,6,254,14,14
SamRogers30BUF2000,Sam Rogers,2000,dl_lb,30,29-32,BUF,5,223,11,11
ShaunRogers30CLE2009,Shaun Rogers,2009,dl_lb,30,29-32,CLE,5,220,11,11
TyroneRogers30CLE2004,Tyrone Rogers,2004,dl_lb,30,29-32,CLE,Undrafted,Undrafted,14,0
OrpheusRoye30CLE2003,Orpheus Roye,2003,dl_lb,30,29-32,CLE,9,115,16,15
AhtybaRubin30SEA2016,Ahtyba Rubin,2016,dl_lb,30,29-32,SEA,9,103,16,16
FrosteeRucker30ARI2013,Frostee Rucker,2013,dl_lb,30,29-32,ARI,6,253,16,1
MikeRucker30CAR2005,Mike Rucker,2005,dl_lb,30,29-32,CAR,5,194,15,14
DeMecoRyans30PHI2014,DeMeco Ryans,2014,dl_lb,30,29-32,PHI,5,189,8,8
JoeSalave'a30WAS2005,Joe Salave'a,2005,dl_lb,30,29-32,WAS,7,11,14,13
TerdellSands30NWE2009,Terdell Sands,2009,dl_lb,30,29-32,NWE,10,161,1,0
WarrenSapp*30TAM2002,Warren Sapp*,2002,dl_lb,30,29-32,TAM,1,25,16,16
AaronSchobel30BUF2007,Aaron Schobel,2007,dl_lb,30,29-32,BUF,5,203,16,16
BartScott30NYJ2010,Bart Scott,2010,dl_lb,30,29-32,NYJ,Undrafted,Undrafted,16,16
BryanScott30BUF2011,Bryan Scott,2011,dl_lb,30,29-32,BUF,5,213,16,7
DarrionScott30WAS2011,Darrion Scott,2011,dl_lb,30,29-32,WAS,6,249,7,0
TrevorScott30CHI2014,Trevor Scott,2014,dl_lb,30,29-32,CHI,9,79,9,0
CoreySears30HOU2003,Corey Sears,2003,dl_lb,30,29-32,HOU,Undrafted,Undrafted,16,12
RichardSeymour30OAK2009,Richard Seymour,2009,dl_lb,30,29-32,OAK,1,218,16,16
ScottShanle30NOR2009,Scott Shanle,2009,dl_lb,30,29-32,NOR,10,170,14,14
JamieSharper30HOU2004,Jamie Sharper,2004,dl_lb,30,29-32,HOU,5,190,16,16
LitoSheppard30OAK2011,Lito Sheppard,2011,dl_lb,30,29-32,OAK,1,174,9,7
BrianSimmons30CIN2005,Brian Simmons,2005,dl_lb,30,29-32,CIN,1,80,16,16
CoreySimon30TEN2007,Corey Simon,2007,dl_lb,30,29-32,TEN,1,218,4,0
MarkSimoneau30NOR2007,Mark Simoneau,2007,dl_lb,30,29-32,NOR,6,226,16,16
EugeneSims30LAR2016,Eugene Sims,2016,dl_lb,30,29-32,LAR,9,101,16,8
PatSims30CIN2015,Pat Sims,2015,dl_lb,30,29-32,CIN,6,237,8,0
RyanSims30TAM2010,Ryan Sims,2010,dl_lb,30,29-32,TAM,1,218,6,1
AlshermondSingleton30DAL2005,Alshermond Singleton,2005,dl_lb,30,29-32,DAL,7,34,8,7
DanSkuta30JAX2016,Dan Skuta,2016,dl_lb,30,29-32,JAX,Undrafted,Undrafted,13,2
ChrisSlade30CAR2001,Chris Slade,2001,dl_lb,30,29-32,CAR,5,186,15,0
AaronSmith30PIT2006,Aaron Smith,2006,dl_lb,30,29-32,PIT,7,13,16,16
AntonioSmith30HOU2011,Antonio Smith,2011,dl_lb,30,29-32,HOU,8,42,16,16
BradySmith30ATL2003,Brady Smith,2003,dl_lb,30,29-32,ATL,6,230,16,14
DarrinSmith30NOR2000,Darrin Smith,2000,dl_lb,30,29-32,NOR,5,212,16,11
DarylSmith30JAX2012,Daryl Smith,2012,dl_lb,30,29-32,JAX,5,195,2,2
DerekSmith30SFO2005,Derek Smith,2005,dl_lb,30,29-32,SFO,6,241,16,16
JustinSmith30SFO2009,Justin Smith,2009,dl_lb,30,29-32,SFO,1,196,16,16
LarrySmith30GNB2004,Larry Smith,2004,dl_lb,30,29-32,GNB,5,214,3,0
RobaireSmith30CLE2007,Robaire Smith,2007,dl_lb,30,29-32,CLE,9,110,16,16
ShaunSmith30TEN2011,Shaun Smith,2011,dl_lb,30,29-32,TEN,Undrafted,Undrafted,15,6
WillSmith30NOR2011,Will Smith,2011,dl_lb,30,29-32,NOR,1,91,14,14
PaulSoliai30MIA2013,Paul Soliai,2013,dl_lb,30,29-32,MIA,7,12,15,15
IsaacSopoaga30SFO2011,Isaac Sopoaga,2011,dl_lb,30,29-32,SFO,7,8,15,15
MarcusSpears30BAL2013,Marcus Spears,2013,dl_lb,30,29-32,BAL,1,114,5,1
AlonzoSpellman30DET2001,Alonzo Spellman,2001,dl_lb,30,29-32,DET,1,135,5,0
AnthonySpencer30DAL2014,Anthony Spencer,2014,dl_lb,30,29-32,DAL,1,174,13,0
PaulSpicer30JAX2005,Paul Spicer,2005,dl_lb,30,29-32,JAX,Undrafted,Undrafted,15,14
TakeoSpikes30BUF2006,Takeo Spikes,2006,dl_lb,30,29-32,BUF,1,36,12,11
GregSpires30TAM2004,Greg Spires,2004,dl_lb,30,29-32,TAM,6,244,16,16
DonnieSpragan30MIA2006,Donnie Spragan,2006,dl_lb,30,29-32,MIA,Undrafted,Undrafted,16,9
JoshStamer30BUF2007,Josh Stamer,2007,dl_lb,30,29-32,BUF,Undrafted,Undrafted,16,0
RandyStarks30MIA2013,Randy Starks,2013,dl_lb,30,29-32,MIA,6,231,16,14
GaryStills30KAN2004,Gary Stills,2004,dl_lb,30,29-32,KAN,6,235,16,0
MichaelStrahan*30NYG2001,Michael Strahan*,2001,dl_lb,30,29-32,NYG,5,197,16,16
MarcusStroud30BUF2008,Marcus Stroud,2008,dl_lb,30,29-32,BUF,1,36,16,16
DanaStubblefield30WAS2000,Dana Stubblefield,2000,dl_lb,30,29-32,WAS,1,174,15,14
AndyStudebaker30IND2015,Andy Studebaker,2015,dl_lb,30,29-32,IND,9,117,3,0
NathanStupar30NYG2018,Nathan Stupar,2018,dl_lb,30,29-32,NYG,10,147,8,1
TerrellSuggs30BAL2012,Terrell Suggs,2012,dl_lb,30,29-32,BAL,1,3,8,8
NdamukongSuh30MIA2017,Ndamukong Suh,2017,dl_lb,30,29-32,MIA,1,113,16,16
EricSwann30CAR2000,Eric Swann,2000,dl_lb,30,29-32,CAR,1,218,16,3
BarronTanner30ARI2003,Barron Tanner,2003,dl_lb,30,29-32,ARI,8,57,14,2
MaaTanuvasa30DEN2000,Maa Tanuvasa,2000,dl_lb,30,29-32,DEN,11,123,16,16
DarrylTapp30DET2014,Darryl Tapp,2014,dl_lb,30,29-32,DET,5,222,16,0
JoshTaves30CAR2002,Josh Taves,2002,dl_lb,30,29-32,CAR,Undrafted,Undrafted,5,0
JasonTaylor*30MIA2004,Jason Taylor*,2004,dl_lb,30,29-32,MIA,6,233,16,16
CraigTerrill30SEA2010,Craig Terrill,2010,dl_lb,30,29-32,SEA,9,101,12,1
JohnThierry30GNB2001,John Thierry,2001,dl_lb,30,29-32,GNB,1,14,12,12
AdaliusThomas30NWE2007,Adalius Thomas,2007,dl_lb,30,29-32,NWE,9,98,16,15
BryanThomas30NYJ2009,Bryan Thomas,2009,dl_lb,30,29-32,NYJ,1,135,16,14
CamThomas30LAR2016,Cam Thomas,2016,dl_lb,30,29-32,LAR,8,54,16,2
HollisThomas30PHI2004,Hollis Thomas,2004,dl_lb,30,29-32,PHI,Undrafted,Undrafted,13,2
ZachThomas30MIA2003,Zach Thomas,2003,dl_lb,30,29-32,MIA,8,63,15,15
DavidThornton30TEN2008,David Thornton,2008,dl_lb,30,29-32,TEN,7,10,15,15
JohnThornton30CIN2006,John Thornton,2006,dl_lb,30,29-32,CIN,5,210,15,15
LawrenceTimmons30PIT2016,Lawrence Timmons,2016,dl_lb,30,29-32,PIT,1,58,16,16
DaveTollefson30NYG2011,Dave Tollefson,2011,dl_lb,30,29-32,NYG,10,172,16,2
KoreyToomer30GNB2018,Korey Toomer,2018,dl_lb,30,29-32,GNB,8,63,4,0
SteveTovar30SDG2000,Steve Tovar,2000,dl_lb,30,29-32,SDG,6,217,16,0
JeremiahTrotter30TAM2007,Jeremiah Trotter,2007,dl_lb,30,29-32,TAM,6,232,3,1
R-KalTruluck30GNB2004,R-Kal Truluck,2004,dl_lb,30,29-32,GNB,Undrafted,Undrafted,14,1
JasonTrusnik30MIA2014,Jason Trusnik,2014,dl_lb,30,29-32,MIA,Undrafted,Undrafted,16,6
WinfredTubbs30SFO2000,Winfred Tubbs,2000,dl_lb,30,29-32,SFO,6,239,14,14
JustinTuck30NYG2013,Justin Tuck,2013,dl_lb,30,29-32,NYG,6,234,16,15
StephenTulloch30DET2015,Stephen Tulloch,2015,dl_lb,30,29-32,DET,7,21,16,16
JeffUlbrich30SFO2007,Jeff Ulbrich,2007,dl_lb,30,29-32,SFO,6,247,16,2
ArtieUlmer30ATL2003,Artie Ulmer,2003,dl_lb,30,29-32,ATL,10,136,16,0
OsiUmenyiora30NYG2011,Osi Umenyiora,2011,dl_lb,30,29-32,NYG,5,214,9,7
MitchUnrein30CHI2017,Mitch Unrein,2017,dl_lb,30,29-32,CHI,Undrafted,Undrafted,12,8
BrianUrlacher*30CHI2008,Brian Urlacher*,2008,dl_lb,30,29-32,CHI,1,251,16,16
KyleVanden Bosch30TEN2008,Kyle Vanden Bosch,2008,dl_lb,30,29-32,TEN,5,190,10,10
KevinVickerson30DEN2013,Kevin Vickerson,2013,dl_lb,30,29-32,DEN,10,131,11,11
JonathanVilma30NOR2012,Jonathan Vilma,2012,dl_lb,30,29-32,NOR,1,25,11,10
Kimovon Oelhoffen30PIT2001,Kimo von Oelhoffen,2001,dl_lb,30,29-32,PIT,9,72,15,15
MikeVrabel30NWE2005,Mike Vrabel,2005,dl_lb,30,29-32,NWE,6,253,16,16
CameronWake30MIA2012,Cameron Wake,2012,dl_lb,30,29-32,MIA,Undrafted,Undrafted,16,16
ErikWalden30IND2015,Erik Walden,2015,dl_lb,30,29-32,IND,9,77,15,15
DarwinWalker30CHI2007,Darwin Walker,2007,dl_lb,30,29-32,CHI,6,231,11,7
GaryWalker30HOU2003,Gary Walker,2003,dl_lb,30,29-32,HOU,8,68,4,4
AlWallace30CAR2004,Al Wallace,2004,dl_lb,30,29-32,CAR,Undrafted,Undrafted,16,0
DeMarcusWare30DAL2012,DeMarcus Ware,2012,dl_lb,30,29-32,DAL,1,14,16,16
GerardWarren30OAK2008,Gerard Warren,2008,dl_lb,30,29-32,OAK,1,182,16,16
KeithWashington30DEN2002,Keith Washington,2002,dl_lb,30,29-32,DEN,Undrafted,Undrafted,10,0
MarcusWashington30WAS2007,Marcus Washington,2007,dl_lb,30,29-32,WAS,5,217,12,11
DekodaWatson30SFO2018,Dekoda Watson,2018,dl_lb,30,29-32,SFO,10,132,1,0
NateWayne30DET2005,Nate Wayne,2005,dl_lb,30,29-32,DET,10,134,5,0
SeanWeatherspoon30ATL2017,Sean Weatherspoon,2017,dl_lb,30,29-32,ATL,1,102,2,0
NateWebster30DEN2007,Nate Webster,2007,dl_lb,30,29-32,DEN,6,252,16,13
DeanWells30CAR2000,Dean Wells,2000,dl_lb,30,29-32,CAR,7,246,16,14
MikeWells30IND2001,Mike Wells,2001,dl_lb,30,29-32,IND,7,31,16,0
PhilipWheeler30MIA2014,Philip Wheeler,2014,dl_lb,30,29-32,MIA,6,255,15,4
LarryWhigham30CHI2002,Larry Whigham,2002,dl_lb,30,29-32,CHI,7,15,16,1
DewayneWhite30DET2009,Dewayne White,2009,dl_lb,30,29-32,DET,5,223,10,5
StylezG. White30TAM2009,Stylez G. White,2009,dl_lb,30,29-32,TAM,10,145,15,8
TracyWhite30NWE2011,Tracy White,2011,dl_lb,30,29-32,NWE,Undrafted,Undrafted,15,1
WillieWhitehead30NOR2003,Willie Whitehead,2003,dl_lb,30,29-32,NOR,Undrafted,Undrafted,11,10
BernardWhittington30CIN2001,Bernard Whittington,2001,dl_lb,30,29-32,CIN,Undrafted,Undrafted,16,5
MarcellusWiley30DAL2004,Marcellus Wiley,2004,dl_lb,30,29-32,DAL,5,210,16,15
VinceWilfork30NWE2011,Vince Wilfork,2011,dl_lb,30,29-32,NWE,1,124,16,16
MichaelWilhoite30SFO2016,Michael Wilhoite,2016,dl_lb,30,29-32,SFO,Undrafted,Undrafted,16,6
DanWilkinson30DET2003,Dan Wilkinson,2003,dl_lb,30,29-32,DET,1,2,16,16
BrianWilliams30DET2002,Brian Williams,2002,dl_lb,30,29-32,DET,6,233,3,3
CoreyWilliams30DET2010,Corey Williams,2010,dl_lb,30,29-32,DET,9,90,16,16
D.J.Williams30DEN2012,D.J. Williams,2012,dl_lb,30,29-32,DEN,1,80,7,1
DemorrioWilliams30KAN2010,Demorrio Williams,2010,dl_lb,30,29-32,KAN,7,5,16,0
JamalWilliams30SDG2006,Jamal Williams,2006,dl_lb,30,29-32,SDG,5,113,16,16
JayWilliams30CAR2001,Jay Williams,2001,dl_lb,30,29-32,CAR,Undrafted,Undrafted,16,13
KevinWilliams30MIN2010,Kevin Williams,2010,dl_lb,30,29-32,MIN,1,251,16,16
KyleWilliams30BUF2013,Kyle Williams,2013,dl_lb,30,29-32,BUF,8,41,16,16
MarioWilliams30BUF2015,Mario Williams,2015,dl_lb,30,29-32,BUF,1,2,15,15
PatWilliams30BUF2002,Pat Williams,2002,dl_lb,30,29-32,BUF,Undrafted,Undrafted,16,16
SamWilliams30OAK2010,Sam Williams,2010,dl_lb,30,29-32,OAK,6,244,16,0
SylvesterWilliams30DET2018,Sylvester Williams,2018,dl_lb,30,29-32,DET,1,179,6,4
ChrisWilson30WAS2012,Chris Wilson,2012,dl_lb,30,29-32,WAS,Undrafted,Undrafted,16,0
TroyWilson30CHI2000,Troy Wilson,2000,dl_lb,30,29-32,CHI,10,107,6,0
KamerionWimbley30TEN2013,Kamerion Wimbley,2013,dl_lb,30,29-32,TEN,1,36,16,1
JamieWinborn30TEN2009,Jamie Winborn,2009,dl_lb,30,29-32,TEN,5,204,2,0
CoyWire30ATL2008,Coy Wire,2008,dl_lb,30,29-32,ATL,6,259,16,4
GrantWistrom30SEA2006,Grant Wistrom,2006,dl_lb,30,29-32,SEA,1,218,16,16
WillWitherspoon30TEN2010,Will Witherspoon,2010,dl_lb,30,29-32,TEN,6,233,16,16
KaileeWong30HOU2006,Kailee Wong,2006,dl_lb,30,29-32,HOU,5,209,10,0
LaMarrWoodley30OAK2014,LaMarr Woodley,2014,dl_lb,30,29-32,OAK,5,203,6,5
AlWoods30IND2017,Al Woods,2017,dl_lb,30,29-32,IND,7,29,16,16
WesleyWoodyard30TEN2016,Wesley Woodyard,2016,dl_lb,30,29-32,TEN,Undrafted,Undrafted,16,10
RenaldoWynn30WAS2004,Renaldo Wynn,2004,dl_lb,30,29-32,WAS,1,124,16,16
BrianYoung30NOR2007,Brian Young,2007,dl_lb,30,29-32,NOR,8,46,9,8
BryantYoung30SFO2002,Bryant Young,2002,dl_lb,30,29-32,SFO,1,229,16,16
WillieYoung30CHI2015,Willie Young,2015,dl_lb,30,29-32,CHI,10,128,15,8
JeffZgonina30STL2000,Jeff Zgonina,2000,dl_lb,30,29-32,STL,10,97,16,11
FrankZombo30KAN2017,Frank Zombo,2017,dl_lb,30,29-32,KAN,Undrafted,Undrafted,16,9
JohnAbraham31ATL2009,John Abraham,2009,dl_lb,31,29-32,ATL,1,36,16,15
AnthonyAdams31CHI2011,Anthony Adams,2011,dl_lb,31,29-32,CHI,5,215,11,4
SamAdams31BUF2004,Sam Adams,2004,dl_lb,31,29-32,BUF,1,240,16,16
MarioAddison31CAR2018,Mario Addison,2018,dl_lb,31,29-32,CAR,Undrafted,Undrafted,7,7
ChidiAhanotu31STL2001,Chidi Ahanotu,2001,dl_lb,31,29-32,STL,9,53,16,16
ElijahAlexander31OAK2001,Elijah Alexander,2001,dl_lb,31,29-32,OAK,2,173,14,13
LorenzoAlexander31ARI2014,Lorenzo Alexander,2014,dl_lb,31,29-32,ARI,Undrafted,Undrafted,16,0
JaredAllen31MIN2013,Jared Allen,2013,dl_lb,31,29-32,MIN,7,32,16,16
TysonAlualu31PIT2018,Tyson Alualu,2018,dl_lb,31,29-32,PIT,1,3,6,0
KenAmato31TEN2008,Ken Amato,2008,dl_lb,31,29-32,TEN,Undrafted,Undrafted,16,0
JamesAnderson31TEN2014,James Anderson,2014,dl_lb,31,29-32,TEN,6,249,7,0
JessieArmstead31NYG2001,Jessie Armstead,2001,dl_lb,31,29-32,NYG,11,121,16,16
CliffAvril31SEA2017,Cliff Avril,2017,dl_lb,31,29-32,SEA,6,254,4,4
BrendonAyanbadejo31CHI2007,Brendon Ayanbadejo,2007,dl_lb,31,29-32,CHI,Undrafted,Undrafted,16,0
RobertAyers31TAM2016,Robert Ayers,2016,dl_lb,31,29-32,TAM,1,91,12,10
AkinAyodele31BUF2010,Akin Ayodele,2010,dl_lb,31,29-32,BUF,6,250,15,10
JasonBabin31PHI2011,Jason Babin,2011,dl_lb,31,29-32,PHI,1,178,16,16
JonathanBabineaux31ATL2012,Jonathan Babineaux,2012,dl_lb,31,29-32,ATL,5,217,16,16
BrandonBair31PHI2015,Brandon Bair,2015,dl_lb,31,29-32,PHI,Undrafted,Undrafted,5,2
DaveBall31TEN2012,Dave Ball,2012,dl_lb,31,29-32,TEN,8,40,0,NA
JustinBannan31DEN2010,Justin Bannan,2010,dl_lb,31,29-32,DEN,8,46,16,16
ShawnBarber31PHI2006,Shawn Barber,2006,dl_lb,31,29-32,PHI,7,18,13,1
RoyBarker31MIN2000,Roy Barker,2000,dl_lb,31,29-32,MIN,7,260,4,0
NickBarnett31BUF2012,Nick Barnett,2012,dl_lb,31,29-32,BUF,1,180,16,16
MichealBarrow31NYG2001,Micheal Barrow,2001,dl_lb,31,29-32,NYG,5,204,16,16
EricBarton31NYJ2008,Eric Barton,2008,dl_lb,31,29-32,NYJ,8,54,16,16
ConnorBarwin31LAR2017,Connor Barwin,2017,dl_lb,31,29-32,LAR,5,203,14,13
MontyBeisel312TM2009,Monty Beisel,2009,dl_lb,31,29-32,2TM,7,11,9,0
MichaelBennett31SEA2016,Michael Bennett,2016,dl_lb,31,29-32,SEA,Undrafted,Undrafted,11,11
KevinBentley31HOU2010,Kevin Bentley,2010,dl_lb,31,29-32,HOU,7,5,13,8
RockyBernard31NYG2010,Rocky Bernard,2010,dl_lb,31,29-32,NYG,8,54,14,0
BertrandBerry31ARI2006,Bertrand Berry,2006,dl_lb,31,29-32,ARI,6,247,10,10
GregBiekert31OAK2000,Greg Biekert,2000,dl_lb,31,29-32,OAK,10,93,16,16
ChaseBlackburn31CAR2014,Chase Blackburn,2014,dl_lb,31,29-32,CAR,Undrafted,Undrafted,6,2
MichaelBoley31CIN2013,Michael Boley,2013,dl_lb,31,29-32,CIN,8,70,10,1
AlfonsoBoone31KAN2007,Alfonso Boone,2007,dl_lb,31,29-32,KAN,10,172,15,15
PeterBoulware31BAL2005,Peter Boulware,2005,dl_lb,31,29-32,BAL,1,196,15,0
StephenBowen31NYJ2015,Stephen Bowen,2015,dl_lb,31,29-32,NYJ,Undrafted,Undrafted,15,1
DavidBowens31NYJ2008,David Bowens,2008,dl_lb,31,29-32,NYJ,8,67,16,5
TimBowens31MIA2004,Tim Bowens,2004,dl_lb,31,29-32,MIA,1,114,2,2
BrantBoyer31CLE2002,Brant Boyer,2002,dl_lb,31,29-32,CLE,9,88,16,1
GaryBrackett31IND2011,Gary Brackett,2011,dl_lb,31,29-32,IND,Undrafted,Undrafted,1,1
AlanBranch31NWE2015,Alan Branch,2015,dl_lb,31,29-32,NWE,5,189,16,15
ChadBratzke31IND2002,Chad Bratzke,2002,dl_lb,31,29-32,IND,8,64,16,16
TylerBrayton31CAR2010,Tyler Brayton,2010,dl_lb,31,29-32,CAR,1,187,15,14
O.J.Brigance31BAL2000,O.J. Brigance,2000,dl_lb,31,29-32,BAL,Undrafted,Undrafted,16,0
LanceBriggs31CHI2011,Lance Briggs,2011,dl_lb,31,29-32,CHI,6,227,16,16
RaheemBrock31IND2009,Raheem Brock,2009,dl_lb,31,29-32,IND,10,155,16,8
KeithBrooking31ATL2006,Keith Brooking,2006,dl_lb,31,29-32,ATL,1,25,16,16
AhmadBrooks31SFO2015,Ahmad Brooks,2015,dl_lb,31,29-32,SFO,6,1,14,14
DerrickBrooks*31TAM2004,Derrick Brooks*,2004,dl_lb,31,29-32,TAM,1,179,16,16
AlexBrown31NOR2010,Alex Brown,2010,dl_lb,31,29-32,NOR,7,8,16,16
ChadBrown31SEA2001,Chad Brown,2001,dl_lb,31,29-32,SEA,5,201,16,16
GilbertBrown31GNB2002,Gilbert Brown,2002,dl_lb,31,29-32,GNB,6,239,12,11
JohnBrowning31KAN2004,John Browning,2004,dl_lb,31,29-32,KAN,6,227,16,7
TedyBruschi31NWE2004,Tedy Bruschi,2004,dl_lb,31,29-32,NWE,6,247,16,16
RedBryant31ARI2015,Red Bryant,2015,dl_lb,31,29-32,ARI,7,27,6,0
BrentsonBuckner31CAR2002,Brentson Buckner,2002,dl_lb,31,29-32,CAR,5,208,12,12
KeithBulluck31TEN2008,Keith Bulluck,2008,dl_lb,31,29-32,TEN,1,183,16,16
BrodrickBunkley31NOR2014,Brodrick Bunkley,2014,dl_lb,31,29-32,NOR,1,47,11,11
DerrickBurgess31NWE2009,Derrick Burgess,2009,dl_lb,31,29-32,NWE,6,222,16,6
KevinBurnett31OAK2013,Kevin Burnett,2013,dl_lb,31,29-32,OAK,5,199,16,16
KeithBurns31DEN2003,Keith Burns,2003,dl_lb,31,29-32,DEN,10,125,16,0
LewisBush31KAN2000,Lewis Bush,2000,dl_lb,31,29-32,KAN,7,261,16,8
GlennCadrez31KAN2001,Glenn Cadrez,2001,dl_lb,31,29-32,KAN,9,63,16,5
MikeCaldwell31CHI2002,Mike Caldwell,2002,dl_lb,31,29-32,CHI,6,244,16,3
CalaisCampbell31JAX2017,Calais Campbell,2017,dl_lb,31,29-32,JAX,5,208,16,16
ChrisCanty31BAL2013,Chris Canty,2013,dl_lb,31,29-32,BAL,7,39,15,13
AndreCarter31WAS2010,Andre Carter,2010,dl_lb,31,29-32,WAS,1,229,16,5
KevinCarter31TEN2004,Kevin Carter,2004,dl_lb,31,29-32,TEN,1,218,16,16
JacquesCesaire31SDG2011,Jacques Cesaire,2011,dl_lb,31,29-32,SDG,Undrafted,Undrafted,12,2
MartinChase31JAX2005,Martin Chase,2005,dl_lb,31,29-32,JAX,8,30,1,0
KendrickClancy31NOR2009,Kendrick Clancy,2009,dl_lb,31,29-32,NOR,6,232,2,0
DannyClark31NYG2008,Danny Clark,2008,dl_lb,31,29-32,NYG,10,163,16,15
CharlieClemons31HOU2003,Charlie Clemons,2003,dl_lb,31,29-32,HOU,Undrafted,Undrafted,9,8
ChrisClemons31SEA2012,Chris Clemons,2012,dl_lb,31,29-32,SEA,Undrafted,Undrafted,16,16
DuaneClemons31CIN2005,Duane Clemons,2005,dl_lb,31,29-32,CIN,1,69,10,0
DexterCoakley31DAL2003,Dexter Coakley,2003,dl_lb,31,29-32,DAL,6,224,16,16
BarryCofield31NYG2015,Barry Cofield,2015,dl_lb,31,29-32,NYG,7,30,3,0
TrentCole31PHI2013,Trent Cole,2013,dl_lb,31,29-32,PHI,8,54,16,16
KenyonColeman31CLE2010,Kenyon Coleman,2010,dl_lb,31,29-32,CLE,8,55,16,14
MarcoColeman31WAS2000,Marco Coleman,2000,dl_lb,31,29-32,WAS,1,25,16,16
RoderickColeman31ATL2007,Roderick Coleman,2007,dl_lb,31,29-32,ATL,8,62,5,5
RoseveltColvin31NWE2008,Rosevelt Colvin,2008,dl_lb,31,29-32,NWE,7,16,4,3
StephenCooper31SDG2010,Stephen Cooper,2010,dl_lb,31,29-32,SDG,Undrafted,Undrafted,12,11
TerryCousin31JAX2006,Terry Cousin,2006,dl_lb,31,29-32,JAX,Undrafted,Undrafted,10,4
BradCulpepper31CHI2000,Brad Culpepper,2000,dl_lb,31,29-32,CHI,2,176,12,1
LionalDalton312TM2006,Lional Dalton,2006,dl_lb,31,29-32,2TM,Undrafted,Undrafted,10,2
PhillipDaniels31WAS2004,Phillip Daniels,2004,dl_lb,31,29-32,WAS,7,261,5,5
KarlosDansby31MIA2012,Karlos Dansby,2012,dl_lb,31,29-32,MIA,5,189,16,16
ChartricDarby31SEA2006,Chartric Darby,2006,dl_lb,31,29-32,SEA,Undrafted,Undrafted,16,14
JamesDarling31ARI2005,James Darling,2005,dl_lb,31,29-32,ARI,5,215,14,14
AndraDavis31DEN2009,Andra Davis,2009,dl_lb,31,29-32,DEN,8,49,16,13
AnthonyDavis31BAL2000,Anthony Davis,2000,dl_lb,31,29-32,BAL,3,184,14,0
DonDavis31NWE2003,Don Davis,2003,dl_lb,31,29-32,NWE,Undrafted,Undrafted,15,0
RussellDavis31SEA2006,Russell Davis,2006,dl_lb,31,29-32,SEA,5,205,13,0
ThomasDavis31CAR2014,Thomas Davis,2014,dl_lb,31,29-32,CAR,1,47,15,15
RyanDenney31BUF2008,Ryan Denney,2008,dl_lb,31,29-32,BUF,5,220,16,11
MikeDeVito31KAN2015,Mike DeVito,2015,dl_lb,31,29-32,KAN,Undrafted,Undrafted,13,5
JaredDeVries31DET2007,Jared DeVries,2007,dl_lb,31,29-32,DET,6,230,14,10
Na'ilDiggs31CAR2009,Na'il Diggs,2009,dl_lb,31,29-32,CAR,7,260,14,11
GeraldDixon31SDG2000,Gerald Dixon,2000,dl_lb,31,29-32,SDG,6,238,16,16
TimDobbins31HOU2013,Tim Dobbins,2013,dl_lb,31,29-32,HOU,8,60,3,0
DarnellDockett31ARI2012,Darnell Dockett,2012,dl_lb,31,29-32,ARI,6,223,15,14
GlennDorsey31SFO2016,Glenn Dorsey,2016,dl_lb,31,29-32,SFO,1,207,12,7
SantanaDotson31GNB2000,Santana Dotson,2000,dl_lb,31,29-32,GNB,8,39,12,11
HughDouglas31PHI2002,Hugh Douglas,2002,dl_lb,31,29-32,PHI,1,69,16,16
MarquesDouglas31BAL2008,Marques Douglas,2008,dl_lb,31,29-32,BAL,Undrafted,Undrafted,16,0
LegerDouzable31SFO2017,Leger Douzable,2017,dl_lb,31,29-32,SFO,Undrafted,Undrafted,5,5
ChrisDraft31STL2007,Chris Draft,2007,dl_lb,31,29-32,STL,9,66,16,6
ElvisDumervil31BAL2015,Elvis Dumervil,2015,dl_lb,31,29-32,BAL,7,32,16,16
JustinDurant31DAL2016,Justin Durant,2016,dl_lb,31,29-32,DAL,5,205,13,0
NickEason31ARI2011,Nick Eason,2011,dl_lb,31,29-32,ARI,7,19,16,6
DonnieEdwards31SDG2004,Donnie Edwards,2004,dl_lb,31,29-32,SDG,7,260,16,16
DwanEdwards31CAR2012,Dwan Edwards,2012,dl_lb,31,29-32,CAR,5,209,14,14
RonEdwards31KAN2010,Ron Edwards,2010,dl_lb,31,29-32,KAN,6,236,16,15
DannellEllerbe31NOR2016,Dannell Ellerbe,2016,dl_lb,31,29-32,NOR,Undrafted,Undrafted,9,8
GregEllis31DAL2006,Greg Ellis,2006,dl_lb,31,29-32,DAL,1,240,9,9
ShaunEllis31NYJ2008,Shaun Ellis,2008,dl_lb,31,29-32,NYJ,1,25,16,16
LutherElliss31DEN2004,Luther Elliss,2004,dl_lb,31,29-32,DEN,1,114,8,0
KeithEmbray31TEN2000,Keith Embray,2000,dl_lb,31,29-32,TEN,Undrafted,Undrafted,14,0
CarlosEmmons31NYG2004,Carlos Emmons,2004,dl_lb,31,29-32,NYG,10,160,15,15
JohnEngelberger31DEN2007,John Engelberger,2007,dl_lb,31,29-32,DEN,5,191,16,15
DemetricEvans31SFO2010,Demetric Evans,2010,dl_lb,31,29-32,SFO,Undrafted,Undrafted,16,0
JoshEvans31NYJ2003,Josh Evans,2003,dl_lb,31,29-32,NYJ,Undrafted,Undrafted,6,0
TroyEvans31NOR2008,Troy Evans,2008,dl_lb,31,29-32,NOR,Undrafted,Undrafted,15,0
JamesFarrior31PIT2006,James Farrior,2006,dl_lb,31,29-32,PIT,1,240,16,16
HeathFarwell31SEA2012,Heath Farwell,2012,dl_lb,31,29-32,SEA,Undrafted,Undrafted,16,0
GregFavors31JAX2005,Greg Favors,2005,dl_lb,31,29-32,JAX,7,26,1,0
JasonFerguson31DAL2005,Jason Ferguson,2005,dl_lb,31,29-32,DAL,10,145,16,5
JasonFisk31SDG2003,Jason Fisk,2003,dl_lb,31,29-32,SDG,10,161,16,16
JimFlanigan31SFO2002,Jim Flanigan,2002,dl_lb,31,29-32,SFO,6,234,15,1
LondonFletcher31BUF2006,London Fletcher,2006,dl_lb,31,29-32,BUF,Undrafted,Undrafted,16,16
AlbertFontenot31SDG2001,Albert Fontenot,2001,dl_lb,31,29-32,SDG,7,17,16,2
LarryFoote31PIT2011,Larry Foote,2011,dl_lb,31,29-32,PIT,7,34,15,5
HenryFord31TEN2002,Henry Ford,2002,dl_lb,31,29-32,TEN,1,174,16,13
AubrayoFranklin31NOR2011,Aubrayo Franklin,2011,dl_lb,31,29-32,NOR,8,54,16,9
RobFredrickson31ARI2002,Rob Fredrickson,2002,dl_lb,31,29-32,ARI,1,135,10,10
JerrellFreeman31CHI2017,Jerrell Freeman,2017,dl_lb,31,29-32,CHI,Undrafted,Undrafted,1,1
DwightFreeney31IND2011,Dwight Freeney,2011,dl_lb,31,29-32,IND,1,14,16,15
ScottFujita31CLE2010,Scott Fujita,2010,dl_lb,31,29-32,CLE,8,51,9,9
AntonioGaray31SDG2010,Antonio Garay,2010,dl_lb,31,29-32,SDG,9,108,16,15
KabeerGbaja-Biamila31GNB2008,Kabeer Gbaja-Biamila,2008,dl_lb,31,29-32,GNB,8,57,7,1
RobertGeathers31CIN2014,Robert Geathers,2014,dl_lb,31,29-32,CIN,7,22,16,0
GaryGibson31TAM2013,Gary Gibson,2013,dl_lb,31,29-32,TAM,Undrafted,Undrafted,13,1
OliverGibson31CIN2003,Oliver Gibson,2003,dl_lb,31,29-32,CIN,7,26,16,0
WallaceGilberry31CIN2015,Wallace Gilberry,2015,dl_lb,31,29-32,CIN,Undrafted,Undrafted,16,1
SeanGilbert31CAR2001,Sean Gilbert,2001,dl_lb,31,29-32,CAR,1,182,9,9
JasonGildon31PIT2003,Jason Gildon,2003,dl_lb,31,29-32,PIT,6,249,16,16
La'RoiGlover31DAL2005,La'Roi Glover,2005,dl_lb,31,29-32,DAL,8,76,16,13
RandallGodfrey31SDG2004,Randall Godfrey,2004,dl_lb,31,29-32,SDG,5,206,15,15
DwayneGordon31NYJ2000,Dwayne Gordon,2000,dl_lb,31,29-32,NYJ,11,133,15,1
CharlesGrant31NOR2009,Charles Grant,2009,dl_lb,31,29-32,NOR,1,168,16,16
DeonGrant31NYG2010,Deon Grant,2010,dl_lb,31,29-32,NYG,5,215,16,8
PaulGrasmanis31PHI2005,Paul Grasmanis,2005,dl_lb,31,29-32,PHI,7,21,2,0
HowardGreen312TM2010,Howard Green,2010,dl_lb,31,29-32,2TM,9,103,11,3
ChadGreenway31MIN2014,Chad Greenway,2014,dl_lb,31,29-32,MIN,1,80,12,12
KellyGregg31BAL2007,Kelly Gregg,2007,dl_lb,31,29-32,BAL,9,84,16,16
EversonGriffen31MIN2018,Everson Griffen,2018,dl_lb,31,29-32,MIN,7,4,3,2
CorneliusGriffin31WAS2007,Cornelius Griffin,2007,dl_lb,31,29-32,WAS,5,199,16,16
MarioHaggan31DEN2011,Mario Haggan,2011,dl_lb,31,29-32,DEN,10,144,16,1
ClarkHaggans31ARI2008,Clark Haggans,2008,dl_lb,31,29-32,ARI,8,44,11,0
JermaineHaley31WAS2004,Jermaine Haley,2004,dl_lb,31,29-32,WAS,10,149,13,1
TambaHali31KAN2014,Tamba Hali,2014,dl_lb,31,29-32,KAN,1,114,16,16
JamesHall31STL2008,James Hall,2008,dl_lb,31,29-32,STL,Undrafted,Undrafted,16,2
LemanskiHall31MIN2001,Lemanski Hall,2001,dl_lb,31,29-32,MIN,10,136,16,13
TravisHall31ATL2003,Travis Hall,2003,dl_lb,31,29-32,ATL,9,93,15,2
BobbyHamilton31NWE2002,Bobby Hamilton,2002,dl_lb,31,29-32,NWE,Undrafted,Undrafted,16,15
KeithHamilton31NYG2002,Keith Hamilton,2002,dl_lb,31,29-32,NYG,7,261,6,6
CaseyHampton31PIT2008,Casey Hampton,2008,dl_lb,31,29-32,PIT,1,102,13,13
NormanHand31SEA2003,Norman Hand,2003,dl_lb,31,29-32,SEA,8,67,6,4
KevinHardy31CIN2004,Kevin Hardy,2004,dl_lb,31,29-32,CIN,1,113,16,14
BernardoHarris31BAL2002,Bernardo Harris,2002,dl_lb,31,29-32,BAL,Undrafted,Undrafted,13,10
DavidHarris31NYJ2015,David Harris,2015,dl_lb,31,29-32,NYJ,5,204,16,16
JamesHarrison31PIT2009,James Harrison,2009,dl_lb,31,29-32,PIT,Undrafted,Undrafted,16,16
NolanHarrison31WAS2000,Nolan Harrison,2000,dl_lb,31,29-32,WAS,9,54,16,2
ClintonHart31SDG2008,Clinton Hart,2008,dl_lb,31,29-32,SDG,Undrafted,Undrafted,14,14
JasonHatcher31DAL2013,Jason Hatcher,2013,dl_lb,31,29-32,DAL,6,254,15,15
A.J.Hawk31CIN2015,A.J. Hawk,2015,dl_lb,31,29-32,CIN,1,207,16,11
WilliamHayes31LAR2016,William Hayes,2016,dl_lb,31,29-32,LAR,7,7,14,14
E.J.Henderson31MIN2011,E.J. Henderson,2011,dl_lb,31,29-32,MIN,5,197,16,14
JohnHenderson31OAK2010,John Henderson,2010,dl_lb,31,29-32,OAK,1,251,9,2
WillHerring31STL2014,Will Herring,2014,dl_lb,31,29-32,STL,8,71,12,0
EricHicks31NYJ2007,Eric Hicks,2007,dl_lb,31,29-32,NYJ,Undrafted,Undrafted,11,0
ChrisHoke31PIT2007,Chris Hoke,2007,dl_lb,31,29-32,PIT,Undrafted,Undrafted,16,1
WarrickHoldman31WAS2006,Warrick Holdman,2006,dl_lb,31,29-32,WAS,7,10,16,16
DariusHolland31DEN2004,Darius Holland,2004,dl_lb,31,29-32,DEN,6,224,2,0
VonnieHolliday31MIA2006,Vonnie Holliday,2006,dl_lb,31,29-32,MIA,1,102,16,16
DwightHollier31IND2000,Dwight Hollier,2000,dl_lb,31,29-32,IND,7,259,16,15
EarlHolmes31DET2004,Earl Holmes,2004,dl_lb,31,29-32,DET,7,32,16,14
EvanderHood31WAS2018,Evander Hood,2018,dl_lb,31,29-32,WAS,1,187,4,0
ChrisHovan31TAM2009,Chris Hovan,2009,dl_lb,31,29-32,TAM,1,168,16,16
DarrenHoward31PHI2007,Darren Howard,2007,dl_lb,31,29-32,PHI,5,189,16,0
RamonHumber31BUF2018,Ramon Humber,2018,dl_lb,31,29-32,BUF,Undrafted,Undrafted,8,0
MargusHunt31IND2018,Margus Hunt,2018,dl_lb,31,29-32,IND,5,211,7,7
IsraelIdonije31CHI2011,Israel Idonije,2011,dl_lb,31,29-32,CHI,Undrafted,Undrafted,16,16
BruceIrvin31OAK2018,Bruce Irvin,2018,dl_lb,31,29-32,OAK,1,58,8,6
LarryIzzo31NWE2005,Larry Izzo,2005,dl_lb,31,29-32,NWE,Undrafted,Undrafted,16,0
D'QwellJackson31IND2014,D'Qwell Jackson,2014,dl_lb,31,29-32,IND,5,190,16,16
GradyJackson31GNB2004,Grady Jackson,2004,dl_lb,31,29-32,GNB,9,106,10,10
TyokaJackson31STL2002,Tyoka Jackson,2002,dl_lb,31,29-32,STL,Undrafted,Undrafted,16,0
BradieJames31HOU2012,Bradie James,2012,dl_lb,31,29-32,HOU,7,7,15,15
EdJasper31ATL2004,Ed Jasper,2004,dl_lb,31,29-32,ATL,9,111,12,12
RickyJean-Francois312TM2017,Ricky Jean-Francois,2017,dl_lb,31,29-32,2TM,10,162,12,1
CullenJenkins31PHI2012,Cullen Jenkins,2012,dl_lb,31,29-32,PHI,Undrafted,Undrafted,16,16
KrisJenkins31NYJ2010,Kris Jenkins,2010,dl_lb,31,29-32,NYJ,5,201,1,1
CharlesJohnson31CAR2017,Charles Johnson,2017,dl_lb,31,29-32,CAR,6,244,12,11
DerrickJohnson31KAN2013,Derrick Johnson,2013,dl_lb,31,29-32,KAN,1,58,15,15
EllisJohnson31DEN2004,Ellis Johnson,2004,dl_lb,31,29-32,DEN,1,58,13,0
JarretJohnson31SDG2012,Jarret Johnson,2012,dl_lb,31,29-32,SDG,7,13,15,14
JoeJohnson31GNB2003,Joe Johnson,2003,dl_lb,31,29-32,GNB,1,36,6,6
MichaelJohnson31CIN2018,Michael Johnson,2018,dl_lb,31,29-32,CIN,6,230,7,7
RayleeJohnson31SDG2001,Raylee Johnson,2001,dl_lb,31,29-32,SDG,7,257,16,16
SpencerJohnson31BUF2012,Spencer Johnson,2012,dl_lb,31,29-32,BUF,Undrafted,Undrafted,14,0
TedJohnson31NWE2003,Ted Johnson,2003,dl_lb,31,29-32,NWE,5,215,8,2
TomJohnson31MIN2015,Tom Johnson,2015,dl_lb,31,29-32,MIN,Undrafted,Undrafted,16,8
LanceJohnstone31MIN2004,Lance Johnstone,2004,dl_lb,31,29-32,MIN,5,215,16,1
ArthurJones31WAS2017,Arthur Jones,2017,dl_lb,31,29-32,WAS,8,66,1,0
DhaniJones31CIN2009,Dhani Jones,2009,dl_lb,31,29-32,CIN,9,88,16,16
GregJones31JAX2012,Greg Jones,2012,dl_lb,31,29-32,JAX,5,213,12,4
JamesJones31DET2000,James Jones,2000,dl_lb,31,29-32,DET,6,215,16,16
MarvinJones31NYJ2003,Marvin Jones,2003,dl_lb,31,29-32,NYJ,1,196,16,16
MikeJones31STL2000,Mike Jones,2000,dl_lb,31,29-32,STL,Undrafted,Undrafted,16,16
RobertJones31MIA2000,Robert Jones,2000,dl_lb,31,29-32,MIA,1,157,16,16
N.D.Kalu31HOU2006,N.D. Kalu,2006,dl_lb,31,29-32,HOU,8,61,15,3
AaronKampman31JAX2010,Aaron Kampman,2010,dl_lb,31,29-32,JAX,8,65,8,8
JevonKearse31PHI2007,Jevon Kearse,2007,dl_lb,31,29-32,PHI,1,69,14,8
BrettKeisel31PIT2009,Brett Keisel,2009,dl_lb,31,29-32,PIT,10,160,15,15
MarioWilliams31MIA2016,Mario Williams,2016,dl_lb,31,29-32,MIA,1,2,13,5
PatWilliams31BUF2003,Pat Williams,2003,dl_lb,31,29-32,BUF,Undrafted,Undrafted,16,16
TroyWilson31SFO2001,Troy Wilson,2001,dl_lb,31,29-32,SFO,10,107,1,0
KamerionWimbley31TEN2014,Kamerion Wimbley,2014,dl_lb,31,29-32,TEN,1,36,13,12
JamieWinborn31TEN2010,Jamie Winborn,2010,dl_lb,31,29-32,TEN,5,204,6,3
CoyWire31ATL2009,Coy Wire,2009,dl_lb,31,29-32,ATL,6,259,16,1
WillWitherspoon31TEN2011,Will Witherspoon,2011,dl_lb,31,29-32,TEN,6,233,16,14
LeeWoodall31CAR2000,Lee Woodall,2000,dl_lb,31,29-32,CAR,9,94,16,16
LaMarrWoodley31ARI2015,LaMarr Woodley,2015,dl_lb,31,29-32,ARI,5,203,10,7
AlWoods31IND2018,Al Woods,2018,dl_lb,31,29-32,IND,7,29,8,8
WesleyWoodyard31TEN2017,Wesley Woodyard,2017,dl_lb,31,29-32,TEN,Undrafted,Undrafted,16,16
BarronWortham31DAL2000,Barron Wortham,2000,dl_lb,31,29-32,DAL,9,107,16,11
RenaldoWynn31WAS2005,Renaldo Wynn,2005,dl_lb,31,29-32,WAS,1,124,16,15
BrianYoung31NOR2008,Brian Young,2008,dl_lb,31,29-32,NOR,8,46,8,3
BryantYoung31SFO2003,Bryant Young,2003,dl_lb,31,29-32,SFO,1,229,16,16
WillieYoung31CHI2016,Willie Young,2016,dl_lb,31,29-32,CHI,10,128,16,12
JeffZgonina31STL2001,Jeff Zgonina,2001,dl_lb,31,29-32,STL,10,97,13,13
FrankZombo31KAN2018,Frank Zombo,2018,dl_lb,31,29-32,KAN,Undrafted,Undrafted,3,0
JohnAbraham32ATL2010,John Abraham,2010,dl_lb,32,29-32,ATL,1,36,15,13
SamAdams32BUF2005,Sam Adams,2005,dl_lb,32,29-32,BUF,1,240,14,9
ChidiAhanotu32BUF2002,Chidi Ahanotu,2002,dl_lb,32,29-32,BUF,9,53,16,14
LorenzoAlexander32OAK2015,Lorenzo Alexander,2015,dl_lb,32,29-32,OAK,Undrafted,Undrafted,16,0
JaredAllen32CHI2014,Jared Allen,2014,dl_lb,32,29-32,CHI,7,32,15,15
KenAmato32TEN2009,Ken Amato,2009,dl_lb,32,29-32,TEN,Undrafted,Undrafted,16,0
JamesAnderson32NOR2015,James Anderson,2015,dl_lb,32,29-32,NOR,6,249,6,2
JessieArmstead32WAS2002,Jessie Armstead,2002,dl_lb,32,29-32,WAS,11,121,16,16
BrendonAyanbadejo32BAL2008,Brendon Ayanbadejo,2008,dl_lb,32,29-32,BAL,Undrafted,Undrafted,16,0
RobertAyers32TAM2017,Robert Ayers,2017,dl_lb,32,29-32,TAM,1,91,12,10
JasonBabin322TM2012,Jason Babin,2012,dl_lb,32,29-32,2TM,1,178,16,16
JonathanBabineaux32ATL2013,Jonathan Babineaux,2013,dl_lb,32,29-32,ATL,5,217,16,16
JustinBannan32STL2011,Justin Bannan,2011,dl_lb,32,29-32,STL,8,46,15,14
ShawnBarber32HOU2007,Shawn Barber,2007,dl_lb,32,29-32,HOU,7,18,6,0
NickBarnett32WAS2013,Nick Barnett,2013,dl_lb,32,29-32,WAS,1,180,14,0
MichealBarrow32NYG2002,Micheal Barrow,2002,dl_lb,32,29-32,NYG,5,204,15,14
EricBarton32CLE2009,Eric Barton,2009,dl_lb,32,29-32,CLE,8,54,8,8
ConnorBarwin32NYG2018,Connor Barwin,2018,dl_lb,32,29-32,NYG,5,203,8,3
MichaelBennett32SEA2017,Michael Bennett,2017,dl_lb,32,29-32,SEA,Undrafted,Undrafted,16,16
KevinBentley322TM2011,Kevin Bentley,2011,dl_lb,32,29-32,2TM,7,5,4,0
RockyBernard32NYG2011,Rocky Bernard,2011,dl_lb,32,29-32,NYG,8,54,16,1
BertrandBerry32ARI2007,Bertrand Berry,2007,dl_lb,32,29-32,ARI,6,247,9,9
GregBiekert32OAK2001,Greg Biekert,2001,dl_lb,32,29-32,OAK,10,93,16,16
VaughnBooker32CIN2000,Vaughn Booker,2000,dl_lb,32,29-32,CIN,Undrafted,Undrafted,9,9
AlfonsoBoone32KAN2008,Alfonso Boone,2008,dl_lb,32,29-32,KAN,10,172,15,4
DavidBowens32CLE2009,David Bowens,2009,dl_lb,32,29-32,CLE,8,67,16,15
BrantBoyer32CLE2003,Brant Boyer,2003,dl_lb,32,29-32,CLE,9,88,15,7
AlanBranch32NWE2016,Alan Branch,2016,dl_lb,32,29-32,NWE,5,189,16,16
ChadBratzke32IND2003,Chad Bratzke,2003,dl_lb,32,29-32,IND,8,64,16,3
TylerBrayton32IND2011,Tyler Brayton,2011,dl_lb,32,29-32,IND,1,187,16,1
O.J.Brigance32STL2001,O.J. Brigance,2001,dl_lb,32,29-32,STL,Undrafted,Undrafted,8,0
LanceBriggs32CHI2012,Lance Briggs,2012,dl_lb,32,29-32,CHI,6,227,16,16
RaheemBrock32SEA2010,Raheem Brock,2010,dl_lb,32,29-32,SEA,10,155,16,0
KeithBrooking32ATL2007,Keith Brooking,2007,dl_lb,32,29-32,ATL,1,25,16,16
AhmadBrooks32SFO2016,Ahmad Brooks,2016,dl_lb,32,29-32,SFO,6,1,16,16
DerrickBrooks*32TAM2005,Derrick Brooks*,2005,dl_lb,32,29-32,TAM,1,179,16,16
ChadBrown32SEA2002,Chad Brown,2002,dl_lb,32,29-32,SEA,5,201,8,8
GilbertBrown32GNB2003,Gilbert Brown,2003,dl_lb,32,29-32,GNB,6,239,14,14
JohnBrowning32KAN2005,John Browning,2005,dl_lb,32,29-32,KAN,6,227,16,12
TedyBruschi32NWE2005,Tedy Bruschi,2005,dl_lb,32,29-32,NWE,6,247,9,9
BrentsonBuckner32CAR2003,Brentson Buckner,2003,dl_lb,32,29-32,CAR,5,208,12,12
KeithBulluck32TEN2009,Keith Bulluck,2009,dl_lb,32,29-32,TEN,1,183,14,14
DerrickBurgess32PHI2010,Derrick Burgess,2010,dl_lb,32,29-32,PHI,6,222,1,0
KeithBurns32TAM2004,Keith Burns,2004,dl_lb,32,29-32,TAM,10,125,16,0
LewisBush32KAN2001,Lewis Bush,2001,dl_lb,32,29-32,KAN,7,261,12,11
GlennCadrez32KAN2002,Glenn Cadrez,2002,dl_lb,32,29-32,KAN,9,63,12,1
MikeCaldwell32CAR2003,Mike Caldwell,2003,dl_lb,32,29-32,CAR,6,244,9,0
CalaisCampbell32JAX2018,Calais Campbell,2018,dl_lb,32,29-32,JAX,5,208,8,8
ChrisCanty32BAL2014,Chris Canty,2014,dl_lb,32,29-32,BAL,7,39,11,11
AndreCarter32NWE2011,Andre Carter,2011,dl_lb,32,29-32,NWE,1,229,14,14
KevinCarter32MIA2005,Kevin Carter,2005,dl_lb,32,29-32,MIA,1,218,16,16
ChrisClark32HOU2017,Chris Clark,2017,dl_lb,32,29-32,HOU,Undrafted,Undrafted,10,8
DannyClark32NYG2009,Danny Clark,2009,dl_lb,32,29-32,NYG,10,163,16,11
ChrisClemons32SEA2013,Chris Clemons,2013,dl_lb,32,29-32,SEA,Undrafted,Undrafted,14,11
DexterCoakley32DAL2004,Dexter Coakley,2004,dl_lb,32,29-32,DAL,6,224,16,16
TrentCole32PHI2014,Trent Cole,2014,dl_lb,32,29-32,PHI,8,54,15,15
KenyonColeman32DAL2011,Kenyon Coleman,2011,dl_lb,32,29-32,DAL,8,55,16,15
MarcoColeman32WAS2001,Marco Coleman,2001,dl_lb,32,29-32,WAS,1,25,12,12
StephenCooper32SDG2011,Stephen Cooper,2011,dl_lb,32,29-32,SDG,Undrafted,Undrafted,5,0
TerryCousin32JAX2007,Terry Cousin,2007,dl_lb,32,29-32,JAX,Undrafted,Undrafted,16,2
BryanCox32NYJ2000,Bryan Cox,2000,dl_lb,32,29-32,NYJ,8,18,15,14
PhillipDaniels32WAS2005,Phillip Daniels,2005,dl_lb,32,29-32,WAS,7,261,16,16
KarlosDansby32ARI2013,Karlos Dansby,2013,dl_lb,32,29-32,ARI,5,189,16,16
ChartricDarby32SEA2007,Chartric Darby,2007,dl_lb,32,29-32,SEA,Undrafted,Undrafted,6,6
JamesDarling32ARI2006,James Darling,2006,dl_lb,32,29-32,ARI,5,215,3,0
AndraDavis32BUF2010,Andra Davis,2010,dl_lb,32,29-32,BUF,8,49,6,4
DonDavis32NWE2004,Don Davis,2004,dl_lb,32,29-32,NWE,Undrafted,Undrafted,16,2
RussellDavis32NYG2007,Russell Davis,2007,dl_lb,32,29-32,NYG,5,205,11,0
ThomasDavis32CAR2015,Thomas Davis,2015,dl_lb,32,29-32,CAR,1,47,16,16
RyanDenney32BUF2009,Ryan Denney,2009,dl_lb,32,29-32,BUF,5,220,16,0
JaredDeVries32DET2008,Jared DeVries,2008,dl_lb,32,29-32,DET,6,230,10,10
Na'ilDiggs32STL2010,Na'il Diggs,2010,dl_lb,32,29-32,STL,7,260,12,12
GeraldDixon32SDG2001,Gerald Dixon,2001,dl_lb,32,29-32,SDG,6,238,16,15
TimDobbins32DAL2014,Tim Dobbins,2014,dl_lb,32,29-32,DAL,8,60,0,NA
DarnellDockett32ARI2013,Darnell Dockett,2013,dl_lb,32,29-32,ARI,6,223,16,16
SantanaDotson32GNB2001,Santana Dotson,2001,dl_lb,32,29-32,GNB,8,39,16,13
HughDouglas32JAX2003,Hugh Douglas,2003,dl_lb,32,29-32,JAX,1,69,16,16
MarquesDouglas32NYJ2009,Marques Douglas,2009,dl_lb,32,29-32,NYJ,Undrafted,Undrafted,16,12
ChrisDraft32STL2008,Chris Draft,2008,dl_lb,32,29-32,STL,9,66,12,9
ElvisDumervil32BAL2016,Elvis Dumervil,2016,dl_lb,32,29-32,BAL,7,32,8,3
JustinDurant32DAL2017,Justin Durant,2017,dl_lb,32,29-32,DAL,5,205,7,3
NickEason32ARI2012,Nick Eason,2012,dl_lb,32,29-32,ARI,7,19,16,1
ChadEaton32DAL2004,Chad Eaton,2004,dl_lb,32,29-32,DAL,10,159,6,1
DonnieEdwards32SDG2005,Donnie Edwards,2005,dl_lb,32,29-32,SDG,7,260,16,16
DwanEdwards32CAR2013,Dwan Edwards,2013,dl_lb,32,29-32,CAR,5,209,11,3
EbenezerEkuban32DEN2008,Ebenezer Ekuban,2008,dl_lb,32,29-32,DEN,1,114,15,10
DannellEllerbe32PHI2017,Dannell Ellerbe,2017,dl_lb,32,29-32,PHI,Undrafted,Undrafted,3,2
GregEllis32DAL2007,Greg Ellis,2007,dl_lb,32,29-32,DAL,1,240,13,10
ShaunEllis32NYJ2009,Shaun Ellis,2009,dl_lb,32,29-32,NYJ,1,25,15,15
CarlosEmmons32NYG2005,Carlos Emmons,2005,dl_lb,32,29-32,NYG,10,160,9,8
JohnEngelberger32DEN2008,John Engelberger,2008,dl_lb,32,29-32,DEN,5,191,15,6
JoshEvans32NYJ2004,Josh Evans,2004,dl_lb,32,29-32,NYJ,Undrafted,Undrafted,1,0
TroyEvans32NOR2009,Troy Evans,2009,dl_lb,32,29-32,NOR,Undrafted,Undrafted,16,2
JamesFarrior32PIT2007,James Farrior,2007,dl_lb,32,29-32,PIT,1,240,16,16
HeathFarwell32SEA2013,Heath Farwell,2013,dl_lb,32,29-32,SEA,Undrafted,Undrafted,16,0
JasonFerguson32DAL2006,Jason Ferguson,2006,dl_lb,32,29-32,DAL,10,145,16,16
MarkFields32CAR2004,Mark Fields,2004,dl_lb,32,29-32,CAR,1,36,14,10
JasonFisk32SDG2004,Jason Fisk,2004,dl_lb,32,29-32,SDG,10,161,15,1
JimFlanigan32PHI2003,Jim Flanigan,2003,dl_lb,32,29-32,PHI,6,234,6,0
LondonFletcher32WAS2007,London Fletcher,2007,dl_lb,32,29-32,WAS,Undrafted,Undrafted,16,16
LarryFoote32PIT2012,Larry Foote,2012,dl_lb,32,29-32,PIT,7,34,16,16
HenryFord32NOR2003,Henry Ford,2003,dl_lb,32,29-32,NOR,1,174,4,0
AubrayoFranklin32SDG2012,Aubrayo Franklin,2012,dl_lb,32,29-32,SDG,8,54,12,9
DwightFreeney32IND2012,Dwight Freeney,2012,dl_lb,32,29-32,IND,1,14,14,14
ScottFujita32CLE2011,Scott Fujita,2011,dl_lb,32,29-32,CLE,8,51,10,10
AntonioGaray32SDG2011,Antonio Garay,2011,dl_lb,32,29-32,SDG,9,108,16,13
WallaceGilberry322TM2016,Wallace Gilberry,2016,dl_lb,32,29-32,2TM,Undrafted,Undrafted,9,1
SeanGilbert32CAR2002,Sean Gilbert,2002,dl_lb,32,29-32,CAR,1,182,8,0
JasonGildon32JAX2004,Jason Gildon,2004,dl_lb,32,29-32,JAX,6,249,9,0
La'RoiGlover32STL2006,La'Roi Glover,2006,dl_lb,32,29-32,STL,8,76,16,16
RandallGodfrey32SDG2005,Randall Godfrey,2005,dl_lb,32,29-32,SDG,5,206,14,14
KedricGolston32WAS2015,Kedric Golston,2015,dl_lb,32,29-32,WAS,9,109,15,0
HowardGreen32GNB2011,Howard Green,2011,dl_lb,32,29-32,GNB,9,103,16,5
ChadGreenway32MIN2015,Chad Greenway,2015,dl_lb,32,29-32,MIN,1,80,16,12
CorneliusGriffin32WAS2008,Cornelius Griffin,2008,dl_lb,32,29-32,WAS,5,199,14,14
MarioHaggan32STL2012,Mario Haggan,2012,dl_lb,32,29-32,STL,10,144,11,2
ClarkHaggans32ARI2009,Clark Haggans,2009,dl_lb,32,29-32,ARI,8,44,16,14
TambaHali32KAN2015,Tamba Hali,2015,dl_lb,32,29-32,KAN,1,114,15,14
JamesHall32STL2009,James Hall,2009,dl_lb,32,29-32,STL,Undrafted,Undrafted,14,14
LemanskiHall32MIN2002,Lemanski Hall,2002,dl_lb,32,29-32,MIN,10,136,14,4
TravisHall32ATL2004,Travis Hall,2004,dl_lb,32,29-32,ATL,9,93,15,0
BobbyHamilton32NWE2003,Bobby Hamilton,2003,dl_lb,32,29-32,NWE,Undrafted,Undrafted,16,16
KeithHamilton32NYG2003,Keith Hamilton,2003,dl_lb,32,29-32,NYG,7,261,15,15
CaseyHampton32PIT2009,Casey Hampton,2009,dl_lb,32,29-32,PIT,1,102,16,16
NormanHand32NYG2004,Norman Hand,2004,dl_lb,32,29-32,NYG,8,67,11,11
PhilHansen32BUF2000,Phil Hansen,2000,dl_lb,32,29-32,BUF,5,212,10,8
DavidHarris32NYJ2016,David Harris,2016,dl_lb,32,29-32,NYJ,5,204,15,15
JamesHarrison32PIT2010,James Harrison,2010,dl_lb,32,29-32,PIT,Undrafted,Undrafted,16,16
JasonHatcher32WAS2014,Jason Hatcher,2014,dl_lb,32,29-32,WAS,6,254,13,13
A.J.Hawk32ATL2016,A.J. Hawk,2016,dl_lb,32,29-32,ATL,1,207,1,0
WilliamHayes32MIA2017,William Hayes,2017,dl_lb,32,29-32,MIA,7,7,10,0
JohnHenderson32OAK2011,John Henderson,2011,dl_lb,32,29-32,OAK,1,251,13,3
KevinHenry32PIT2000,Kevin Henry,2000,dl_lb,32,29-32,PIT,7,12,15,15
ChrisHoke32PIT2008,Chris Hoke,2008,dl_lb,32,29-32,PIT,Undrafted,Undrafted,16,3
VonnieHolliday32MIA2007,Vonnie Holliday,2007,dl_lb,32,29-32,MIA,1,102,12,12
EarlHolmes32DET2005,Earl Holmes,2005,dl_lb,32,29-32,DET,7,32,11,10
DarrenHoward32PHI2008,Darren Howard,2008,dl_lb,32,29-32,PHI,5,189,16,0
IsraelIdonije32CHI2012,Israel Idonije,2012,dl_lb,32,29-32,CHI,Undrafted,Undrafted,16,11
LarryIzzo32NWE2006,Larry Izzo,2006,dl_lb,32,29-32,NWE,Undrafted,Undrafted,16,0
D'QwellJackson32IND2015,D'Qwell Jackson,2015,dl_lb,32,29-32,IND,5,190,16,16
GradyJackson32GNB2005,Grady Jackson,2005,dl_lb,32,29-32,GNB,9,106,16,16
TyokaJackson32STL2003,Tyoka Jackson,2003,dl_lb,32,29-32,STL,Undrafted,Undrafted,16,3
EdJasper32OAK2005,Ed Jasper,2005,dl_lb,32,29-32,OAK,9,111,15,1
RickyJean-Francois32DET2018,Ricky Jean-Francois,2018,dl_lb,32,29-32,DET,10,162,7,5
CullenJenkins32NYG2013,Cullen Jenkins,2013,dl_lb,32,29-32,NYG,Undrafted,Undrafted,16,15
DerrickJohnson32KAN2014,Derrick Johnson,2014,dl_lb,32,29-32,KAN,1,58,1,1
JarretJohnson32SDG2013,Jarret Johnson,2013,dl_lb,32,29-32,SDG,7,13,11,9
RayleeJohnson32SDG2002,Raylee Johnson,2002,dl_lb,32,29-32,SDG,7,257,16,16
TedJohnson32NWE2004,Ted Johnson,2004,dl_lb,32,29-32,NWE,5,215,16,15
TomJohnson32MIN2016,Tom Johnson,2016,dl_lb,32,29-32,MIN,Undrafted,Undrafted,14,0
LanceJohnstone32MIN2005,Lance Johnstone,2005,dl_lb,32,29-32,MIN,5,215,15,1
DhaniJones32CIN2010,Dhani Jones,2010,dl_lb,32,29-32,CIN,9,88,16,16
MikeJones32PIT2001,Mike Jones,2001,dl_lb,32,29-32,PIT,Undrafted,Undrafted,15,0
RobertJones32WAS2001,Robert Jones,2001,dl_lb,32,29-32,WAS,1,157,15,9
N.D.Kalu32HOU2007,N.D. Kalu,2007,dl_lb,32,29-32,HOU,8,61,15,1
AaronKampman32JAX2011,Aaron Kampman,2011,dl_lb,32,29-32,JAX,8,65,3,0
JevonKearse32TEN2008,Jevon Kearse,2008,dl_lb,32,29-32,TEN,1,69,16,16
BrettKeisel32PIT2010,Brett Keisel,2010,dl_lb,32,29-32,PIT,10,160,11,11
TommyKelly32OAK2012,Tommy Kelly,2012,dl_lb,32,29-32,OAK,Undrafted,Undrafted,16,16
ChrisKelsay32BUF2011,Chris Kelsay,2011,dl_lb,32,29-32,BUF,5,205,12,12
CortezKennedy*32SEA2000,Cortez Kennedy*,2000,dl_lb,32,29-32,SEA,1,182,16,16
JimmyKennedy32NYG2011,Jimmy Kennedy,2011,dl_lb,32,29-32,NYG,1,25,6,0
PatrickKerney32SEA2008,Patrick Kerney,2008,dl_lb,32,29-32,SEA,1,183,7,7
LevonKirkland32SEA2001,Levon Kirkland,2001,dl_lb,32,29-32,SEA,5,194,16,16
TravisKirschke32PIT2006,Travis Kirschke,2006,dl_lb,32,29-32,PIT,Undrafted,Undrafted,16,0
GeorgeKoonce32SEA2000,George Koonce,2000,dl_lb,32,29-32,SEA,Undrafted,Undrafted,16,16
ScottKowalkowski32DET2000,Scott Kowalkowski,2000,dl_lb,32,29-32,DET,11,131,16,2
JasonKyle32CAR2004,Jason Kyle,2004,dl_lb,32,29-32,CAR,7,32,16,0
MattLaBounty32SEA2001,Matt LaBounty,2001,dl_lb,32,29-32,SEA,4,188,2,0
BenLeber32MIN2010,Ben Leber,2010,dl_lb,32,29-32,MIN,6,231,16,10
SeanLee32DAL2018,Sean Lee,2018,dl_lb,32,29-32,DAL,5,213,4,4
ParisLenon32STL2009,Paris Lenon,2009,dl_lb,32,29-32,STL,Undrafted,Undrafted,15,10
LeonLett32DAL2000,Leon Lett,2000,dl_lb,32,29-32,DAL,10,84,9,7
DamioneLewis32HOU2010,Damione Lewis,2010,dl_lb,32,29-32,HOU,1,25,10,0
MoLewis32NYJ2001,Mo Lewis,2001,dl_lb,32,29-32,NYJ,6,222,16,16
RayLewis*32BAL2007,Ray Lewis*,2007,dl_lb,32,29-32,BAL,1,174,14,14
LeonardLittle32STL2006,Leonard Little,2006,dl_lb,32,29-32,STL,6,224,16,16
ErnieLogan32NYJ2000,Ernie Logan,2000,dl_lb,32,29-32,NYJ,12,142,16,4
ChrisLong32PHI2017,Chris Long,2017,dl_lb,32,29-32,PHI,1,113,16,1
KyleLove32CAR2018,Kyle Love,2018,dl_lb,32,29-32,CAR,Undrafted,Undrafted,7,0
RickLyle32NWE2003,Rick Lyle,2003,dl_lb,32,29-32,NWE,Undrafted,Undrafted,8,1
MarkMaddox32ARI2000,Mark Maddox,2000,dl_lb,32,29-32,ARI,12,167,14,0
LonnieMarts32JAX2000,Lonnie Marts,2000,dl_lb,32,29-32,JAX,Undrafted,Undrafted,7,3
RobertMathis32IND2013,Robert Mathis,2013,dl_lb,32,29-32,IND,8,45,16,16
ClayMatthews32GNB2018,Clay Matthews,2018,dl_lb,32,29-32,GNB,1,174,7,7
AlbertMcClellan32BAL2018,Albert McClellan,2018,dl_lb,32,29-32,BAL,Undrafted,Undrafted,6,1
MichaelMcCrary32BAL2002,Michael McCrary,2002,dl_lb,32,29-32,BAL,10,81,5,2
EdMcDaniel32MIN2001,Ed McDaniel,2001,dl_lb,32,29-32,MIN,8,31,14,13
TonyMcDaniel322TM2017,Tony McDaniel,2017,dl_lb,32,29-32,2TM,Undrafted,Undrafted,5,0
WillieMcGinest32NWE2003,Willie McGinest,2003,dl_lb,32,29-32,NWE,1,196,14,11
ChesterMcGlockton32DEN2001,Chester McGlockton,2001,dl_lb,32,29-32,DEN,1,69,16,16
RonaldMcKinnon32NOR2005,Ronald McKinnon,2005,dl_lb,32,29-32,NOR,Undrafted,Undrafted,16,9
SteveMcLendon32NYJ2018,Steve McLendon,2018,dl_lb,32,29-32,NYJ,Undrafted,Undrafted,8,8
BrandonMebane32LAC2017,Brandon Mebane,2017,dl_lb,32,29-32,LAC,6,246,16,16
JeremyMincey32DAL2015,Jeremy Mincey,2015,dl_lb,32,29-32,DAL,9,104,14,6
KevinMitchell32WAS2003,Kevin Mitchell,2003,dl_lb,32,29-32,WAS,5,211,16,0
RobMorris32IND2007,Rob Morris,2007,dl_lb,32,29-32,IND,1,179,2,2
C.J.Mosley32MIA2015,C.J. Mosley,2015,dl_lb,32,29-32,MIA,9,104,11,0
HalotiNgata32DET2016,Haloti Ngata,2016,dl_lb,32,29-32,DET,1,25,13,13
RobNinkovich32NWE2016,Rob Ninkovich,2016,dl_lb,32,29-32,NWE,8,42,12,11
AdewaleOgunleye32CHI2009,Adewale Ogunleye,2009,dl_lb,32,29-32,CHI,Undrafted,Undrafted,14,14
ChikeOkeafor32ARI2008,Chike Okeafor,2008,dl_lb,32,29-32,ARI,6,250,16,16
BrianOrakpo32TEN2018,Brian Orakpo,2018,dl_lb,32,29-32,TEN,1,36,7,7
MattOverton32JAX2017,Matt Overton,2017,dl_lb,32,29-32,JAX,Undrafted,Undrafted,9,0
CalvinPace32NYJ2012,Calvin Pace,2012,dl_lb,32,29-32,NYJ,1,91,16,16
JuquaParker32PHI2010,Juqua Parker,2010,dl_lb,32,29-32,PHI,Undrafted,Undrafted,13,10
JohnParrella32SDG2001,John Parrella,2001,dl_lb,32,29-32,SDG,5,213,16,16
BrycePaup32MIN2000,Bryce Paup,2000,dl_lb,32,29-32,MIN,9,68,10,0
DomataPeko32CIN2016,Domata Peko,2016,dl_lb,32,29-32,CIN,7,29,16,16
JuliusPeppers32CHI2012,Julius Peppers,2012,dl_lb,32,29-32,CHI,1,113,16,16
JulianPeterson32DET2010,Julian Peterson,2010,dl_lb,32,29-32,DET,1,69,15,14
MikePeterson32JAX2008,Mike Peterson,2008,dl_lb,32,29-32,JAX,5,192,15,10
RomanPhifer32NYJ2000,Roman Phifer,2000,dl_lb,32,29-32,NYJ,5,186,16,10
ShaunPhillips32DEN2013,Shaun Phillips,2013,dl_lb,32,29-32,DEN,7,260,16,12
RyanPickett32GNB2011,Ryan Pickett,2011,dl_lb,32,29-32,GNB,1,180,14,14
AnthonyPleasant32SFO2000,Anthony Pleasant,2000,dl_lb,32,29-32,SFO,6,233,16,16
BradyPoppinga32STL2011,Brady Poppinga,2011,dl_lb,32,29-32,STL,7,31,15,12
RobertPorcher32DET2001,Robert Porcher,2001,dl_lb,32,29-32,DET,1,174,16,16
JoeyPorter32MIA2009,Joey Porter,2009,dl_lb,32,29-32,MIA,6,233,14,14
PaulPosluszny32JAX2016,Paul Posluszny,2016,dl_lb,32,29-32,JAX,5,190,16,16
SionePouha32NYJ2011,Sione Pouha,2011,dl_lb,32,29-32,NYJ,6,249,16,15
ShawnPrice32SDG2002,Shawn Price,2002,dl_lb,32,29-32,SDG,Undrafted,Undrafted,2,0
PiersonPrioleau32NOR2009,Pierson Prioleau,2009,dl_lb,32,29-32,NOR,7,15,16,1
KelvinPritchett32DET2001,Kelvin Pritchett,2001,dl_lb,32,29-32,DET,1,114,16,1
TrevorPryce32BAL2007,Trevor Pryce,2007,dl_lb,32,29-32,BAL,1,179,5,2
SheltonQuarles32TAM2003,Shelton Quarles,2003,dl_lb,32,29-32,TAM,Undrafted,Undrafted,11,11
JayRatliff32CHI2013,Jay Ratliff,2013,dl_lb,32,29-32,CHI,10,140,5,4
CoryRedding32IND2012,Cory Redding,2012,dl_lb,32,29-32,IND,6,225,14,14
IkeReese32ATL2005,Ike Reese,2005,dl_lb,32,29-32,ATL,8,50,16,0
SimeonRice32TAM2006,Simeon Rice,2006,dl_lb,32,29-32,TAM,1,182,8,8
FredRobbins32NYG2009,Fred Robbins,2009,dl_lb,32,29-32,NYG,5,213,16,12
BryanRobinson32CIN2006,Bryan Robinson,2006,dl_lb,32,29-32,CIN,Undrafted,Undrafted,16,16
EddieRobinson32BUF2002,Eddie Robinson,2002,dl_lb,32,29-32,BUF,5,208,16,15
BrianRobison32MIN2015,Brian Robison,2015,dl_lb,32,29-32,MIN,7,6,16,16
DerrickRodgers32NOR2003,Derrick Rodgers,2003,dl_lb,32,29-32,NOR,6,254,15,15
SamRogers32ATL2002,Sam Rogers,2002,dl_lb,32,29-32,ATL,5,223,15,13
ShaunRogers32NOR2011,Shaun Rogers,2011,dl_lb,32,29-32,NOR,5,220,16,4
OrpheusRoye32CLE2005,Orpheus Roye,2005,dl_lb,32,29-32,CLE,9,115,16,16
FrosteeRucker32ARI2015,Frostee Rucker,2015,dl_lb,32,29-32,ARI,6,253,13,13
MikeRucker32CAR2007,Mike Rucker,2007,dl_lb,32,29-32,CAR,5,194,16,16
WarrenSapp*32OAK2004,Warren Sapp*,2004,dl_lb,32,29-32,OAK,1,25,16,16
AaronSchobel32BUF2009,Aaron Schobel,2009,dl_lb,32,29-32,BUF,5,203,16,16
BartScott32NYJ2012,Bart Scott,2012,dl_lb,32,29-32,NYJ,Undrafted,Undrafted,15,13
TracyScroggins32DET2001,Tracy Scroggins,2001,dl_lb,32,29-32,DET,5,211,16,16
JuniorSeau*32SDG2001,Junior Seau*,2001,dl_lb,32,29-32,SDG,1,207,16,16
JasonSehorn32STL2003,Jason Sehorn,2003,dl_lb,32,29-32,STL,5,217,10,3
RichardSeymour32OAK2011,Richard Seymour,2011,dl_lb,32,29-32,OAK,1,218,16,15
ScottShanle32NOR2011,Scott Shanle,2011,dl_lb,32,29-32,NOR,10,170,16,15
JuniorSiavii32SEA2010,Junior Siavii,2010,dl_lb,32,29-32,SEA,5,192,14,6
BrianSimmons32NOR2007,Brian Simmons,2007,dl_lb,32,29-32,NOR,1,80,16,3
PatSims32CIN2017,Pat Sims,2017,dl_lb,32,29-32,CIN,6,237,14,8
MichaelSinclair32SEA2000,Michael Sinclair,2000,dl_lb,32,29-32,SEA,9,64,16,16
JoelSmeenge32JAX2000,Joel Smeenge,2000,dl_lb,32,29-32,JAX,6,231,12,1
AaronSmith32PIT2008,Aaron Smith,2008,dl_lb,32,29-32,PIT,7,13,16,16
AntonioSmith32HOU2013,Antonio Smith,2013,dl_lb,32,29-32,HOU,8,42,15,15
BradySmith32ATL2005,Brady Smith,2005,dl_lb,32,29-32,ATL,6,230,5,5
DarrinSmith32NOR2002,Darrin Smith,2002,dl_lb,32,29-32,NOR,5,212,15,15
DarylSmith32BAL2014,Daryl Smith,2014,dl_lb,32,29-32,BAL,5,195,16,16
DerekSmith32SFO2007,Derek Smith,2007,dl_lb,32,29-32,SFO,6,241,15,14
JustinSmith32SFO2011,Justin Smith,2011,dl_lb,32,29-32,SFO,1,196,16,16
KennySmith32KAN2009,Kenny Smith,2009,dl_lb,32,29-32,KAN,6,242,6,0
RobaireSmith32CLE2009,Robaire Smith,2009,dl_lb,32,29-32,CLE,9,110,15,15
PaulSoliai32ATL2015,Paul Soliai,2015,dl_lb,32,29-32,ATL,7,12,14,10
IsaacSopoaga322TM2013,Isaac Sopoaga,2013,dl_lb,32,29-32,2TM,7,8,14,9
PaulSpicer32JAX2007,Paul Spicer,2007,dl_lb,32,29-32,JAX,Undrafted,Undrafted,15,12
TakeoSpikes32SFO2008,Takeo Spikes,2008,dl_lb,32,29-32,SFO,1,36,16,13
GregSpires32TAM2006,Greg Spires,2006,dl_lb,32,29-32,TAM,6,244,16,16
JoshStamer322TM2009,Josh Stamer,2009,dl_lb,32,29-32,2TM,Undrafted,Undrafted,4,0
RandyStarks32CLE2015,Randy Starks,2015,dl_lb,32,29-32,CLE,6,231,15,15
GaryStills32BAL2006,Gary Stills,2006,dl_lb,32,29-32,BAL,6,235,16,0
MichaelStrahan*32NYG2003,Michael Strahan*,2003,dl_lb,32,29-32,NYG,5,197,16,16
MarcusStroud32BUF2010,Marcus Stroud,2010,dl_lb,32,29-32,BUF,1,36,15,14
DanaStubblefield32SFO2002,Dana Stubblefield,2002,dl_lb,32,29-32,SFO,1,174,15,15
TerrellSuggs32BAL2014,Terrell Suggs,2014,dl_lb,32,29-32,BAL,1,3,16,16
DarrylTapp32NOR2016,Darryl Tapp,2016,dl_lb,32,29-32,NOR,5,222,16,2
JasonTaylor*32MIA2006,Jason Taylor*,2006,dl_lb,32,29-32,MIA,6,233,16,16
AdaliusThomas32NWE2009,Adalius Thomas,2009,dl_lb,32,29-32,NWE,9,98,14,11
BryanThomas32NYJ2011,Bryan Thomas,2011,dl_lb,32,29-32,NYJ,1,135,4,3
HollisThomas32NOR2006,Hollis Thomas,2006,dl_lb,32,29-32,NOR,Undrafted,Undrafted,12,12
MarkThomas32IND2001,Mark Thomas,2001,dl_lb,32,29-32,IND,7,250,12,0
WilliamThomas32OAK2000,William Thomas,2000,dl_lb,32,29-32,OAK,7,8,16,16
ZachThomas32MIA2005,Zach Thomas,2005,dl_lb,32,29-32,MIA,8,63,14,14
JohnThornton32CIN2008,John Thornton,2008,dl_lb,32,29-32,CIN,5,210,15,11
KeithTraylor32CHI2001,Keith Traylor,2001,dl_lb,32,29-32,CHI,6,220,16,15
JeremiahTrotter32PHI2009,Jeremiah Trotter,2009,dl_lb,32,29-32,PHI,6,232,13,7
JasonTrusnik32NOR2016,Jason Trusnik,2016,dl_lb,32,29-32,NOR,Undrafted,Undrafted,3,0
JustinTuck32OAK2015,Justin Tuck,2015,dl_lb,32,29-32,OAK,6,234,5,5
WillTukuafu32SEA2016,Will Tukuafu,2016,dl_lb,32,29-32,SEA,Undrafted,Undrafted,7,1
JeffUlbrich32SFO2009,Jeff Ulbrich,2009,dl_lb,32,29-32,SFO,6,247,4,0
ArtieUlmer32ATL2005,Artie Ulmer,2005,dl_lb,32,29-32,ATL,10,136,9,0
OsiUmenyiora32ATL2013,Osi Umenyiora,2013,dl_lb,32,29-32,ATL,5,214,16,13
BrianUrlacher*32CHI2010,Brian Urlacher*,2010,dl_lb,32,29-32,CHI,1,251,16,16
KyleVanden Bosch32DET2010,Kyle Vanden Bosch,2010,dl_lb,32,29-32,DET,5,190,11,11
Kimovon Oelhoffen32PIT2003,Kimo von Oelhoffen,2003,dl_lb,32,29-32,PIT,9,72,16,16
MikeVrabel32NWE2007,Mike Vrabel,2007,dl_lb,32,29-32,NWE,6,253,16,15
CameronWake32MIA2014,Cameron Wake,2014,dl_lb,32,29-32,MIA,Undrafted,Undrafted,16,16
ErikWalden32TEN2017,Erik Walden,2017,dl_lb,32,29-32,TEN,9,77,16,2
GaryWalker32HOU2005,Gary Walker,2005,dl_lb,32,29-32,HOU,8,68,11,11
AlWallace32CAR2006,Al Wallace,2006,dl_lb,32,29-32,CAR,Undrafted,Undrafted,16,2
DeMarcusWare32DEN2014,DeMarcus Ware,2014,dl_lb,32,29-32,DEN,1,14,16,15
GerardWarren32NWE2010,Gerard Warren,2010,dl_lb,32,29-32,NWE,1,182,16,10
KeithWashington32NYG2004,Keith Washington,2004,dl_lb,32,29-32,NYG,Undrafted,Undrafted,8,8
TedWashington32BUF2000,Ted Washington,2000,dl_lb,32,29-32,BUF,1,168,16,16
LarryWebster32BAL2001,Larry Webster,2001,dl_lb,32,29-32,BAL,6,230,15,0
PhilipWheeler32ATL2016,Philip Wheeler,2016,dl_lb,32,29-32,ATL,6,255,16,4
WillieWhitehead32NOR2005,Willie Whitehead,2005,dl_lb,32,29-32,NOR,Undrafted,Undrafted,16,15
MarcellusWiley32JAX2006,Marcellus Wiley,2006,dl_lb,32,29-32,JAX,5,210,12,0
VinceWilfork32NWE2013,Vince Wilfork,2013,dl_lb,32,29-32,NWE,1,124,4,4
DanWilkinson32DET2005,Dan Wilkinson,2005,dl_lb,32,29-32,DET,1,2,16,16
CoreyWilliams32DET2012,Corey Williams,2012,dl_lb,32,29-32,DET,9,90,7,5
D.J.Williams32CHI2014,D.J. Williams,2014,dl_lb,32,29-32,CHI,1,80,12,10
DemorrioWilliams32SDG2012,Demorrio Williams,2012,dl_lb,32,29-32,SDG,7,5,14,3
JamalWilliams32SDG2008,Jamal Williams,2008,dl_lb,32,29-32,SDG,5,113,16,15
JayWilliams32MIA2003,Jay Williams,2003,dl_lb,32,29-32,MIA,Undrafted,Undrafted,16,0
KevinWilliams32MIN2012,Kevin Williams,2012,dl_lb,32,29-32,MIN,1,251,16,16
KyleWilliams32BUF2015,Kyle Williams,2015,dl_lb,32,29-32,BUF,8,41,6,6
PatWilliams32BUF2004,Pat Williams,2004,dl_lb,32,29-32,BUF,Undrafted,Undrafted,16,15
CoyWire32ATL2010,Coy Wire,2010,dl_lb,32,29-32,ATL,6,259,15,0
WillWitherspoon32TEN2012,Will Witherspoon,2012,dl_lb,32,29-32,TEN,6,233,14,5
LeeWoodall32DEN2001,Lee Woodall,2001,dl_lb,32,29-32,DEN,9,94,14,0
WesleyWoodyard32TEN2018,Wesley Woodyard,2018,dl_lb,32,29-32,TEN,Undrafted,Undrafted,5,5
RenaldoWynn32WAS2006,Renaldo Wynn,2006,dl_lb,32,29-32,WAS,1,124,15,1
BryantYoung32SFO2004,Bryant Young,2004,dl_lb,32,29-32,SFO,1,229,16,16
WillieYoung32CHI2017,Willie Young,2017,dl_lb,32,29-32,CHI,10,128,4,2
JeffZgonina32STL2002,Jeff Zgonina,2002,dl_lb,32,29-32,STL,10,97,16,16
JohnAbraham33ATL2011,John Abraham,2011,dl_lb,33,32+,ATL,1,36,15,15
MikeAdams33IND2014,Mike Adams,2014,dl_lb,33,32+,IND,Undrafted,Undrafted,16,16
SamAdams33CIN2006,Sam Adams,2006,dl_lb,33,32+,CIN,1,240,16,16
RayAgnew33STL2000,Ray Agnew,2000,dl_lb,33,32+,STL,1,3,15,15
ChidiAhanotu33SFO2003,Chidi Ahanotu,2003,dl_lb,33,32+,SFO,9,53,16,1
LorenzoAlexander33BUF2016,Lorenzo Alexander,2016,dl_lb,33,32+,BUF,Undrafted,Undrafted,16,16
JaredAllen332TM2015,Jared Allen,2015,dl_lb,33,32+,2TM,7,32,15,15
KenAmato33TEN2010,Ken Amato,2010,dl_lb,33,32+,TEN,Undrafted,Undrafted,16,0
LesterArchambeau33DEN2000,Lester Archambeau,2000,dl_lb,33,32+,DEN,10,98,3,0
JessieArmstead33WAS2003,Jessie Armstead,2003,dl_lb,33,32+,WAS,11,121,16,15
BrendonAyanbadejo33BAL2009,Brendon Ayanbadejo,2009,dl_lb,33,32+,BAL,Undrafted,Undrafted,4,1
JasonBabin33JAX2013,Jason Babin,2013,dl_lb,33,32+,JAX,1,178,16,16
JonathanBabineaux33ATL2014,Jonathan Babineaux,2014,dl_lb,33,32+,ATL,5,217,15,15
JustinBannan33DEN2012,Justin Bannan,2012,dl_lb,33,32+,DEN,8,46,16,15
MichealBarrow33NYG2003,Micheal Barrow,2003,dl_lb,33,32+,NYG,5,204,16,16
EricBarton33CLE2010,Eric Barton,2010,dl_lb,33,32+,CLE,8,54,16,12
MichaelBennett33PHI2018,Michael Bennett,2018,dl_lb,33,32+,PHI,Undrafted,Undrafted,8,2
RockyBernard33NYG2012,Rocky Bernard,2012,dl_lb,33,32+,NYG,8,54,12,5
BertrandBerry33ARI2008,Bertrand Berry,2008,dl_lb,33,32+,ARI,6,247,14,4
GregBiekert33MIN2002,Greg Biekert,2002,dl_lb,33,32+,MIN,10,93,16,16
VaughnBooker33CIN2001,Vaughn Booker,2001,dl_lb,33,32+,CIN,Undrafted,Undrafted,14,13
AlfonsoBoone33SDG2009,Alfonso Boone,2009,dl_lb,33,32+,SDG,10,172,13,4
DavidBowens33CLE2010,David Bowens,2010,dl_lb,33,32+,CLE,8,67,15,4
AlanBranch33NWE2017,Alan Branch,2017,dl_lb,33,32+,NWE,5,189,12,6
O.J.Brigance332TM2002,O.J. Brigance,2002,dl_lb,33,32+,2TM,Undrafted,Undrafted,14,0
LanceBriggs33CHI2013,Lance Briggs,2013,dl_lb,33,32+,CHI,6,227,9,9
RaheemBrock33SEA2011,Raheem Brock,2011,dl_lb,33,32+,SEA,10,155,16,0
KeithBrooking33ATL2008,Keith Brooking,2008,dl_lb,33,32+,ATL,1,25,16,16
AhmadBrooks33GNB2017,Ahmad Brooks,2017,dl_lb,33,32+,GNB,6,1,12,5
DerrickBrooks*33TAM2006,Derrick Brooks*,2006,dl_lb,33,32+,TAM,1,179,16,16
ChadBrown33SEA2003,Chad Brown,2003,dl_lb,33,32+,SEA,5,201,14,14
TedyBruschi33NWE2006,Tedy Bruschi,2006,dl_lb,33,32+,NWE,6,247,15,14
BrentsonBuckner33CAR2004,Brentson Buckner,2004,dl_lb,33,32+,CAR,5,208,15,15
KeithBulluck33NYG2010,Keith Bulluck,2010,dl_lb,33,32+,NYG,1,183,13,8
RobBurnett33BAL2000,Rob Burnett,2000,dl_lb,33,32+,BAL,8,35,16,16
KeithBurns33DEN2005,Keith Burns,2005,dl_lb,33,32+,DEN,10,125,15,1
LewisBush33KAN2002,Lewis Bush,2002,dl_lb,33,32+,KAN,7,261,9,5
ChrisCanty33BAL2015,Chris Canty,2015,dl_lb,33,32+,BAL,7,39,9,9
AndreCarter33OAK2012,Andre Carter,2012,dl_lb,33,32+,OAK,1,229,12,0
KevinCarter33MIA2006,Kevin Carter,2006,dl_lb,33,32+,MIA,1,218,16,16
TysonClabo33HOU2014,Tyson Clabo,2014,dl_lb,33,32+,HOU,Undrafted,Undrafted,16,0
DannyClark33NOR2010,Danny Clark,2010,dl_lb,33,32+,NOR,10,163,14,10
ChrisClemons33JAX2014,Chris Clemons,2014,dl_lb,33,32+,JAX,Undrafted,Undrafted,16,16
DexterCoakley33STL2005,Dexter Coakley,2005,dl_lb,33,32+,STL,6,224,12,9
ColinCole33CAR2013,Colin Cole,2013,dl_lb,33,32+,CAR,Undrafted,Undrafted,15,13
TrentCole33IND2015,Trent Cole,2015,dl_lb,33,32+,IND,8,54,14,5
KenyonColeman33DAL2012,Kenyon Coleman,2012,dl_lb,33,32+,DAL,8,55,7,5
MarcoColeman33JAX2002,Marco Coleman,2002,dl_lb,33,32+,JAX,1,25,16,16
BryanCox33NWE2001,Bryan Cox,2001,dl_lb,33,32+,NWE,8,18,11,7
PhillipDaniels33WAS2006,Phillip Daniels,2006,dl_lb,33,32+,WAS,7,261,16,15
KarlosDansby33CLE2014,Karlos Dansby,2014,dl_lb,33,32+,CLE,5,189,12,12
ChartricDarby33DET2008,Chartric Darby,2008,dl_lb,33,32+,DET,Undrafted,Undrafted,15,15
AndraDavis33BUF2011,Andra Davis,2011,dl_lb,33,32+,BUF,8,49,16,3
DonDavis33NWE2005,Don Davis,2005,dl_lb,33,32+,NWE,Undrafted,Undrafted,16,0
ThomasDavis33CAR2016,Thomas Davis,2016,dl_lb,33,32+,CAR,1,47,16,16
RyanDenney33HOU2010,Ryan Denney,2010,dl_lb,33,32+,HOU,5,220,2,0
Na'ilDiggs33SDG2011,Na'il Diggs,2011,dl_lb,33,32+,SDG,7,260,13,0
HughDouglas33PHI2004,Hugh Douglas,2004,dl_lb,33,32+,PHI,1,69,16,3
MarquesDouglas33TEN2010,Marques Douglas,2010,dl_lb,33,32+,TEN,Undrafted,Undrafted,6,2
ChrisDraft33BUF2009,Chris Draft,2009,dl_lb,33,32+,BUF,9,66,11,3
ElvisDumervil33SFO2017,Elvis Dumervil,2017,dl_lb,33,32+,SFO,7,32,16,0
DonnieEdwards33SDG2006,Donnie Edwards,2006,dl_lb,33,32+,SDG,7,260,16,16
DwanEdwards33CAR2014,Dwan Edwards,2014,dl_lb,33,32+,CAR,5,209,16,0
RonEdwards33CAR2012,Ron Edwards,2012,dl_lb,33,32+,CAR,6,236,11,11
GregEllis33DAL2008,Greg Ellis,2008,dl_lb,33,32+,DAL,1,240,16,16
ShaunEllis33NYJ2010,Shaun Ellis,2010,dl_lb,33,32+,NYJ,1,25,15,15
CarlosEmmons33NYG2006,Carlos Emmons,2006,dl_lb,33,32+,NYG,10,160,12,12
JamesFarrior33PIT2008,James Farrior,2008,dl_lb,33,32+,PIT,1,240,16,16
HeathFarwell33SEA2014,Heath Farwell,2014,dl_lb,33,32+,SEA,Undrafted,Undrafted,0,NA
JasonFerguson33DAL2007,Jason Ferguson,2007,dl_lb,33,32+,DAL,10,145,1,1
JasonFisk33CLE2005,Jason Fisk,2005,dl_lb,33,32+,CLE,10,161,16,14
LondonFletcher33WAS2008,London Fletcher,2008,dl_lb,33,32+,WAS,Undrafted,Undrafted,16,16
LarryFoote33PIT2013,Larry Foote,2013,dl_lb,33,32+,PIT,7,34,1,1
AubrayoFranklin33IND2013,Aubrayo Franklin,2013,dl_lb,33,32+,IND,8,54,16,15
DwightFreeney33SDG2013,Dwight Freeney,2013,dl_lb,33,32+,SDG,1,14,4,4
ScottFujita33CLE2012,Scott Fujita,2012,dl_lb,33,32+,CLE,8,51,4,3
AntonioGaray33SDG2012,Antonio Garay,2012,dl_lb,33,32+,SDG,9,108,8,0
SeanGilbert33OAK2003,Sean Gilbert,2003,dl_lb,33,32+,OAK,1,182,6,0
La'RoiGlover33STL2007,La'Roi Glover,2007,dl_lb,33,32+,STL,8,76,16,16
RandallGodfrey33SDG2006,Randall Godfrey,2006,dl_lb,33,32+,SDG,5,206,13,13
KedricGolston33WAS2016,Kedric Golston,2016,dl_lb,33,32+,WAS,9,109,2,2
ChadGreenway33MIN2016,Chad Greenway,2016,dl_lb,33,32+,MIN,1,80,16,9
KellyGregg33BAL2009,Kelly Gregg,2009,dl_lb,33,32+,BAL,9,84,16,14
CorneliusGriffin33WAS2009,Cornelius Griffin,2009,dl_lb,33,32+,WAS,5,199,14,14
ClarkHaggans33ARI2010,Clark Haggans,2010,dl_lb,33,32+,ARI,8,44,13,13
TambaHali33KAN2016,Tamba Hali,2016,dl_lb,33,32+,KAN,1,114,16,2
JamesHall33STL2010,James Hall,2010,dl_lb,33,32+,STL,Undrafted,Undrafted,16,16
TravisHall33SFO2005,Travis Hall,2005,dl_lb,33,32+,SFO,9,93,16,1
BobbyHamilton33OAK2004,Bobby Hamilton,2004,dl_lb,33,32+,OAK,Undrafted,Undrafted,16,15
CaseyHampton33PIT2010,Casey Hampton,2010,dl_lb,33,32+,PIT,1,102,15,14
PhilHansen33BUF2001,Phil Hansen,2001,dl_lb,33,32+,BUF,5,212,12,12
DavidHarris33NWE2017,David Harris,2017,dl_lb,33,32+,NWE,5,204,10,6
JamesHarrison33PIT2011,James Harrison,2011,dl_lb,33,32+,PIT,Undrafted,Undrafted,11,11
HaraldHasselbach33DEN2000,Harald Hasselbach,2000,dl_lb,33,32+,DEN,Undrafted,Undrafted,16,1
JasonHatcher33WAS2015,Jason Hatcher,2015,dl_lb,33,32+,WAS,6,254,15,14
WilliamHayes33MIA2018,William Hayes,2018,dl_lb,33,32+,MIA,7,7,3,0
ChrisHoke33PIT2009,Chris Hoke,2009,dl_lb,33,32+,PIT,Undrafted,Undrafted,16,0
VonnieHolliday33MIA2008,Vonnie Holliday,2008,dl_lb,33,32+,MIA,1,102,16,15
DarrenHoward33PHI2009,Darren Howard,2009,dl_lb,33,32+,PHI,5,189,16,0
IsraelIdonije33DET2013,Israel Idonije,2013,dl_lb,33,32+,DET,Undrafted,Undrafted,15,0
LarryIzzo33NWE2007,Larry Izzo,2007,dl_lb,33,32+,NWE,Undrafted,Undrafted,16,0
D'QwellJackson33IND2016,D'Qwell Jackson,2016,dl_lb,33,32+,IND,5,190,12,12
GradyJackson33ATL2006,Grady Jackson,2006,dl_lb,33,32+,ATL,9,106,16,15
TyokaJackson33STL2004,Tyoka Jackson,2004,dl_lb,33,32+,STL,Undrafted,Undrafted,14,0
CullenJenkins33NYG2014,Cullen Jenkins,2014,dl_lb,33,32+,NYG,Undrafted,Undrafted,12,11
DerrickJohnson33KAN2015,Derrick Johnson,2015,dl_lb,33,32+,KAN,1,58,16,16
JarretJohnson33SDG2014,Jarret Johnson,2014,dl_lb,33,32+,SDG,7,13,15,14
RayleeJohnson33SDG2003,Raylee Johnson,2003,dl_lb,33,32+,SDG,7,257,9,0
TomJohnson33MIN2017,Tom Johnson,2017,dl_lb,33,32+,MIN,Undrafted,Undrafted,16,15
LanceJohnstone33OAK2006,Lance Johnstone,2006,dl_lb,33,32+,OAK,5,215,11,1
MikeJones332TM2002,Mike Jones,2002,dl_lb,33,32+,2TM,Undrafted,Undrafted,9,1
N.D.Kalu33HOU2008,N.D. Kalu,2008,dl_lb,33,32+,HOU,8,61,2,0
JevonKearse33TEN2009,Jevon Kearse,2009,dl_lb,33,32+,TEN,1,69,6,4
BrettKeisel33PIT2011,Brett Keisel,2011,dl_lb,33,32+,PIT,10,160,14,14
TommyKelly33NWE2013,Tommy Kelly,2013,dl_lb,33,32+,NWE,Undrafted,Undrafted,5,5
ChrisKelsay33BUF2012,Chris Kelsay,2012,dl_lb,33,32+,BUF,5,205,9,4
Ma'akeKemoeatu33BAL2012,Ma'ake Kemoeatu,2012,dl_lb,33,32+,BAL,Undrafted,Undrafted,15,13
PatrickKerney33SEA2009,Patrick Kerney,2009,dl_lb,33,32+,SEA,1,183,15,14
LevonKirkland33PHI2002,Levon Kirkland,2002,dl_lb,33,32+,PHI,5,194,16,15
TravisKirschke33PIT2007,Travis Kirschke,2007,dl_lb,33,32+,PIT,Undrafted,Undrafted,16,4
ScottKowalkowski33DET2001,Scott Kowalkowski,2001,dl_lb,33,32+,DET,11,131,15,0
JasonKyle33CAR2005,Jason Kyle,2005,dl_lb,33,32+,CAR,7,32,16,0
BenLeber33STL2011,Ben Leber,2011,dl_lb,33,32+,STL,6,231,7,3
ParisLenon33ARI2010,Paris Lenon,2010,dl_lb,33,32+,ARI,Undrafted,Undrafted,16,16
LeonLett33DEN2001,Leon Lett,2001,dl_lb,33,32+,DEN,10,84,12,0
MoLewis33NYJ2002,Mo Lewis,2002,dl_lb,33,32+,NYJ,6,222,16,16
RayLewis*33BAL2008,Ray Lewis*,2008,dl_lb,33,32+,BAL,1,174,16,16
LeonardLittle33STL2007,Leonard Little,2007,dl_lb,33,32+,STL,6,224,7,7
MikeLodish33DEN2000,Mike Lodish,2000,dl_lb,33,32+,DEN,2,177,16,0
ChrisLong33PHI2018,Chris Long,2018,dl_lb,33,32+,PHI,1,113,8,0
RobertMathis33IND2014,Robert Mathis,2014,dl_lb,33,32+,IND,8,45,0,NA
WillieMcGinest33NWE2004,Willie McGinest,2004,dl_lb,33,32+,NWE,1,196,16,16
ChesterMcGlockton33DEN2002,Chester McGlockton,2002,dl_lb,33,32+,DEN,1,69,16,15
BrandonMebane33LAC2018,Brandon Mebane,2018,dl_lb,33,32+,LAC,6,246,7,7
LawyerMilloy33ATL2006,Lawyer Milloy,2006,dl_lb,33,32+,ATL,5,192,16,16
HalotiNgata33DET2017,Haloti Ngata,2017,dl_lb,33,32+,DET,1,25,5,5
AdewaleOgunleye33HOU2010,Adewale Ogunleye,2010,dl_lb,33,32+,HOU,Undrafted,Undrafted,4,0
ChikeOkeafor33ARI2009,Chike Okeafor,2009,dl_lb,33,32+,ARI,6,250,13,13
CalvinPace33NYJ2013,Calvin Pace,2013,dl_lb,33,32+,NYJ,1,91,16,16
JuquaParker33PHI2011,Juqua Parker,2011,dl_lb,33,32+,PHI,Undrafted,Undrafted,12,0
JohnParrella33OAK2002,John Parrella,2002,dl_lb,33,32+,OAK,5,213,16,15
MarvcusPatton33KAN2000,Marvcus Patton,2000,dl_lb,33,32+,KAN,11,122,16,15
DomataPeko33DEN2017,Domata Peko,2017,dl_lb,33,32+,DEN,7,29,14,14
JuliusPeppers33CHI2013,Julius Peppers,2013,dl_lb,33,32+,CHI,1,113,16,16
MikePeterson33ATL2009,Mike Peterson,2009,dl_lb,33,32+,ATL,5,192,16,16
RomanPhifer33NWE2001,Roman Phifer,2001,dl_lb,33,32+,NWE,5,186,16,16
ShaunPhillips332TM2014,Shaun Phillips,2014,dl_lb,33,32+,2TM,7,260,16,1
RyanPickett33GNB2012,Ryan Pickett,2012,dl_lb,33,32+,GNB,1,180,16,16
AnthonyPleasant33NWE2001,Anthony Pleasant,2001,dl_lb,33,32+,NWE,6,233,16,16
BradyPoppinga33DAL2012,Brady Poppinga,2012,dl_lb,33,32+,DAL,7,31,4,1
RobertPorcher33DET2002,Robert Porcher,2002,dl_lb,33,32+,DET,1,174,15,15
JoeyPorter33ARI2010,Joey Porter,2010,dl_lb,33,32+,ARI,6,233,14,14
PaulPosluszny33JAX2017,Paul Posluszny,2017,dl_lb,33,32+,JAX,5,190,16,11
SionePouha33NYJ2012,Sione Pouha,2012,dl_lb,33,32+,NYJ,6,249,12,10
KelvinPritchett33DET2002,Kelvin Pritchett,2002,dl_lb,33,32+,DET,1,114,16,4
TrevorPryce33BAL2008,Trevor Pryce,2008,dl_lb,33,32+,BAL,1,179,16,16
SheltonQuarles33TAM2004,Shelton Quarles,2004,dl_lb,33,32+,TAM,Undrafted,Undrafted,15,15
JohnRandle*33MIN2000,John Randle*,2000,dl_lb,33,32+,MIN,Undrafted,Undrafted,16,16
JayRatliff33CHI2014,Jay Ratliff,2014,dl_lb,33,32+,CHI,10,140,11,11
CoryRedding33IND2013,Cory Redding,2013,dl_lb,33,32+,IND,6,225,15,15
IkeReese33ATL2006,Ike Reese,2006,dl_lb,33,32+,ATL,8,50,16,0
SimeonRice332TM2007,Simeon Rice,2007,dl_lb,33,32+,2TM,1,182,8,1
FredRobbins33STL2010,Fred Robbins,2010,dl_lb,33,32+,STL,5,213,16,16
BryanRobinson33CIN2007,Bryan Robinson,2007,dl_lb,33,32+,CIN,Undrafted,Undrafted,16,4
BrianRobison33MIN2016,Brian Robison,2016,dl_lb,33,32+,MIN,7,6,16,16
DerrickRodgers33NOR2004,Derrick Rodgers,2004,dl_lb,33,32+,NOR,6,254,8,8
SamRogers33ATL2003,Sam Rogers,2003,dl_lb,33,32+,ATL,5,223,2,2
OrpheusRoye33CLE2006,Orpheus Roye,2006,dl_lb,33,32+,CLE,9,115,9,9
FrosteeRucker33ARI2016,Frostee Rucker,2016,dl_lb,33,32+,ARI,6,253,13,1
WarrenSapp*33OAK2005,Warren Sapp*,2005,dl_lb,33,32+,OAK,1,25,10,10
JuniorSeau*33SDG2002,Junior Seau*,2002,dl_lb,33,32+,SDG,1,207,13,13
RichardSeymour33OAK2012,Richard Seymour,2012,dl_lb,33,32+,OAK,1,218,8,8
ScottShanle33NOR2012,Scott Shanle,2012,dl_lb,33,32+,NOR,10,170,7,6
MarkSimoneau33KAN2010,Mark Simoneau,2010,dl_lb,33,32+,KAN,6,226,1,0
MichaelSinclair33SEA2001,Michael Sinclair,2001,dl_lb,33,32+,SEA,9,64,16,16
TonySiragusa33BAL2000,Tony Siragusa,2000,dl_lb,33,32+,BAL,Undrafted,Undrafted,15,15
AaronSmith33PIT2009,Aaron Smith,2009,dl_lb,33,32+,PIT,7,13,5,5
AntonioSmith33OAK2014,Antonio Smith,2014,dl_lb,33,32+,OAK,8,42,16,16
DarrinSmith33NOR2003,Darrin Smith,2003,dl_lb,33,32+,NOR,5,212,14,10
DarylSmith33BAL2015,Daryl Smith,2015,dl_lb,33,32+,BAL,5,195,16,16
DerekSmith332TM2008,Derek Smith,2008,dl_lb,33,32+,2TM,6,241,6,4
JustinSmith33SFO2012,Justin Smith,2012,dl_lb,33,32+,SFO,1,196,14,14
RobaireSmith33CLE2010,Robaire Smith,2010,dl_lb,33,32+,CLE,9,110,5,5
PaulSoliai33CAR2016,Paul Soliai,2016,dl_lb,33,32+,CAR,7,12,10,1
PaulSpicer33JAX2008,Paul Spicer,2008,dl_lb,33,32+,JAX,Undrafted,Undrafted,16,10
TakeoSpikes33SFO2009,Takeo Spikes,2009,dl_lb,33,32+,SFO,1,36,15,15
GregSpires33TAM2007,Greg Spires,2007,dl_lb,33,32+,TAM,6,244,10,8
GaryStills33BAL2007,Gary Stills,2007,dl_lb,33,32+,BAL,6,235,16,0
MichaelStrahan*33NYG2004,Michael Strahan*,2004,dl_lb,33,32+,NYG,5,197,8,8
DanaStubblefield33OAK2003,Dana Stubblefield,2003,dl_lb,33,32+,OAK,1,174,8,6
TerrellSuggs33BAL2015,Terrell Suggs,2015,dl_lb,33,32+,BAL,1,3,1,1
ShaunSuisham33PIT2014,Shaun Suisham,2014,dl_lb,33,32+,PIT,Undrafted,Undrafted,16,0
DarrylTapp33TAM2017,Darryl Tapp,2017,dl_lb,33,32+,TAM,5,222,3,1
JasonTaylor*33MIA2007,Jason Taylor*,2007,dl_lb,33,32+,MIA,6,233,16,16
BryanThomas33NYJ2012,Bryan Thomas,2012,dl_lb,33,32+,NYJ,1,135,12,10
HollisThomas33NOR2007,Hollis Thomas,2007,dl_lb,33,32+,NOR,Undrafted,Undrafted,16,14
WilliamThomas33OAK2001,William Thomas,2001,dl_lb,33,32+,OAK,7,8,16,15
ZachThomas33MIA2006,Zach Thomas,2006,dl_lb,33,32+,MIA,8,63,16,16
KeithTraylor33CHI2002,Keith Traylor,2002,dl_lb,33,32+,CHI,6,220,15,15
OsiUmenyiora33ATL2014,Osi Umenyiora,2014,dl_lb,33,32+,ATL,5,214,16,0
BrianUrlacher*33CHI2011,Brian Urlacher*,2011,dl_lb,33,32+,CHI,1,251,16,16
KyleVanden Bosch33DET2011,Kyle Vanden Bosch,2011,dl_lb,33,32+,DET,5,190,16,16
Kimovon Oelhoffen33PIT2004,Kimo von Oelhoffen,2004,dl_lb,33,32+,PIT,9,72,16,15
MikeVrabel33NWE2008,Mike Vrabel,2008,dl_lb,33,32+,NWE,6,253,16,14
CameronWake33MIA2015,Cameron Wake,2015,dl_lb,33,32+,MIA,Undrafted,Undrafted,7,7
DeMarcusWare33DEN2015,DeMarcus Ware,2015,dl_lb,33,32+,DEN,1,14,11,10
TedWashington33CHI2001,Ted Washington,2001,dl_lb,33,32+,CHI,1,168,16,15
LarryWebster33NYJ2002,Larry Webster,2002,dl_lb,33,32+,NYJ,6,230,14,0
WillieWhitehead33NOR2006,Willie Whitehead,2006,dl_lb,33,32+,NOR,Undrafted,Undrafted,12,3
VinceWilfork33NWE2014,Vince Wilfork,2014,dl_lb,33,32+,NWE,1,124,16,16
DanWilkinson33MIA2006,Dan Wilkinson,2006,dl_lb,33,32+,MIA,1,2,10,0
JamalWilliams33SDG2009,Jamal Williams,2009,dl_lb,33,32+,SDG,5,113,1,1
JayWilliams33MIA2004,Jay Williams,2004,dl_lb,33,32+,MIA,Undrafted,Undrafted,16,1
KevinWilliams33MIN2013,Kevin Williams,2013,dl_lb,33,32+,MIN,1,251,15,15
KyleWilliams33BUF2016,Kyle Williams,2016,dl_lb,33,32+,BUF,8,41,15,15
PatWilliams33MIN2005,Pat Williams,2005,dl_lb,33,32+,MIN,Undrafted,Undrafted,16,16
WillWitherspoon33STL2013,Will Witherspoon,2013,dl_lb,33,32+,STL,6,233,16,3
RenaldoWynn33NOR2007,Renaldo Wynn,2007,dl_lb,33,32+,NOR,1,124,12,1
BryantYoung33SFO2005,Bryant Young,2005,dl_lb,33,32+,SFO,1,229,13,13
JeffZgonina33MIA2003,Jeff Zgonina,2003,dl_lb,33,32+,MIA,10,97,16,3
JohnAbraham34ATL2012,John Abraham,2012,dl_lb,34,32+,ATL,1,36,16,15
SamAdams34DEN2007,Sam Adams,2007,dl_lb,34,32+,DEN,1,240,11,11
ChidiAhanotu342TM2004,Chidi Ahanotu,2004,dl_lb,34,32+,2TM,9,53,13,5
LorenzoAlexander34BUF2017,Lorenzo Alexander,2017,dl_lb,34,32+,BUF,Undrafted,Undrafted,16,11
KenAmato34TEN2011,Ken Amato,2011,dl_lb,34,32+,TEN,Undrafted,Undrafted,16,0
BrendonAyanbadejo34BAL2010,Brendon Ayanbadejo,2010,dl_lb,34,32+,BAL,Undrafted,Undrafted,10,0
JasonBabin34NYJ2014,Jason Babin,2014,dl_lb,34,32+,NYJ,1,178,16,4
JonathanBabineaux34ATL2015,Jonathan Babineaux,2015,dl_lb,34,32+,ATL,5,217,16,4
JustinBannan34DET2013,Justin Bannan,2013,dl_lb,34,32+,DET,8,46,3,0
BertrandBerry34ARI2009,Bertrand Berry,2009,dl_lb,34,32+,ARI,6,247,15,5
GregBiekert34MIN2003,Greg Biekert,2003,dl_lb,34,32+,MIN,10,93,16,16
VaughnBooker34CIN2002,Vaughn Booker,2002,dl_lb,34,32+,CIN,Undrafted,Undrafted,6,5
AlfonsoBoone34SDG2010,Alfonso Boone,2010,dl_lb,34,32+,SDG,10,172,3,0
LanceBriggs34CHI2014,Lance Briggs,2014,dl_lb,34,32+,CHI,6,227,8,8
KeithBrooking34DAL2009,Keith Brooking,2009,dl_lb,34,32+,DAL,1,25,16,14
DerrickBrooks*34TAM2007,Derrick Brooks*,2007,dl_lb,34,32+,TAM,1,179,16,16
ChadBrown34SEA2004,Chad Brown,2004,dl_lb,34,32+,SEA,5,201,7,7
TedyBruschi34NWE2007,Tedy Bruschi,2007,dl_lb,34,32+,NWE,6,247,16,16
BrentsonBuckner34CAR2005,Brentson Buckner,2005,dl_lb,34,32+,CAR,5,208,16,16
RobBurnett34BAL2001,Rob Burnett,2001,dl_lb,34,32+,BAL,8,35,13,13
KeithBurns34DEN2006,Keith Burns,2006,dl_lb,34,32+,DEN,10,125,15,0
AndreCarter34NWE2013,Andre Carter,2013,dl_lb,34,32+,NWE,1,229,9,0
KevinCarter34TAM2007,Kevin Carter,2007,dl_lb,34,32+,TAM,1,218,16,14
ChrisClemons34JAX2015,Chris Clemons,2015,dl_lb,34,32+,JAX,Undrafted,Undrafted,16,8
DexterCoakley34STL2006,Dexter Coakley,2006,dl_lb,34,32+,STL,6,224,16,5
ColinCole34CAR2014,Colin Cole,2014,dl_lb,34,32+,CAR,Undrafted,Undrafted,16,10
TrentCole34IND2016,Trent Cole,2016,dl_lb,34,32+,IND,8,54,7,4
MarcoColeman34PHI2003,Marco Coleman,2003,dl_lb,34,32+,PHI,1,25,13,0
BryanCox34NOR2002,Bryan Cox,2002,dl_lb,34,32+,NOR,8,18,9,1
PhillipDaniels34WAS2007,Phillip Daniels,2007,dl_lb,34,32+,WAS,7,261,15,15
KarlosDansby34CLE2015,Karlos Dansby,2015,dl_lb,34,32+,CLE,5,189,16,16
ChartricDarby34DET2009,Chartric Darby,2009,dl_lb,34,32+,DET,Undrafted,Undrafted,2,0
DonDavis34NWE2006,Don Davis,2006,dl_lb,34,32+,NWE,Undrafted,Undrafted,12,0
ThomasDavis34CAR2017,Thomas Davis,2017,dl_lb,34,32+,CAR,1,47,15,15
DonnieEdwards34KAN2007,Donnie Edwards,2007,dl_lb,34,32+,KAN,7,260,16,16
DwanEdwards34CAR2015,Dwan Edwards,2015,dl_lb,34,32+,CAR,5,209,12,0
GregEllis34OAK2009,Greg Ellis,2009,dl_lb,34,32+,OAK,1,240,14,14
ShaunEllis34NWE2011,Shaun Ellis,2011,dl_lb,34,32+,NWE,1,25,14,10
JamesFarrior34PIT2009,James Farrior,2009,dl_lb,34,32+,PIT,1,240,16,16
JasonFerguson34MIA2008,Jason Ferguson,2008,dl_lb,34,32+,MIA,10,145,16,13
JasonFisk34STL2006,Jason Fisk,2006,dl_lb,34,32+,STL,10,161,16,0
LondonFletcher34WAS2009,London Fletcher,2009,dl_lb,34,32+,WAS,Undrafted,Undrafted,16,16
LarryFoote34ARI2014,Larry Foote,2014,dl_lb,34,32+,ARI,7,34,15,15
DwightFreeney34SDG2014,Dwight Freeney,2014,dl_lb,34,32+,SDG,1,14,16,9
La'RoiGlover34STL2008,La'Roi Glover,2008,dl_lb,34,32+,STL,8,76,16,9
RandallGodfrey34WAS2007,Randall Godfrey,2007,dl_lb,34,32+,WAS,5,206,11,4
KellyGregg34BAL2010,Kelly Gregg,2010,dl_lb,34,32+,BAL,9,84,16,16
ClarkHaggans34ARI2011,Clark Haggans,2011,dl_lb,34,32+,ARI,8,44,16,16
TambaHali34KAN2017,Tamba Hali,2017,dl_lb,34,32+,KAN,1,114,5,0
JamesHall34STL2011,James Hall,2011,dl_lb,34,32+,STL,Undrafted,Undrafted,15,15
BobbyHamilton34OAK2005,Bobby Hamilton,2005,dl_lb,34,32+,OAK,Undrafted,Undrafted,14,13
CaseyHampton34PIT2011,Casey Hampton,2011,dl_lb,34,32+,PIT,1,102,13,12
JamesHarrison34PIT2012,James Harrison,2012,dl_lb,34,32+,PIT,Undrafted,Undrafted,13,13
RichardHarvey34SDG2000,Richard Harvey,2000,dl_lb,34,32+,SDG,3,185,8,0
ChrisHoke34PIT2010,Chris Hoke,2010,dl_lb,34,32+,PIT,Undrafted,Undrafted,15,1
VonnieHolliday34DEN2009,Vonnie Holliday,2009,dl_lb,34,32+,DEN,1,102,16,3
LarryIzzo34NWE2008,Larry Izzo,2008,dl_lb,34,32+,NWE,Undrafted,Undrafted,16,0
GradyJackson342TM2007,Grady Jackson,2007,dl_lb,34,32+,2TM,9,106,16,7
TyokaJackson34STL2005,Tyoka Jackson,2005,dl_lb,34,32+,STL,Undrafted,Undrafted,16,2
CullenJenkins34NYG2015,Cullen Jenkins,2015,dl_lb,34,32+,NYG,Undrafted,Undrafted,16,14
DerrickJohnson34KAN2016,Derrick Johnson,2016,dl_lb,34,32+,KAN,1,58,13,13
RayleeJohnson34DEN2004,Raylee Johnson,2004,dl_lb,34,32+,DEN,7,257,14,1
TomJohnson342TM2018,Tom Johnson,2018,dl_lb,34,32+,2TM,Undrafted,Undrafted,6,1
BrettKeisel34PIT2012,Brett Keisel,2012,dl_lb,34,32+,PIT,10,160,16,16
TommyKelly34ARI2014,Tommy Kelly,2014,dl_lb,34,32+,ARI,Undrafted,Undrafted,16,13
TravisKirschke34PIT2008,Travis Kirschke,2008,dl_lb,34,32+,PIT,Undrafted,Undrafted,16,6
JasonKyle34CAR2006,Jason Kyle,2006,dl_lb,34,32+,CAR,7,32,16,0
ParisLenon34ARI2011,Paris Lenon,2011,dl_lb,34,32+,ARI,Undrafted,Undrafted,16,16
MoLewis34NYJ2003,Mo Lewis,2003,dl_lb,34,32+,NYJ,6,222,15,15
RayLewis*34BAL2009,Ray Lewis*,2009,dl_lb,34,32+,BAL,1,174,16,16
LeonardLittle34STL2008,Leonard Little,2008,dl_lb,34,32+,STL,6,224,14,5
RobertMathis34IND2015,Robert Mathis,2015,dl_lb,34,32+,IND,8,45,15,10
WillieMcGinest34NWE2005,Willie McGinest,2005,dl_lb,34,32+,NWE,1,196,16,16
ChesterMcGlockton34NYJ2003,Chester McGlockton,2003,dl_lb,34,32+,NYJ,1,69,16,0
HalotiNgata34PHI2018,Haloti Ngata,2018,dl_lb,34,32+,PHI,1,25,5,4
KenNorton34SFO2000,Ken Norton,2000,dl_lb,34,32+,SFO,5,198,16,16
CalvinPace34NYJ2014,Calvin Pace,2014,dl_lb,34,32+,NYJ,1,91,16,16
JuquaParker34CLE2012,Juqua Parker,2012,dl_lb,34,32+,CLE,Undrafted,Undrafted,16,0
JohnParrella34OAK2003,John Parrella,2003,dl_lb,34,32+,OAK,5,213,5,5
MarvcusPatton34KAN2001,Marvcus Patton,2001,dl_lb,34,32+,KAN,11,122,16,15
DomataPeko34DEN2018,Domata Peko,2018,dl_lb,34,32+,DEN,7,29,8,8
JuliusPeppers34GNB2014,Julius Peppers,2014,dl_lb,34,32+,GNB,1,113,16,16
MikePeterson34ATL2010,Mike Peterson,2010,dl_lb,34,32+,ATL,5,192,16,13
RomanPhifer34NWE2002,Roman Phifer,2002,dl_lb,34,32+,NWE,5,186,14,14
RyanPickett34GNB2013,Ryan Pickett,2013,dl_lb,34,32+,GNB,1,180,16,16
AnthonyPleasant34NWE2002,Anthony Pleasant,2002,dl_lb,34,32+,NWE,6,233,14,11
RobertPorcher34DET2003,Robert Porcher,2003,dl_lb,34,32+,DET,1,174,14,14
JoeyPorter34ARI2011,Joey Porter,2011,dl_lb,34,32+,ARI,6,233,6,6
KelvinPritchett34DET2003,Kelvin Pritchett,2003,dl_lb,34,32+,DET,1,114,13,0
TrevorPryce34BAL2009,Trevor Pryce,2009,dl_lb,34,32+,BAL,1,179,16,7
SheltonQuarles34TAM2005,Shelton Quarles,2005,dl_lb,34,32+,TAM,Undrafted,Undrafted,16,16
JohnRandle*34SEA2001,John Randle*,2001,dl_lb,34,32+,SEA,Undrafted,Undrafted,15,14
JayRatliff34CHI2015,Jay Ratliff,2015,dl_lb,34,32+,CHI,10,140,2,2
CoryRedding34IND2014,Cory Redding,2014,dl_lb,34,32+,IND,6,225,16,16
FredRobbins34STL2011,Fred Robbins,2011,dl_lb,34,32+,STL,5,213,15,15
BryanRobinson34ARI2008,Bryan Robinson,2008,dl_lb,34,32+,ARI,Undrafted,Undrafted,16,15
BrianRobison34MIN2017,Brian Robison,2017,dl_lb,34,32+,MIN,7,6,15,1
ShaunRogers34NYG2013,Shaun Rogers,2013,dl_lb,34,32+,NYG,5,220,7,2
BillRomanowski34DEN2000,Bill Romanowski,2000,dl_lb,34,32+,DEN,6,241,16,16
OrpheusRoye34CLE2007,Orpheus Roye,2007,dl_lb,34,32+,CLE,9,115,13,6
FrosteeRucker34ARI2017,Frostee Rucker,2017,dl_lb,34,32+,ARI,6,253,16,16
WarrenSapp*34OAK2006,Warren Sapp*,2006,dl_lb,34,32+,OAK,1,25,16,16
JuniorSeau*34MIA2003,Junior Seau*,2003,dl_lb,34,32+,MIA,1,207,15,15
MichaelSinclair34PHI2002,Michael Sinclair,2002,dl_lb,34,32+,PHI,9,64,4,0
TonySiragusa34BAL2001,Tony Siragusa,2001,dl_lb,34,32+,BAL,Undrafted,Undrafted,15,13
AaronSmith34PIT2010,Aaron Smith,2010,dl_lb,34,32+,PIT,7,13,6,6
AntonioSmith34DEN2015,Antonio Smith,2015,dl_lb,34,32+,DEN,8,42,16,0
DarrinSmith34NOR2004,Darrin Smith,2004,dl_lb,34,32+,NOR,5,212,3,0
DarylSmith34TAM2016,Daryl Smith,2016,dl_lb,34,32+,TAM,5,195,16,12
JustinSmith34SFO2013,Justin Smith,2013,dl_lb,34,32+,SFO,1,196,16,16
NeilSmith34SDG2000,Neil Smith,2000,dl_lb,34,32+,SDG,1,113,10,0
JimmySpencer34DEN2003,Jimmy Spencer,2003,dl_lb,34,32+,DEN,11,130,16,2
TakeoSpikes34SFO2010,Takeo Spikes,2010,dl_lb,34,32+,SFO,1,36,16,16
GaryStills34STL2008,Gary Stills,2008,dl_lb,34,32+,STL,6,235,14,0
MichaelStrahan*34NYG2005,Michael Strahan*,2005,dl_lb,34,32+,NYG,5,197,16,16
TerrellSuggs34BAL2016,Terrell Suggs,2016,dl_lb,34,32+,BAL,1,3,15,15
JasonTaylor*34WAS2008,Jason Taylor*,2008,dl_lb,34,32+,WAS,6,233,13,8
HollisThomas34NOR2008,Hollis Thomas,2008,dl_lb,34,32+,NOR,Undrafted,Undrafted,8,2
ZachThomas34MIA2007,Zach Thomas,2007,dl_lb,34,32+,MIA,8,63,5,5
KeithTraylor34CHI2003,Keith Traylor,2003,dl_lb,34,32+,CHI,6,220,10,10
BrianUrlacher*34CHI2012,Brian Urlacher*,2012,dl_lb,34,32+,CHI,1,251,12,12
KyleVanden Bosch34DET2012,Kyle Vanden Bosch,2012,dl_lb,34,32+,DET,5,190,16,16
Kimovon Oelhoffen34PIT2005,Kimo von Oelhoffen,2005,dl_lb,34,32+,PIT,9,72,16,16
MikeVrabel34KAN2009,Mike Vrabel,2009,dl_lb,34,32+,KAN,6,253,14,14
CameronWake34MIA2016,Cameron Wake,2016,dl_lb,34,32+,MIA,Undrafted,Undrafted,16,11
DeMarcusWare34DEN2016,DeMarcus Ware,2016,dl_lb,34,32+,DEN,1,14,10,8
TedWashington34CHI2002,Ted Washington,2002,dl_lb,34,32+,CHI,1,168,2,2
VinceWilfork34HOU2015,Vince Wilfork,2015,dl_lb,34,32+,HOU,1,124,16,16
JamalWilliams34DEN2010,Jamal Williams,2010,dl_lb,34,32+,DEN,5,113,16,16
KevinWilliams34SEA2014,Kevin Williams,2014,dl_lb,34,32+,SEA,1,251,16,8
KyleWilliams34BUF2017,Kyle Williams,2017,dl_lb,34,32+,BUF,8,41,16,16
PatWilliams34MIN2006,Pat Williams,2006,dl_lb,34,32+,MIN,Undrafted,Undrafted,16,16
RenaldoWynn34NYG2008,Renaldo Wynn,2008,dl_lb,34,32+,NYG,1,124,16,0
BryantYoung34SFO2006,Bryant Young,2006,dl_lb,34,32+,SFO,1,229,16,16
JeffZgonina34MIA2004,Jeff Zgonina,2004,dl_lb,34,32+,MIA,10,97,16,14
IsaakoAaitui26MIA2013,Isaako Aaitui,2013,dl_lb,26,25-28,MIA,Undrafted,Undrafted,4,0
JohnAbraham26NYJ2004,John Abraham,2004,dl_lb,26,25-28,NYJ,1,36,12,12
SamAcho26ARI2014,Sam Acho,2014,dl_lb,26,25-28,ARI,7,7,16,4
AnthonyAdams26SFO2006,Anthony Adams,2006,dl_lb,26,25-28,SFO,5,215,14,5
GainesAdams262TM2009,Gaines Adams,2009,dl_lb,26,25-28,2TM,1,196,15,5
KeithAdams26PHI2005,Keith Adams,2005,dl_lb,26,25-28,PHI,10,149,16,16
TitusAdams26NWE2009,Titus Adams,2009,dl_lb,26,25-28,NWE,10,136,2,0
TyrellAdams26HOU2018,Tyrell Adams,2018,dl_lb,26,25-28,HOU,Undrafted,Undrafted,3,0
MarioAddison26CAR2013,Mario Addison,2013,dl_lb,26,25-28,CAR,Undrafted,Undrafted,16,2
VictorAdeyanju26STL2009,Victor Adeyanju,2009,dl_lb,26,25-28,STL,7,18,10,1
XavierAdibi26HOU2010,Xavier Adibi,2010,dl_lb,26,25-28,HOU,7,23,11,3
DanielAdongo26IND2015,Daniel Adongo,2015,dl_lb,26,25-28,IND,Undrafted,Undrafted,3,0
VictorAiyewa26GNB2013,Victor Aiyewa,2013,dl_lb,26,25-28,GNB,Undrafted,Undrafted,5,0
IkaikaAlama-Francis26MIA2010,Ikaika Alama-Francis,2010,dl_lb,26,25-28,MIA,5,216,11,0
D.J.Alexander26SEA2017,D.J. Alexander,2017,dl_lb,26,25-28,SEA,8,83,12,0
EricAlexander26NWE2008,Eric Alexander,2008,dl_lb,26,25-28,NWE,Undrafted,Undrafted,1,0
LorenzoAlexander26WAS2009,Lorenzo Alexander,2009,dl_lb,26,25-28,WAS,Undrafted,Undrafted,16,0
BeauAllen26PHI2017,Beau Allen,2017,dl_lb,26,25-28,PHI,10,140,15,3
BrianAllen26CAR2004,Brian Allen,2004,dl_lb,26,25-28,CAR,6,244,14,0
JamesAllen26NOR2005,James Allen,2005,dl_lb,26,25-28,NOR,6,243,3,0
JaredAllen26MIN2008,Jared Allen,2008,dl_lb,26,25-28,MIN,7,32,16,16
KenderickAllen26NYG2004,Kenderick Allen,2004,dl_lb,26,25-28,NYG,Undrafted,Undrafted,5,2
RussellAllen26JAX2012,Russell Allen,2012,dl_lb,26,25-28,JAX,Undrafted,Undrafted,16,16
ColinAllred26TEN2009,Colin Allred,2009,dl_lb,26,25-28,TEN,Undrafted,Undrafted,12,2
KikoAlonso26MIA2016,Kiko Alonso,2016,dl_lb,26,25-28,MIA,5,203,15,15
JonAlston26OAK2009,Jon Alston,2009,dl_lb,26,25-28,OAK,6,237,9,4
TysonAlualu26JAX2013,Tyson Alualu,2013,dl_lb,26,25-28,JAX,1,3,16,16
CharlieAnderson26HOU2007,Charlie Anderson,2007,dl_lb,26,25-28,HOU,9,115,16,5
HenryAnderson26IND2017,Henry Anderson,2017,dl_lb,26,25-28,IND,6,255,9,8
JamaalAnderson26CIN2012,Jamaal Anderson,2012,dl_lb,26,25-28,CIN,1,240,2,0
JamesAnderson26CAR2009,James Anderson,2009,dl_lb,26,25-28,CAR,6,249,16,7
JonathanAnderson26CHI2017,Jonathan Anderson,2017,dl_lb,26,25-28,CHI,Undrafted,Undrafted,12,0
MarkAnderson26CHI2009,Mark Anderson,2009,dl_lb,26,25-28,CHI,8,68,16,2
TimAnderson26BUF2006,Tim Anderson,2006,dl_lb,26,25-28,BUF,6,234,15,5
PatAngerer26IND2013,Pat Angerer,2013,dl_lb,26,25-28,IND,5,222,11,9
EzekielAnsah26DET2015,Ezekiel Ansah,2015,dl_lb,26,25-28,DET,1,207,16,16
StephoneAnthony26MIA2018,Stephone Anthony,2018,dl_lb,26,25-28,MIA,1,186,8,0
AntwanApplewhite26CAR2011,Antwan Applewhite,2011,dl_lb,26,25-28,CAR,Undrafted,Undrafted,12,1
Ray-RayArmstrong262TM2017,Ray-Ray Armstrong,2017,dl_lb,26,25-28,2TM,Undrafted,Undrafted,15,6
LaVarArrington26WAS2004,LaVar Arrington,2004,dl_lb,26,25-28,WAS,1,113,4,2
GenoAtkins26CIN2014,Geno Atkins,2014,dl_lb,26,25-28,CIN,7,26,16,16
JamesAtkins26SFO2004,James Atkins,2004,dl_lb,26,25-28,SFO,Undrafted,Undrafted,3,0
LarryAtkins26KAN2001,Larry Atkins,2001,dl_lb,26,25-28,KAN,6,245,12,0
DenicoAutry26OAK2016,Denico Autry,2016,dl_lb,26,25-28,OAK,Undrafted,Undrafted,16,7
CliffAvril26DET2012,Cliff Avril,2012,dl_lb,26,25-28,DET,6,254,16,16
AkeemAyers26STL2015,Akeem Ayers,2015,dl_lb,26,25-28,STL,5,195,16,11
RobertAyers26DEN2011,Robert Ayers,2011,dl_lb,26,25-28,DEN,1,91,16,13
AkinAyodele26JAX2005,Akin Ayodele,2005,dl_lb,26,25-28,JAX,6,250,16,11
RemiAyodele26NOR2009,Remi Ayodele,2009,dl_lb,26,25-28,NOR,Undrafted,Undrafted,15,13
JasonBabin26HOU2006,Jason Babin,2006,dl_lb,26,25-28,HOU,1,178,15,3
JonathanBabineaux26ATL2007,Jonathan Babineaux,2007,dl_lb,26,25-28,ATL,5,217,14,9
AllenBailey26KAN2015,Allen Bailey,2015,dl_lb,26,25-28,KAN,6,247,12,12
BossBailey26DET2005,Boss Bailey,2005,dl_lb,26,25-28,DET,5,190,11,11
PatrickBailey26TEN2011,Patrick Bailey,2011,dl_lb,26,25-28,TEN,Undrafted,Undrafted,15,0
RodneyBailey26SEA2005,Rodney Bailey,2005,dl_lb,26,25-28,SEA,9,93,8,0
ChrisBaker26WAS2013,Chris Baker,2013,dl_lb,26,25-28,WAS,Undrafted,Undrafted,15,3
RyanBaker26MIA2010,Ryan Baker,2010,dl_lb,26,25-28,MIA,Undrafted,Undrafted,9,0
KentwanBalmer26WAS2012,Kentwan Balmer,2012,dl_lb,26,25-28,WAS,1,180,0,NA
JustinBannan26BUF2005,Justin Bannan,2005,dl_lb,26,25-28,BUF,8,46,16,7
TullyBanta-Cain26NWE2006,Tully Banta-Cain,2006,dl_lb,26,25-28,NWE,10,156,16,5
ShawnBarber26WAS2001,Shawn Barber,2001,dl_lb,26,25-28,WAS,7,18,3,3
AntwanBarnes262TM2010,Antwan Barnes,2010,dl_lb,26,25-28,2TM,7,41,13,0
T.J.Barnes26KAN2016,T.J. Barnes,2016,dl_lb,26,25-28,KAN,Undrafted,Undrafted,5,0
NickBarnett26GNB2007,Nick Barnett,2007,dl_lb,26,25-28,GNB,1,180,16,16
AnthonyBarr26MIN2018,Anthony Barr,2018,dl_lb,26,25-28,MIN,1,251,7,7
ShaquilBarrett26DEN2018,Shaquil Barrett,2018,dl_lb,26,25-28,DEN,Undrafted,Undrafted,8,0
SamBarrington262TM2016,Sam Barrington,2016,dl_lb,26,25-28,2TM,10,149,7,0
RonBartell26STL2008,Ron Bartell,2008,dl_lb,26,25-28,STL,5,208,16,15
EricBarton26OAK2003,Eric Barton,2003,dl_lb,26,25-28,OAK,8,54,16,16
JoploBartu26ARI2016,Joplo Bartu,2016,dl_lb,26,25-28,ARI,Undrafted,Undrafted,7,0
ConnorBarwin26HOU2012,Connor Barwin,2012,dl_lb,26,25-28,HOU,5,203,16,16
DavidBass26TEN2016,David Bass,2016,dl_lb,26,25-28,TEN,10,150,13,0
DarenBates26OAK2016,Daren Bates,2016,dl_lb,26,25-28,OAK,Undrafted,Undrafted,16,0
VicBeasley26ATL2018,Vic Beasley,2018,dl_lb,26,25-28,ATL,1,240,7,6
JonBeason26CAR2011,Jon Beason,2011,dl_lb,26,25-28,CAR,1,168,1,1
MontyBeisel26KAN2004,Monty Beisel,2004,dl_lb,26,25-28,KAN,7,11,11,9
KendrellBell26KAN2006,Kendrell Bell,2006,dl_lb,26,25-28,KAN,5,195,16,14
MarcusBell26DET2005,Marcus Bell,2005,dl_lb,26,25-28,DET,7,29,15,0
NickBellore26SFO2015,Nick Bellore,2015,dl_lb,26,25-28,SFO,Undrafted,Undrafted,16,0
MarcusBenard26CLE2011,Marcus Benard,2011,dl_lb,26,25-28,CLE,Undrafted,Undrafted,4,0
MichaelBennett26TAM2011,Michael Bennett,2011,dl_lb,26,25-28,TAM,Undrafted,Undrafted,14,10
KevinBentley26SEA2005,Kevin Bentley,2005,dl_lb,26,25-28,SEA,7,5,15,3
RockyBernard26SEA2005,Rocky Bernard,2005,dl_lb,26,25-28,SEA,8,54,16,7
BertrandBerry26DEN2001,Bertrand Berry,2001,dl_lb,26,25-28,DEN,6,247,14,0
KroyBiermann26ATL2011,Kroy Biermann,2011,dl_lb,26,25-28,ATL,8,63,16,1
RyonBingham26SDG2007,Ryon Bingham,2007,dl_lb,26,25-28,SDG,10,118,16,2
DesmondBishop26GNB2010,Desmond Bishop,2010,dl_lb,26,25-28,GNB,9,105,15,12
FreddieBishop26NYJ2016,Freddie Bishop,2016,dl_lb,26,25-28,NYJ,Undrafted,Undrafted,4,3
QuincyBlack26TAM2010,Quincy Black,2010,dl_lb,26,25-28,TAM,6,227,11,10
ChaseBlackburn26NYG2009,Chase Blackburn,2009,dl_lb,26,25-28,NYG,Undrafted,Undrafted,16,7
AngeloBlackson26HOU2018,Angelo Blackson,2018,dl_lb,26,25-28,HOU,7,4,8,2
H.B.Blades26WAS2010,H.B. Blades,2010,dl_lb,26,25-28,WAS,9,90,16,1
ColbyBockwoldt26CLE2007,Colby Bockwoldt,2007,dl_lb,26,25-28,CLE,10,158,1,0
RockyBoiman26IND2006,Rocky Boiman,2006,dl_lb,26,25-28,IND,7,40,16,1
MichaelBoley26ATL2008,Michael Boley,2008,dl_lb,26,25-28,ATL,8,70,16,12
AlfonsoBoone26CHI2002,Alfonso Boone,2002,dl_lb,26,25-28,CHI,10,172,16,5
DorianBoose26NYJ2000,Dorian Boose,2000,dl_lb,26,25-28,NYJ,5,214,10,0
ChrisBordano26ATL2000,Chris Bordano,2000,dl_lb,26,25-28,ATL,9,71,2,0
RyanBoschetti26WAS2007,Ryan Boschetti,2007,dl_lb,26,25-28,WAS,Undrafted,Undrafted,1,0
JonathanBostic26IND2017,Jonathan Bostic,2017,dl_lb,26,25-28,IND,5,208,14,14
KyleBosworth26JAX2012,Kyle Bosworth,2012,dl_lb,26,25-28,JAX,Undrafted,Undrafted,16,5
PeterBoulware26BAL2000,Peter Boulware,2000,dl_lb,26,25-28,BAL,1,196,16,15
StephenBowen26DAL2010,Stephen Bowen,2010,dl_lb,26,25-28,DAL,Undrafted,Undrafted,16,9
DavidBowens26MIA2003,David Bowens,2003,dl_lb,26,25-28,MIA,8,67,4,0
NaVorroBowman26SFO2014,NaVorro Bowman,2014,dl_lb,26,25-28,SFO,6,253,0,NA
JoshBoyd26GNB2015,Josh Boyd,2015,dl_lb,26,25-28,GNB,8,77,2,0
RonBrace26NWE2012,Ron Brace,2012,dl_lb,26,25-28,NWE,5,197,10,0
TonyBrackens26JAX2000,Tony Brackens,2000,dl_lb,26,25-28,JAX,5,189,16,16
GaryBrackett26IND2006,Gary Brackett,2006,dl_lb,26,25-28,IND,Undrafted,Undrafted,14,14
AllenBradford262TM2014,Allen Bradford,2014,dl_lb,26,25-28,2TM,9,99,1,0
NigelBradham26BUF2015,Nigel Bradham,2015,dl_lb,26,25-28,BUF,7,9,11,11
BryanBraman26HOU2013,Bryan Braman,2013,dl_lb,26,25-28,HOU,Undrafted,Undrafted,16,0
AlanBranch26ARI2010,Alan Branch,2010,dl_lb,26,25-28,ARI,5,189,16,3
AndreBranch26JAX2015,Andre Branch,2015,dl_lb,26,25-28,JAX,5,194,13,10
TylerBrayton26OAK2005,Tyler Brayton,2005,dl_lb,26,25-28,OAK,1,187,16,3
JoshBrent26DAL2014,Josh Brent,2014,dl_lb,26,25-28,DAL,10,1,1,0
LanceBriggs26CHI2006,Lance Briggs,2006,dl_lb,26,25-28,CHI,6,227,16,16
RaheemBrock26IND2004,Raheem Brock,2004,dl_lb,26,25-28,IND,10,155,16,16
MichaelBrockers26LAR2016,Michael Brockers,2016,dl_lb,26,25-28,LAR,1,47,14,14
MasonBrodine26STL2014,Mason Brodine,2014,dl_lb,26,25-28,STL,Undrafted,Undrafted,0,NA
LorenzoBromell26MIA2001,Lorenzo Bromell,2001,dl_lb,26,25-28,MIA,7,6,16,1
JayBromley26NOR2018,Jay Bromley,2018,dl_lb,26,25-28,NOR,6,234,2,0
KeithBrooking26ATL2001,Keith Brooking,2001,dl_lb,26,25-28,ATL,1,25,16,16
AhmadBrooks26SFO2010,Ahmad Brooks,2010,dl_lb,26,25-28,SFO,6,1,15,1
BobbyBrooks26JAX2002,Bobby Brooks,2002,dl_lb,26,25-28,JAX,Undrafted,Undrafted,3,0
AlexBrown26CHI2005,Alex Brown,2005,dl_lb,26,25-28,CHI,7,8,16,16
CourtneyBrown26CLE2004,Courtney Brown,2004,dl_lb,26,25-28,CLE,1,2,2,2
EveretteBrown26DAL2013,Everette Brown,2013,dl_lb,26,25-28,DAL,5,200,7,0
JonathanBrown26STL2001,Jonathan Brown,2001,dl_lb,26,25-28,STL,6,252,3,0
KourtneiBrown262TM2014,Kourtnei Brown,2014,dl_lb,26,25-28,2TM,Undrafted,Undrafted,0,NA
PrestonBrown26CIN2018,Preston Brown,2018,dl_lb,26,25-28,CIN,6,233,6,6
RickyBrown26OAK2009,Ricky Brown,2009,dl_lb,26,25-28,OAK,Undrafted,Undrafted,5,5
TonyBrown262TM2006,Tony Brown,2006,dl_lb,26,25-28,2TM,Undrafted,Undrafted,13,2
ZachBrown26TEN2015,Zach Brown,2015,dl_lb,26,25-28,TEN,5,210,16,5
KeithBrowner26HOU2014,Keith Browner,2014,dl_lb,26,25-28,HOU,Undrafted,Undrafted,3,0
CopelandBryan26DET2009,Copeland Bryan,2009,dl_lb,26,25-28,DET,Undrafted,Undrafted,5,1
AnthonyBryant26MIA2007,Anthony Bryant,2007,dl_lb,26,25-28,MIA,9,89,1,0
ArmontyBryant26DET2016,Armonty Bryant,2016,dl_lb,26,25-28,DET,10,132,5,0
CorbinBryant26BUF2014,Corbin Bryant,2014,dl_lb,26,25-28,BUF,Undrafted,Undrafted,16,0
DesmondBryant26OAK2011,Desmond Bryant,2011,dl_lb,26,25-28,OAK,Undrafted,Undrafted,16,10
RedBryant26SEA2010,Red Bryant,2010,dl_lb,26,25-28,SEA,7,27,7,7
TonyBryant26OAK2002,Tony Bryant,2002,dl_lb,26,25-28,OAK,5,197,8,8
DeoneBucannon26ARI2018,Deone Bucannon,2018,dl_lb,26,25-28,ARI,1,178,8,3
KeithBulluck26TEN2003,Keith Bulluck,2003,dl_lb,26,25-28,TEN,1,183,16,16
TimBulman26HOU2008,Tim Bulman,2008,dl_lb,26,25-28,HOU,Undrafted,Undrafted,14,0
BrodrickBunkley26PHI2009,Brodrick Bunkley,2009,dl_lb,26,25-28,PHI,1,47,16,16
VontazeBurfict26CIN2016,Vontaze Burfict,2016,dl_lb,26,25-28,CIN,Undrafted,Undrafted,11,11
DerrickBurgess26PHI2004,Derrick Burgess,2004,dl_lb,26,25-28,PHI,6,222,12,11
PrescottBurgess26BAL2010,Prescott Burgess,2010,dl_lb,26,25-28,BAL,9,121,16,0
TomBurke26ARI2002,Tom Burke,2002,dl_lb,26,25-28,ARI,6,244,6,0
KevinBurnett26DAL2008,Kevin Burnett,2008,dl_lb,26,25-28,DAL,5,199,16,2
MilesBurris26OAK2014,Miles Burris,2014,dl_lb,26,25-28,OAK,7,35,16,16
AntwonBurton26CAR2009,Antwon Burton,2009,dl_lb,26,25-28,CAR,Undrafted,Undrafted,2,0
ShaneBurton26NYJ2000,Shane Burton,2000,dl_lb,26,25-28,NYJ,8,59,16,16
DonaldButler26SDG2014,Donald Butler,2014,dl_lb,26,25-28,SDG,6,239,14,13
JoshBynes26DET2015,Josh Bynes,2015,dl_lb,26,25-28,DET,Undrafted,Undrafted,16,11
ShiliqueCalhoun26OAK2018,Shilique Calhoun,2018,dl_lb,26,25-28,OAK,6,235,3,0
BryceCallahan26CHI2017,Bryce Callahan,2017,dl_lb,26,25-28,CHI,Undrafted,Undrafted,12,6
CalaisCampbell26ARI2012,Calais Campbell,2012,dl_lb,26,25-28,ARI,5,208,13,12
CalebCampbell26DET2010,Caleb Campbell,2010,dl_lb,26,25-28,DET,10,133,2,0
JordanCampbell26KAN2014,Jordan Campbell,2014,dl_lb,26,25-28,KAN,Undrafted,Undrafted,0,NA
KharyCampbell26WAS2005,Khary Campbell,2005,dl_lb,26,25-28,WAS,Undrafted,Undrafted,15,0
JamesCannida26TAM2001,James Cannida,2001,dl_lb,26,25-28,TAM,9,86,12,2
ChrisCanty26DAL2008,Chris Canty,2008,dl_lb,26,25-28,DAL,7,39,16,16
TankCarder26CLE2015,Tank Carder,2015,dl_lb,26,25-28,CLE,8,55,16,0
BobbyCarpenter26DAL2009,Bobby Carpenter,2009,dl_lb,26,25-28,DAL,1,91,16,2
TankCarradine26SFO2016,Tank Carradine,2016,dl_lb,26,25-28,SFO,5,197,13,0
AdamCarriker26WAS2010,Adam Carriker,2010,dl_lb,26,25-28,WAS,1,36,16,16
AlexCarrington26BUF2013,Alex Carrington,2013,dl_lb,26,25-28,BUF,6,232,3,3
LeonardoCarson262TM2003,Leonardo Carson,2003,dl_lb,26,25-28,2TM,7,18,13,0
AndreCarter26SFO2005,Andre Carter,2005,dl_lb,26,25-28,SFO,1,229,16,14
BruceCarter26DAL2014,Bruce Carter,2014,dl_lb,26,25-28,DAL,5,197,13,8
ChrisCarter262TM2015,Chris Carter,2015,dl_lb,26,25-28,2TM,8,72,15,0
DavidCarter26DAL2013,David Carter,2013,dl_lb,26,25-28,DAL,9,96,3,0
JurrellCasey26TEN2015,Jurrell Casey,2015,dl_lb,26,25-28,TEN,6,237,16,16
JonathanCasillas26TAM2013,Jonathan Casillas,2013,dl_lb,26,25-28,TAM,Undrafted,Undrafted,12,4
LuisCastillo26SDG2009,Luis Castillo,2009,dl_lb,26,25-28,SDG,1,179,14,14
MikeCatapano26NYJ2016,Mike Catapano,2016,dl_lb,26,25-28,NYJ,10,121,11,4
QuintonCaver26KAN2004,Quinton Caver,2004,dl_lb,26,25-28,KAN,5,213,16,4
JacquesCesaire26SDG2006,Jacques Cesaire,2006,dl_lb,26,25-28,SDG,Undrafted,Undrafted,16,10
ChrisChamberlain26STL2011,Chris Chamberlain,2011,dl_lb,26,25-28,STL,10,144,16,13
JamarChaney26PHI2012,Jamar Chaney,2012,dl_lb,26,25-28,PHI,10,136,14,5
StefanCharles26BUF2014,Stefan Charles,2014,dl_lb,26,25-28,BUF,Undrafted,Undrafted,16,1
JeffCharleston26NOR2009,Jeff Charleston,2009,dl_lb,26,25-28,NOR,Undrafted,Undrafted,16,0
MartinChase26NOR2000,Martin Chase,2000,dl_lb,26,25-28,NOR,8,30,9,0
MattChatham26NWE2003,Matt Chatham,2003,dl_lb,26,25-28,NWE,Undrafted,Undrafted,16,4
LarryChester26CAR2001,Larry Chester,2001,dl_lb,26,25-28,CAR,Undrafted,Undrafted,11,5
AnthonyChickillo26PIT2018,Anthony Chickillo,2018,dl_lb,26,25-28,PIT,9,127,7,0
BrandonChillar26GNB2008,Brandon Chillar,2008,dl_lb,26,25-28,GNB,7,37,14,7
PatrickChukwurah26DEN2005,Patrick Chukwurah,2005,dl_lb,26,25-28,DEN,8,66,14,0
VinnyCiurciu26CAR2006,Vinny Ciurciu,2006,dl_lb,26,25-28,CAR,Undrafted,Undrafted,16,0
ChrisClaiborne26MIN2004,Chris Claiborne,2004,dl_lb,26,25-28,MIN,1,251,12,12
KendrickClancy26PIT2004,Kendrick Clancy,2004,dl_lb,26,25-28,PIT,6,232,8,0
DannyClark26JAX2003,Danny Clark,2003,dl_lb,26,25-28,JAX,10,163,16,8
WillClarke26TAM2017,Will Clarke,2017,dl_lb,26,25-28,TAM,6,249,15,1
AdrianClayborn26TAM2014,Adrian Clayborn,2014,dl_lb,26,25-28,TAM,1,114,1,1
DeVoneClaybrooks26SFO2003,DeVone Claybrooks,2003,dl_lb,26,25-28,SFO,Undrafted,Undrafted,3,0
ChrisClemons26OAK2007,Chris Clemons,2007,dl_lb,26,25-28,OAK,Undrafted,Undrafted,16,2
DuaneClemons26KAN2000,Duane Clemons,2000,dl_lb,26,25-28,KAN,1,69,12,12
RichCoady26TEN2002,Rich Coady,2002,dl_lb,26,25-28,TEN,6,227,14,2
SherrodCoates26CLE2004,Sherrod Coates,2004,dl_lb,26,25-28,CLE,Undrafted,Undrafted,5,0
AntonioCochran26SEA2002,Antonio Cochran,2002,dl_lb,26,25-28,SEA,7,20,16,16
EarlCochran26HOU2007,Earl Cochran,2007,dl_lb,26,25-28,HOU,Undrafted,Undrafted,15,1
ShaunCody26HOU2009,Shaun Cody,2009,dl_lb,26,25-28,HOU,5,193,14,13
TerrenceCody26BAL2014,Terrence Cody,2014,dl_lb,26,25-28,BAL,5,215,1,0
BarryCofield26NYG2010,Barry Cofield,2010,dl_lb,26,25-28,NYG,7,30,16,16
AudieCole26MIN2015,Audie Cole,2015,dl_lb,26,25-28,MIN,10,125,7,1
ColinCole26GNB2006,Colin Cole,2006,dl_lb,26,25-28,GNB,Undrafted,Undrafted,15,3
TrentCole26PHI2008,Trent Cole,2008,dl_lb,26,25-28,PHI,8,54,16,16
DeandreColeman26BUF2017,Deandre Coleman,2017,dl_lb,26,25-28,BUF,Undrafted,Undrafted,6,0
KenyonColeman26DAL2005,Kenyon Coleman,2005,dl_lb,26,25-28,DAL,8,55,12,5
RoderickColeman26OAK2002,Roderick Coleman,2002,dl_lb,26,25-28,OAK,8,62,14,2
KevisColey26HOU2008,Kevis Coley,2008,dl_lb,26,25-28,HOU,Undrafted,Undrafted,3,0
StalinColinet26CLE2000,Stalin Colinet,2000,dl_lb,26,25-28,CLE,6,238,16,16
JamieCollins26NWE2015,Jamie Collins,2015,dl_lb,26,25-28,NWE,5,210,12,12
NateCollins26CHI2013,Nate Collins,2013,dl_lb,26,25-28,CHI,Undrafted,Undrafted,5,2
RoseveltColvin26NWE2003,Rosevelt Colvin,2003,dl_lb,26,25-28,NWE,7,16,2,2
ChrisCombs26JAX2002,Chris Combs,2002,dl_lb,26,25-28,JAX,9,84,2,0
TomCompton26WAS2015,Tom Compton,2015,dl_lb,26,25-28,WAS,9,106,13,2
WilliamCompton26WAS2015,William Compton,2015,dl_lb,26,25-28,WAS,Undrafted,Undrafted,16,10
KavellConner26IND2013,Kavell Conner,2013,dl_lb,26,25-28,IND,10,158,10,0
DanConnor26CAR2011,Dan Connor,2011,dl_lb,26,25-28,CAR,6,234,15,11
ChrisCooper26OAK2003,Chris Cooper,2003,dl_lb,26,25-28,OAK,9,96,16,9
JoshCooper26NOR2006,Josh Cooper,2006,dl_lb,26,25-28,NOR,Undrafted,Undrafted,5,1
MarquisCooper26OAK2008,Marquis Cooper,2008,dl_lb,26,25-28,OAK,6,239,8,0
StephenCooper26SDG2005,Stephen Cooper,2005,dl_lb,26,25-28,SDG,Undrafted,Undrafted,16,2
XavierCooper262TM2017,Xavier Cooper,2017,dl_lb,26,25-28,2TM,6,258,13,0
JorgeCordova262TM2007,Jorge Cordova,2007,dl_lb,26,25-28,2TM,6,247,4,0
BlakeCostanzo26CLE2010,Blake Costanzo,2010,dl_lb,26,25-28,CLE,Undrafted,Undrafted,10,0
SamCowart26BUF2001,Sam Cowart,2001,dl_lb,26,25-28,BUF,5,195,1,1
JamesCowser26OAK2016,James Cowser,2016,dl_lb,26,25-28,OAK,Undrafted,Undrafted,6,0
FletcherCox26PHI2016,Fletcher Cox,2016,dl_lb,26,25-28,PHI,1,25,16,16
BrockCoyle26SEA2016,Brock Coyle,2016,dl_lb,26,25-28,SEA,Undrafted,Undrafted,12,3
ShawnCrable26NWE2010,Shawn Crable,2010,dl_lb,26,25-28,NWE,6,238,6,0
JackCrawford26DAL2014,Jack Crawford,2014,dl_lb,26,25-28,DAL,8,67,6,0
TyroneCrawford26DAL2015,Tyrone Crawford,2015,dl_lb,26,25-28,DAL,6,242,16,16
JaredCrick26HOU2015,Jared Crick,2015,dl_lb,26,25-28,HOU,7,32,16,16
ChrisCrocker26ATL2006,Chris Crocker,2006,dl_lb,26,25-28,ATL,6,245,16,16
HenriCrockett26ATL2000,Henri Crockett,2000,dl_lb,26,25-28,ATL,7,4,15,12
ChanningCrowder26MIA2009,Channing Crowder,2009,dl_lb,26,25-28,MIA,6,230,13,13
TimCrowder26TAM2011,Tim Crowder,2011,dl_lb,26,25-28,TAM,5,214,10,0
AngeloCrowell26BUF2007,Angelo Crowell,2007,dl_lb,26,25-28,BUF,6,256,16,16
JermelleCudjo26STL2012,Jermelle Cudjo,2012,dl_lb,26,25-28,STL,Undrafted,Undrafted,15,4
DonteCurry26DET2004,Donte Curry,2004,dl_lb,26,25-28,DET,Undrafted,Undrafted,12,0
VinnyCurry26PHI2014,Vinny Curry,2014,dl_lb,26,25-28,PHI,5,217,16,0
CanuteCurtis26CIN2000,Canute Curtis,2000,dl_lb,26,25-28,CIN,9,87,15,0
BrianCushing26HOU2013,Brian Cushing,2013,dl_lb,26,25-28,HOU,1,58,7,7
JohnathanCyprien26JAX2016,Johnathan Cyprien,2016,dl_lb,26,25-28,JAX,5,189,16,16
LionalDalton26BAL2001,Lional Dalton,2001,dl_lb,26,25-28,BAL,Undrafted,Undrafted,16,3
MikeDaniels26GNB2015,Mike Daniels,2015,dl_lb,26,25-28,GNB,7,39,16,16
TorranceDaniels26NYG2007,Torrance Daniels,2007,dl_lb,26,25-28,NYG,Undrafted,Undrafted,4,0
KarlosDansby26ARI2007,Karlos Dansby,2007,dl_lb,26,25-28,ARI,5,189,14,14
ChartricDarby26TAM2001,Chartric Darby,2001,dl_lb,26,25-28,TAM,Undrafted,Undrafted,13,0
MarcellDareus26BUF2016,Marcell Dareus,2016,dl_lb,26,25-28,BUF,1,182,8,7
JamesDarling26PHI2000,James Darling,2000,dl_lb,26,25-28,PHI,5,215,16,0
LavonteDavid26TAM2016,Lavonte David,2016,dl_lb,26,25-28,TAM,5,216,16,16
AndraDavis26CLE2004,Andra Davis,2004,dl_lb,26,25-28,CLE,8,49,11,11
CarlDavis26CLE2018,Carl Davis,2018,dl_lb,26,25-28,CLE,6,252,4,0
ChaunceyDavis26ATL2009,Chauncey Davis,2009,dl_lb,26,25-28,ATL,7,34,16,4
DemarioDavis26NYJ2015,Demario Davis,2015,dl_lb,26,25-28,NYJ,6,237,16,16
DexterDavis26SEA2012,Dexter Davis,2012,dl_lb,26,25-28,SEA,10,153,0,NA
JamesDavis26DET2005,James Davis,2005,dl_lb,26,25-28,DET,8,52,16,14
RussellDavis26ARI2001,Russell Davis,2001,dl_lb,26,25-28,ARI,5,205,16,16
RyanDavis26JAX2015,Ryan Davis,2015,dl_lb,26,25-28,JAX,Undrafted,Undrafted,14,0
ThomasDavis26CAR2009,Thomas Davis,2009,dl_lb,26,25-28,CAR,1,47,7,7
ToddDavis26DEN2018,Todd Davis,2018,dl_lb,26,25-28,DEN,Undrafted,Undrafted,8,8
TyelerDavison26NOR2018,Tyeler Davison,2018,dl_lb,26,25-28,NOR,8,63,5,3
KeyuntaDawson26DET2011,Keyunta Dawson,2011,dl_lb,26,25-28,DET,10,160,2,0
BrandonDeaderick26JAX2013,Brandon Deaderick,2013,dl_lb,26,25-28,JAX,10,165,13,1
LarryDean26BUF2014,Larry Dean,2014,dl_lb,26,25-28,BUF,Undrafted,Undrafted,13,0
DomDeCicco26MIN2014,Dom DeCicco,2014,dl_lb,26,25-28,MIN,Undrafted,Undrafted,0,NA
RyanDelaire26SFO2018,Ryan Delaire,2018,dl_lb,26,25-28,SFO,Undrafted,Undrafted,1,0
JerryDeLoach26HOU2003,Jerry DeLoach,2003,dl_lb,26,25-28,HOU,Undrafted,Undrafted,16,16
RyanDenney26BUF2003,Ryan Denney,2003,dl_lb,26,25-28,BUF,5,220,16,13
AkeemDent26ATL2013,Akeem Dent,2013,dl_lb,26,25-28,ATL,6,253,15,7
ZakDeOssie26NYG2010,Zak DeOssie,2010,dl_lb,26,25-28,NYG,7,21,16,0
MikeDeVito26NYJ2010,Mike DeVito,2010,dl_lb,26,25-28,NYJ,Undrafted,Undrafted,16,11
JaredDeVries26DET2002,Jared DeVries,2002,dl_lb,26,25-28,DET,6,230,10,0
QuintonDial26SFO2016,Quinton Dial,2016,dl_lb,26,25-28,SFO,8,66,14,11
Na'ilDiggs26GNB2004,Na'il Diggs,2004,dl_lb,26,25-28,GNB,7,260,14,14
JohnDiGiorgio26BUF2008,John DiGiorgio,2008,dl_lb,26,25-28,BUF,Undrafted,Undrafted,6,0
ZachDiles262TM2011,Zach Diles,2011,dl_lb,26,25-28,2TM,10,133,11,0
PhillipDillard26SDG2012,Phillip Dillard,2012,dl_lb,26,25-28,SDG,7,20,0,NA
AdrianDingle26SDG2003,Adrian Dingle,2003,dl_lb,26,25-28,SDG,8,46,16,16
AntonioDixon26PHI2011,Antonio Dixon,2011,dl_lb,26,25-28,PHI,Undrafted,Undrafted,4,0
MarcusDixon26NYJ2010,Marcus Dixon,2010,dl_lb,26,25-28,NYJ,Undrafted,Undrafted,3,1
TimDobbins26SDG2008,Tim Dobbins,2008,dl_lb,26,25-28,SDG,8,60,16,8
DarnellDockett26ARI2007,Darnell Dockett,2007,dl_lb,26,25-28,ARI,6,223,16,16
AaronDonald26LAR2017,Aaron Donald,2017,dl_lb,26,25-28,LAR,1,36,14,14
GlennDorsey26KAN2011,Glenn Dorsey,2011,dl_lb,26,25-28,KAN,1,207,15,15
LionelDotson26BUF2011,Lionel Dotson,2011,dl_lb,26,25-28,BUF,10,163,5,0
MarquesDouglas26BAL2003,Marques Douglas,2003,dl_lb,26,25-28,BAL,Undrafted,Undrafted,16,16
LegerDouzable26TEN2012,Leger Douzable,2012,dl_lb,26,25-28,TEN,Undrafted,Undrafted,0,NA
EricDowning26SDG2004,Eric Downing,2004,dl_lb,26,25-28,SDG,6,235,3,0
ChrisDraft26ATL2002,Chris Draft,2002,dl_lb,26,25-28,ATL,9,66,15,5
Jo-LonnDunbar26NOR2011,Jo-Lonn Dunbar,2011,dl_lb,26,25-28,NOR,Undrafted,Undrafted,16,14
JamieDuncan26TAM2001,Jamie Duncan,2001,dl_lb,26,25-28,TAM,6,245,15,15
CarlosDunlap26CIN2015,Carlos Dunlap,2015,dl_lb,26,25-28,CIN,5,212,16,16
BrandonDunn26HOU2018,Brandon Dunn,2018,dl_lb,26,25-28,HOU,Undrafted,Undrafted,8,4
JustinDurant26DET2011,Justin Durant,2011,dl_lb,26,25-28,DET,5,205,13,12
NickDzubnar26LAC2017,Nick Dzubnar,2017,dl_lb,26,25-28,LAC,Undrafted,Undrafted,13,0
KonyEaly26NYJ2017,Kony Ealy,2017,dl_lb,26,25-28,NYJ,5,219,15,4
DominiqueEasley26LAR2018,Dominique Easley,2018,dl_lb,26,25-28,LAR,1,180,3,3
NickEason26CLE2006,Nick Eason,2006,dl_lb,26,25-28,CLE,7,19,13,3
KasimEdebali26NOR2015,Kasim Edebali,2015,dl_lb,26,25-28,NOR,Undrafted,Undrafted,16,1
DwanEdwards26BAL2007,Dwan Edwards,2007,dl_lb,26,25-28,BAL,5,209,16,13
KalimbaEdwards26DET2005,Kalimba Edwards,2005,dl_lb,26,25-28,DET,5,191,16,2
LavarEdwards262TM2016,Lavar Edwards,2016,dl_lb,26,25-28,2TM,8,50,10,0
RayEdwards26ATL2011,Ray Edwards,2011,dl_lb,26,25-28,ATL,7,33,16,16
RonEdwards26BUF2005,Ron Edwards,2005,dl_lb,26,25-28,BUF,6,236,4,4
PannelEgboh26TEN2012,Pannel Egboh,2012,dl_lb,26,25-28,TEN,Undrafted,Undrafted,6,0
IsaiahEkejiuba26OAK2007,Isaiah Ekejiuba,2007,dl_lb,26,25-28,OAK,Undrafted,Undrafted,10,0
EbenezerEkuban26DAL2002,Ebenezer Ekuban,2002,dl_lb,26,25-28,DAL,1,114,16,15
DannellEllerbe26BAL2011,Dannell Ellerbe,2011,dl_lb,26,25-28,BAL,Undrafted,Undrafted,9,3
JayroneElliott26DAL2017,Jayrone Elliott,2017,dl_lb,26,25-28,DAL,Undrafted,Undrafted,1,0
GregEllis26DAL2001,Greg Ellis,2001,dl_lb,26,25-28,DAL,1,240,16,16
JustinEllis26OAK2016,Justin Ellis,2016,dl_lb,26,25-28,OAK,7,11,16,4
KenrickEllis26NYJ2013,Kenrick Ellis,2013,dl_lb,26,25-28,NYJ,6,256,16,1
SedrickEllis26NOR2011,Sedrick Ellis,2011,dl_lb,26,25-28,NOR,1,229,15,15
ShaunEllis26NYJ2003,Shaun Ellis,2003,dl_lb,26,25-28,NYJ,1,25,16,16
KeithEllison26BUF2010,Keith Ellison,2010,dl_lb,26,25-28,BUF,9,89,8,2
KyleEmanuel26LAC2017,Kyle Emanuel,2017,dl_lb,26,25-28,LAC,8,62,16,11
JustinEna26PHI2003,Justin Ena,2003,dl_lb,26,25-28,PHI,Undrafted,Undrafted,16,0
JohnEngelberger26SFO2002,John Engelberger,2002,dl_lb,26,25-28,SFO,5,191,15,0
LarryEnglish26SDG2012,Larry English,2012,dl_lb,26,25-28,SDG,1,69,14,0
DemetricEvans26WAS2005,Demetric Evans,2005,dl_lb,26,25-28,WAS,Undrafted,Undrafted,16,3
FredEvans26MIN2009,Fred Evans,2009,dl_lb,26,25-28,MIN,10,127,13,0
TroyEvans26HOU2003,Troy Evans,2003,dl_lb,26,25-28,HOU,Undrafted,Undrafted,15,0
KylerFackrell26GNB2017,Kyler Fackrell,2017,dl_lb,26,25-28,GNB,6,249,16,2
NickFairley26DET2014,Nick Fairley,2014,dl_lb,26,25-28,DET,1,36,8,8
JonathanFanene26CIN2008,Jonathan Fanene,2008,dl_lb,26,25-28,CIN,10,150,16,4
JamesFarrior26NYJ2001,James Farrior,2001,dl_lb,26,25-28,NYJ,1,240,16,16
HeathFarwell26MIN2007,Heath Farwell,2007,dl_lb,26,25-28,MIN,Undrafted,Undrafted,16,0
GregFavors26TEN2000,Greg Favors,2000,dl_lb,26,25-28,TEN,7,26,16,15
TerrenceFede26MIA2017,Terrence Fede,2017,dl_lb,26,25-28,MIA,10,151,16,0
JasonFerguson26NYJ2000,Jason Ferguson,2000,dl_lb,26,25-28,NYJ,10,145,15,11
FrankFerrara26NYG2001,Frank Ferrara,2001,dl_lb,26,25-28,NYG,Undrafted,Undrafted,9,0
CarlosFields26SDG2016,Carlos Fields,2016,dl_lb,26,25-28,SDG,Undrafted,Undrafted,1,0
RonaldFields26SFO2007,Ronald Fields,2007,dl_lb,26,25-28,SFO,8,44,16,0
TevitaFinau26NYJ2012,Tevita Finau,2012,dl_lb,26,25-28,NYJ,Undrafted,Undrafted,0,NA
BryceFisher26STL2003,Bryce Fisher,2003,dl_lb,26,25-28,STL,10,166,16,1
DariusFleming26NWE2015,Darius Fleming,2015,dl_lb,26,25-28,NWE,8,75,6,0
DaneFletcher26NWE2012,Dane Fletcher,2012,dl_lb,26,25-28,NWE,Undrafted,Undrafted,0,NA
LondonFletcher26STL2001,London Fletcher,2001,dl_lb,26,25-28,STL,Undrafted,Undrafted,16,16
ErikFlowers26STL2004,Erik Flowers,2004,dl_lb,26,25-28,STL,1,174,9,0
MarquisFlowers26DET2018,Marquis Flowers,2018,dl_lb,26,25-28,DET,9,127,5,0
LeonardFloyd26CHI2018,Leonard Floyd,2018,dl_lb,26,25-28,CHI,1,251,7,7
AndreFluellen26DET2011,Andre Fluellen,2011,dl_lb,26,25-28,DET,6,248,13,0
MoiseFokou26PHI2011,Moise Fokou,2011,dl_lb,26,25-28,PHI,10,147,11,7
SteveFoley26CIN2001,Steve Foley,2001,dl_lb,26,25-28,CIN,6,235,12,12
LarryFoote26PIT2006,Larry Foote,2006,dl_lb,26,25-28,PIT,7,34,16,16
DeeFord26KAN2017,Dee Ford,2017,dl_lb,26,25-28,KAN,1,146,6,6
JacobFord26TEN2009,Jacob Ford,2009,dl_lb,26,25-28,TEN,9,118,15,0
JayForeman26HOU2002,Jay Foreman,2002,dl_lb,26,25-28,HOU,8,65,16,16
L.J.Fort26PIT2016,L.J. Fort,2016,dl_lb,26,25-28,PIT,Undrafted,Undrafted,14,0
EricFoster26IND2011,Eric Foster,2011,dl_lb,26,25-28,IND,Undrafted,Undrafted,4,3
MasonFoster26WAS2015,Mason Foster,2015,dl_lb,26,25-28,WAS,6,245,13,5
RyanFowler26TEN2008,Ryan Fowler,2008,dl_lb,26,25-28,TEN,Undrafted,Undrafted,16,3
KeyaronFox26PIT2008,Keyaron Fox,2008,dl_lb,26,25-28,PIT,6,255,13,0
RobFrancois26GNB2011,Rob Francois,2011,dl_lb,26,25-28,GNB,Undrafted,Undrafted,11,2
AubrayoFranklin26BAL2006,Aubrayo Franklin,2006,dl_lb,26,25-28,BAL,8,54,14,0
JerryFranklin262TM2014,Jerry Franklin,2014,dl_lb,26,25-28,2TM,Undrafted,Undrafted,11,0
AndreFrazier26PIT2008,Andre Frazier,2008,dl_lb,26,25-28,PIT,Undrafted,Undrafted,15,0
JerrellFreeman26IND2012,Jerrell Freeman,2012,dl_lb,26,25-28,IND,Undrafted,Undrafted,16,16
DwightFreeney26IND2006,Dwight Freeney,2006,dl_lb,26,25-28,IND,1,14,16,16
JonathanFreeny26NWE2015,Jonathan Freeny,2015,dl_lb,26,25-28,NWE,Undrafted,Undrafted,13,7
ByronFrisch26NYG2002,Byron Frisch,2002,dl_lb,26,25-28,NYG,6,255,10,0
SioneFua26CLE2014,Sione Fua,2014,dl_lb,26,25-28,CLE,6,259,11,0
ScottFujita26DAL2005,Scott Fujita,2005,dl_lb,26,25-28,DAL,8,51,16,8
AndrewGachkar26SDG2014,Andrew Gachkar,2014,dl_lb,26,25-28,SDG,10,151,15,5
OmarGaither26PHI2010,Omar Gaither,2010,dl_lb,26,25-28,PHI,8,78,14,2
JuniorGalette26NOR2014,Junior Galette,2014,dl_lb,26,25-28,NOR,Undrafted,Undrafted,16,13
ScottGalyon26MIA2000,Scott Galyon,2000,dl_lb,26,25-28,MIA,9,94,6,1
TrentGamble26MIA2003,Trent Gamble,2003,dl_lb,26,25-28,MIA,Undrafted,Undrafted,9,1
BarryGardner26PHI2002,Barry Gardner,2002,dl_lb,26,25-28,PHI,5,191,16,0
GilbertGardner262TM2008,Gilbert Gardner,2008,dl_lb,26,25-28,2TM,6,228,3,0
TerenceGarvin26SEA2017,Terence Garvin,2017,dl_lb,26,25-28,SEA,Undrafted,Undrafted,15,3
KabeerGbaja-Biamila26GNB2003,Kabeer Gbaja-Biamila,2003,dl_lb,26,25-28,GNB,8,57,16,16
CliftonGeathers26PHI2013,Clifton Geathers,2013,dl_lb,26,25-28,PHI,9,98,16,1
RobertGeathers26CIN2009,Robert Geathers,2009,dl_lb,26,25-28,CIN,7,22,15,15
WilliamGholston26TAM2017,William Gholston,2017,dl_lb,26,25-28,TAM,7,32,14,10
GaryGibson26CAR2008,Gary Gibson,2008,dl_lb,26,25-28,CAR,Undrafted,Undrafted,11,0
WallaceGilberry26KAN2010,Wallace Gilberry,2010,dl_lb,26,25-28,KAN,Undrafted,Undrafted,16,2
JarronGilbert26BUF2012,Jarron Gilbert,2012,dl_lb,26,25-28,BUF,6,227,0,NA
TonyGilbert26JAX2005,Tony Gilbert,2005,dl_lb,26,25-28,JAX,9,125,16,0
ChrisGizzi26GNB2001,Chris Gizzi,2001,dl_lb,26,25-28,GNB,Undrafted,Undrafted,12,1
JasonGlenn26MIA2005,Jason Glenn,2005,dl_lb,26,25-28,MIA,9,84,16,0
La'RoiGlover26NOR2000,La'Roi Glover,2000,dl_lb,26,25-28,NOR,8,76,16,16
JuniorGlymph26DAL2006,Junior Glymph,2006,dl_lb,26,25-28,DAL,Undrafted,Undrafted,2,0
ChrisGocong26PHI2009,Chris Gocong,2009,dl_lb,26,25-28,PHI,6,231,15,11
IanGold26TAM2004,Ian Gold,2004,dl_lb,26,25-28,TAM,5,197,16,13
JackGolden26TAM2003,Jack Golden,2003,dl_lb,26,25-28,TAM,Undrafted,Undrafted,4,0
KedricGolston26WAS2009,Kedric Golston,2009,dl_lb,26,25-28,WAS,9,109,16,5
JeffGooch26TAM2000,Jeff Gooch,2000,dl_lb,26,25-28,TAM,Undrafted,Undrafted,16,0
NajeeGoode26PHI2015,Najee Goode,2015,dl_lb,26,25-28,PHI,8,48,14,0
TavaresGooden26BAL2010,Tavares Gooden,2010,dl_lb,26,25-28,BAL,6,231,10,0
ZaviarGooden262TM2016,Zaviar Gooden,2016,dl_lb,26,25-28,2TM,6,259,8,0
MalliciahGoodman262TM2016,Malliciah Goodman,2016,dl_lb,26,25-28,2TM,7,33,3,0
AmonGordon262TM2007,Amon Gordon,2007,dl_lb,26,25-28,2TM,8,71,5,4
AdamGotsis26DEN2018,Adam Gotsis,2018,dl_lb,26,25-28,DEN,5,222,8,5
DavonHouse26JAX2015,Davon House,2015,dl_lb,26,25-28,JAX,7,38,16,16
JustinHouston26KAN2015,Justin Houston,2015,dl_lb,26,25-28,KAN,6,230,11,11
LamarrHouston26OAK2013,Lamarr Houston,2013,dl_lb,26,25-28,OAK,5,201,16,16
ChrisHovan26MIN2004,Chris Hovan,2004,dl_lb,26,25-28,MIN,1,168,13,9
BobbieHoward26CHI2003,Bobbie Howard,2003,dl_lb,26,25-28,CHI,Undrafted,Undrafted,3,0
DarrenHoward26NOR2002,Darren Howard,2002,dl_lb,26,25-28,NOR,5,189,16,16
JayeHoward26KAN2014,Jaye Howard,2014,dl_lb,26,25-28,KAN,7,19,16,10
ThomasHoward26OAK2009,Thomas Howard,2009,dl_lb,26,25-28,OAK,5,194,16,15
OrlandoHuff26SEA2004,Orlando Huff,2004,dl_lb,26,25-28,SEA,7,8,16,14
JerryHughes26BUF2014,Jerry Hughes,2014,dl_lb,26,25-28,BUF,1,186,16,16
JohnHughes26CLE2014,John Hughes,2014,dl_lb,26,25-28,CLE,6,248,5,3
MontoriHughes26NYG2016,Montori Hughes,2016,dl_lb,26,25-28,NYG,8,46,2,0
JoshHull26WAS2013,Josh Hull,2013,dl_lb,26,25-28,WAS,10,173,11,0
MikeHull26MIA2017,Mike Hull,2017,dl_lb,26,25-28,MIA,Undrafted,Undrafted,16,3
RamonHumber26NOR2013,Ramon Humber,2013,dl_lb,26,25-28,NOR,Undrafted,Undrafted,16,3
CletidusHunt26GNB2002,Cletidus Hunt,2002,dl_lb,26,25-28,GNB,6,256,14,14
MargusHunt26CIN2013,Margus Hunt,2013,dl_lb,26,25-28,CIN,5,211,10,0
PhillipHunt26PHI2012,Phillip Hunt,2012,dl_lb,26,25-28,PHI,Undrafted,Undrafted,13,0
JasonHunter26DET2009,Jason Hunter,2009,dl_lb,26,25-28,DET,Undrafted,Undrafted,14,9
MicahHyde26GNB2016,Micah Hyde,2016,dl_lb,26,25-28,GNB,8,68,16,11
GaylonHyder26STL2000,Gaylon Hyder,2000,dl_lb,26,25-28,STL,Undrafted,Undrafted,5,1
IsraelIdonije26CHI2006,Israel Idonije,2006,dl_lb,26,25-28,CHI,Undrafted,Undrafted,13,1
ClintIngram26JAX2009,Clint Ingram,2009,dl_lb,26,25-28,JAX,6,241,13,12
MelvinIngram26SDG2015,Melvin Ingram,2015,dl_lb,26,25-28,SDG,1,91,16,16
JuniorIoane26HOU2003,Junior Ioane,2003,dl_lb,26,25-28,HOU,7,11,13,4
GrantIrons26OAK2005,Grant Irons,2005,dl_lb,26,25-28,OAK,Undrafted,Undrafted,15,1
BruceIrvin26SEA2013,Bruce Irvin,2013,dl_lb,26,25-28,SEA,1,58,12,12
CorveyIrvin26JAX2011,Corvey Irvin,2011,dl_lb,26,25-28,JAX,6,255,4,0
NateIrving26DEN2014,Nate Irving,2014,dl_lb,26,25-28,DEN,6,226,8,8
KemalIshmael26ATL2017,Kemal Ishmael,2017,dl_lb,26,25-28,ATL,10,161,16,1
CoreyIvy26TAM2003,Corey Ivy,2003,dl_lb,26,25-28,TAM,Undrafted,Undrafted,16,2
BrianIwuh26CHI2010,Brian Iwuh,2010,dl_lb,26,25-28,CHI,Undrafted,Undrafted,16,1
LarryIzzo26MIA2000,Larry Izzo,2000,dl_lb,26,25-28,MIA,Undrafted,Undrafted,16,0
BradJackson26BAL2001,Brad Jackson,2001,dl_lb,26,25-28,BAL,6,239,16,5
BrandenJackson26SEA2018,Branden Jackson,2018,dl_lb,26,25-28,SEA,Undrafted,Undrafted,4,0
CoreyJackson26CLE2004,Corey Jackson,2004,dl_lb,26,25-28,CLE,Undrafted,Undrafted,1,0
D'QwellJackson26CLE2009,D'Qwell Jackson,2009,dl_lb,26,25-28,CLE,5,190,6,6
LawrenceJackson26DET2011,Lawrence Jackson,2011,dl_lb,26,25-28,DET,1,179,11,0
MalikJackson26JAX2016,Malik Jackson,2016,dl_lb,26,25-28,JAX,8,44,16,16
RobJackson26WAS2011,Rob Jackson,2011,dl_lb,26,25-28,WAS,10,160,16,0
TysonJackson26KAN2012,Tyson Jackson,2012,dl_lb,26,25-28,KAN,1,182,15,15
BenJacobs26CAR2014,Ben Jacobs,2014,dl_lb,26,25-28,CAR,Undrafted,Undrafted,16,0
BradieJames26DAL2007,Bradie James,2007,dl_lb,26,25-28,DAL,7,7,16,16
ErasmusJames26WAS2008,Erasmus James,2008,dl_lb,26,25-28,WAS,1,91,5,0
RobertJames26ATL2009,Robert James,2009,dl_lb,26,25-28,ATL,8,45,1,0
BrandonJamison26CAR2007,Brandon Jamison,2007,dl_lb,26,25-28,CAR,Undrafted,Undrafted,15,0
TimJamison26HOU2012,Tim Jamison,2012,dl_lb,26,25-28,HOU,Undrafted,Undrafted,6,0
RickyJean-Francois26SFO2012,Ricky Jean-Francois,2012,dl_lb,26,25-28,SFO,10,162,16,3
RashadJeanty26CIN2009,Rashad Jeanty,2009,dl_lb,26,25-28,CIN,Undrafted,Undrafted,15,1
JasonJefferson26BUF2007,Jason Jefferson,2007,dl_lb,26,25-28,BUF,9,106,11,0
CullenJenkins26GNB2007,Cullen Jenkins,2007,dl_lb,26,25-28,GNB,Undrafted,Undrafted,16,15
JarvisJenkins26WAS2014,Jarvis Jenkins,2014,dl_lb,26,25-28,WAS,5,198,16,14
JohnJenkins26NOR2015,John Jenkins,2015,dl_lb,26,25-28,NOR,6,243,14,12
KrisJenkins26CAR2005,Kris Jenkins,2005,dl_lb,26,25-28,CAR,5,201,1,1
KellyJennings26SEA2008,Kelly Jennings,2008,dl_lb,26,25-28,SEA,1,186,16,6
TonyJerod-Eddie26SFO2016,Tony Jerod-Eddie,2016,dl_lb,26,25-28,SFO,Undrafted,Undrafted,9,0
PeriaJerry26ATL2010,Peria Jerry,2010,dl_lb,26,25-28,ATL,1,157,16,0
LeonJoe26BUF2007,Leon Joe,2007,dl_lb,26,25-28,BUF,7,17,8,0
AntonioJohnson26IND2010,Antonio Johnson,2010,dl_lb,26,25-28,IND,8,61,14,2
BrandonJohnson26CIN2009,Brandon Johnson,2009,dl_lb,26,25-28,CIN,8,50,16,3
CamJohnson26CLE2016,Cam Johnson,2016,dl_lb,26,25-28,CLE,10,154,12,9
CharlesJohnson26CAR2012,Charles Johnson,2012,dl_lb,26,25-28,CAR,6,244,16,16
DerrickJohnson26KAN2008,Derrick Johnson,2008,dl_lb,26,25-28,KAN,1,58,14,14
EdwardJohnson26IND2009,Edward Johnson,2009,dl_lb,26,25-28,IND,Undrafted,Undrafted,4,4
James-MichaelJohnson263TM2015,James-Michael Johnson,2015,dl_lb,26,25-28,3TM,7,26,5,0
JarretJohnson26BAL2007,Jarret Johnson,2007,dl_lb,26,25-28,BAL,7,13,16,16
LandonJohnson26CIN2007,Landon Johnson,2007,dl_lb,26,25-28,CIN,6,258,16,16
MichaelJohnson26CIN2013,Michael Johnson,2013,dl_lb,26,25-28,CIN,6,230,15,15
SpencerJohnson26MIN2007,Spencer Johnson,2007,dl_lb,26,25-28,MIN,Undrafted,Undrafted,16,0
StevenJohnson26DEN2014,Steven Johnson,2014,dl_lb,26,25-28,DEN,Undrafted,Undrafted,14,7
TankJohnson26DAL2007,Tank Johnson,2007,dl_lb,26,25-28,DAL,5,204,8,1
TimJohnson26OAK2004,Tim Johnson,2004,dl_lb,26,25-28,OAK,Undrafted,Undrafted,16,0
TravisJohnson26HOU2008,Travis Johnson,2008,dl_lb,26,25-28,HOU,1,69,15,14
TrevorJohnson26STL2007,Trevor Johnson,2007,dl_lb,26,25-28,STL,10,151,9,0
JohnnyJolly26GNB2009,Johnny Jolly,2009,dl_lb,26,25-28,GNB,9,95,16,16
AbryJones26JAX2017,Abry Jones,2017,dl_lb,26,25-28,JAX,Undrafted,Undrafted,15,15
ArthurJones26BAL2012,Arthur Jones,2012,dl_lb,26,25-28,BAL,8,66,16,6
BradJones26GNB2012,Brad Jones,2012,dl_lb,26,25-28,GNB,10,133,16,10
CedricJones26NYG2000,Cedric Jones,2000,dl_lb,26,25-28,NYG,1,207,16,16
ChandlerJones26ARI2016,Chandler Jones,2016,dl_lb,26,25-28,ARI,1,124,16,16
ChrisJones262TM2016,Chris Jones,2016,dl_lb,26,25-28,2TM,9,111,13,6
ChristianJones26CHI2017,Christian Jones,2017,dl_lb,26,25-28,CHI,Undrafted,Undrafted,16,11
DaQuanJones26TEN2017,DaQuan Jones,2017,dl_lb,26,25-28,TEN,7,17,12,12
DatoneJones26GNB2016,Datone Jones,2016,dl_lb,26,25-28,GNB,1,174,15,4
DhaniJones26PHI2004,Dhani Jones,2004,dl_lb,26,25-28,PHI,9,88,16,15
EdgarJones26BAL2010,Edgar Jones,2010,dl_lb,26,25-28,BAL,Undrafted,Undrafted,5,0
FredJones26KAN2003,Fred Jones,2003,dl_lb,26,25-28,KAN,Undrafted,Undrafted,11,0
GregJones26WAS2000,Greg Jones,2000,dl_lb,26,25-28,WAS,5,209,16,4
HowardJones26TAM2016,Howard Jones,2016,dl_lb,26,25-28,TAM,Undrafted,Undrafted,8,0
JarvisJones26PIT2015,Jarvis Jones,2015,dl_lb,26,25-28,PIT,1,80,15,15
JasonJones26SEA2012,Jason Jones,2012,dl_lb,26,25-28,SEA,5,212,12,0
LenoyJones26CLE2000,Lenoy Jones,2000,dl_lb,26,25-28,CLE,Undrafted,Undrafted,8,1
AkeemJordan26PHI2011,Akeem Jordan,2011,dl_lb,26,25-28,PHI,Undrafted,Undrafted,15,7
AntonyJordan26ATL2000,Antony Jordan,2000,dl_lb,26,25-28,ATL,8,42,8,0
CameronJordan26NOR2015,Cameron Jordan,2015,dl_lb,26,25-28,NOR,1,157,16,16
OmariJordan26CAR2004,Omari Jordan,2004,dl_lb,26,25-28,CAR,Undrafted,Undrafted,4,0
LinvalJoseph26MIN2014,Linval Joseph,2014,dl_lb,26,25-28,MIN,5,203,16,16
WilliamJoseph26NYG2005,William Joseph,2005,dl_lb,26,25-28,NYG,1,168,10,10
MattJudon26BAL2018,Matt Judon,2018,dl_lb,26,25-28,BAL,8,54,8,6
CatoJune26IND2005,Cato June,2005,dl_lb,26,25-28,IND,9,111,13,13
KareemMartin26NYG2018,Kareem Martin,2018,dl_lb,26,25-28,NYG,6,245,8,6
SteveMartin26KAN2000,Steve Martin,2000,dl_lb,26,25-28,KAN,8,60,16,0
VaughnMartin26SDG2012,Vaughn Martin,2012,dl_lb,26,25-28,SDG,7,18,12,12
MatthewMasifilo26TAM2015,Matthew Masifilo,2015,dl_lb,26,25-28,TAM,Undrafted,Undrafted,2,0
MikeMaslowski26KAN2000,Mike Maslowski,2000,dl_lb,26,25-28,KAN,Undrafted,Undrafted,16,5
JonathanMassaquoi26ATL2014,Jonathan Massaquoi,2014,dl_lb,26,25-28,ATL,8,74,15,3
TylerMatakevich26PIT2018,Tyler Matakevich,2018,dl_lb,26,25-28,PIT,10,164,7,1
RicardoMathews26IND2013,Ricardo Mathews,2013,dl_lb,26,25-28,IND,10,155,16,1
RobertMathis26IND2007,Robert Mathis,2007,dl_lb,26,25-28,IND,8,45,13,12
ClayMatthews26GNB2012,Clay Matthews,2012,dl_lb,26,25-28,GNB,1,174,12,12
ReyMaualuga26CIN2013,Rey Maualuga,2013,dl_lb,26,25-28,CIN,5,194,13,13
JoshMauro26ARI2017,Josh Mauro,2017,dl_lb,26,25-28,ARI,Undrafted,Undrafted,13,7
MichaelMauti26NOR2016,Michael Mauti,2016,dl_lb,26,25-28,NOR,10,128,8,0
JimMaxwell26CIN2007,Jim Maxwell,2007,dl_lb,26,25-28,CIN,Undrafted,Undrafted,3,0
JerodMayo26NWE2012,Jerod Mayo,2012,dl_lb,26,25-28,NWE,1,3,16,16
BensonMayowa26DAL2017,Benson Mayowa,2017,dl_lb,26,25-28,DAL,Undrafted,Undrafted,14,2
CoreyMays26KAN2009,Corey Mays,2009,dl_lb,26,25-28,KAN,Undrafted,Undrafted,16,13
JoeMays26DEN2011,Joe Mays,2011,dl_lb,26,25-28,DEN,9,115,16,12
RyanMcBean26DEN2010,Ryan McBean,2010,dl_lb,26,25-28,DEN,7,39,16,4
TurkMcBride26NOR2011,Turk McBride,2011,dl_lb,26,25-28,NOR,5,212,8,2
ChrisMcCain26LAC2017,Chris McCain,2017,dl_lb,26,25-28,LAC,Undrafted,Undrafted,15,0
JohnMcCargo26BUF2009,John McCargo,2009,dl_lb,26,25-28,BUF,1,174,11,1
JameelMcClain26BAL2011,Jameel McClain,2011,dl_lb,26,25-28,BAL,Undrafted,Undrafted,16,16
RolandoMcClain26DAL2015,Rolando McClain,2015,dl_lb,26,25-28,DAL,1,240,11,11
TerrellMcClain26DAL2014,Terrell McClain,2014,dl_lb,26,25-28,DAL,6,224,13,0
AlbertMcClellan26BAL2012,Albert McClellan,2012,dl_lb,26,25-28,BAL,Undrafted,Undrafted,14,11
SheaMcClellin26CHI2015,Shea McClellin,2015,dl_lb,26,25-28,CHI,1,102,12,11
DarrellMcClover26CHI2007,Darrell McClover,2007,dl_lb,26,25-28,CHI,10,128,5,0
GeraldMcCoy26TAM2014,Gerald McCoy,2014,dl_lb,26,25-28,TAM,1,182,13,13
MattMcCoy26TAM2008,Matt McCoy,2008,dl_lb,26,25-28,TAM,5,222,5,0
BobbyMcCray26JAX2007,Bobby McCray,2007,dl_lb,26,25-28,JAX,10,167,14,9
LerenteeMcCray26BUF2016,Lerentee McCray,2016,dl_lb,26,25-28,BUF,Undrafted,Undrafted,13,0
DanielMcCullers26PIT2018,Daniel McCullers,2018,dl_lb,26,25-28,PIT,9,130,7,0
RobertMcCune26WAS2005,Robert McCune,2005,dl_lb,26,25-28,WAS,8,63,5,0
TonyMcDaniel26MIA2011,Tony McDaniel,2011,dl_lb,26,25-28,MIA,Undrafted,Undrafted,12,1
ClintonMcDonald26SEA2013,Clinton McDonald,2013,dl_lb,26,25-28,SEA,10,167,15,1
DeweyMcDonald26SEA2016,Dewey McDonald,2016,dl_lb,26,25-28,SEA,Undrafted,Undrafted,14,0
RayMcDonald26SFO2010,Ray McDonald,2010,dl_lb,26,25-28,SFO,6,259,16,0
JeromeMcDougle26PHI2004,Jerome McDougle,2004,dl_lb,26,25-28,PHI,1,58,11,0
MarshallMcFadden26PIT2012,Marshall McFadden,2012,dl_lb,26,25-28,PIT,Undrafted,Undrafted,1,0
AnthonyMcFarland26TAM2003,Anthony McFarland,2003,dl_lb,26,25-28,TAM,1,58,16,16
StacyMcGee26OAK2016,Stacy McGee,2016,dl_lb,26,25-28,OAK,9,119,9,9
ReggieMcGrew26ATL2002,Reggie McGrew,2002,dl_lb,26,25-28,ATL,1,157,2,0
RockyMcIntosh26WAS2008,Rocky McIntosh,2008,dl_lb,26,25-28,WAS,5,191,16,15
AlvinMcKinley26CLE2004,Alvin McKinley,2004,dl_lb,26,25-28,CLE,7,26,16,2
BenardrickMcKinney26HOU2018,Benardrick McKinney,2018,dl_lb,26,25-28,HOU,5,200,8,8
BrandonMcKinney26BAL2009,Brandon McKinney,2009,dl_lb,26,25-28,BAL,Undrafted,Undrafted,7,0
JeremyMcKinney26DAL2002,Jeremy McKinney,2002,dl_lb,26,25-28,DAL,Undrafted,Undrafted,3,2
SteveMcLendon26PIT2012,Steve McLendon,2012,dl_lb,26,25-28,PIT,Undrafted,Undrafted,16,0
DavidMcMillan26CLE2007,David McMillan,2007,dl_lb,26,25-28,CLE,8,46,15,0
JoshMcNary26IND2014,Josh McNary,2014,dl_lb,26,25-28,IND,Undrafted,Undrafted,15,4
PernellMcPhee26BAL2014,Pernell McPhee,2014,dl_lb,26,25-28,BAL,8,75,16,0
StevenMeans26PHI2016,Steven Means,2016,dl_lb,26,25-28,PHI,8,55,8,0
BrandonMebane26SEA2011,Brandon Mebane,2011,dl_lb,26,25-28,SEA,6,246,16,16
JamieMeder26CLE2017,Jamie Meder,2017,dl_lb,26,25-28,CLE,Undrafted,Undrafted,10,2
RobMeier26JAX2003,Rob Meier,2003,dl_lb,26,25-28,JAX,10,159,16,0
HenryMelton26CHI2012,Henry Melton,2012,dl_lb,26,25-28,CHI,7,9,14,14
GiradieMercer26NYJ2002,Giradie Mercer,2002,dl_lb,26,25-28,NYJ,Undrafted,Undrafted,2,0
WhitneyMercilus26HOU2016,Whitney Mercilus,2016,dl_lb,26,25-28,HOU,1,174,15,15
PhillipMerling26MIA2011,Phillip Merling,2011,dl_lb,26,25-28,MIA,5,187,10,1
ShawneMerriman26SDG2010,Shawne Merriman,2010,dl_lb,26,25-28,SDG,1,25,3,1
ChristineMichael262TM2016,Christine Michael,2016,dl_lb,26,25-28,2TM,5,221,15,7
JohnMilem262TM2001,John Milem,2001,dl_lb,26,25-28,2TM,8,59,4,0
CalebMiller26CIN2006,Caleb Miller,2006,dl_lb,26,25-28,CIN,6,241,16,7
KeithMiller26SEA2002,Keith Miller,2002,dl_lb,26,25-28,SEA,Undrafted,Undrafted,7,0
RoyMiller26JAX2013,Roy Miller,2013,dl_lb,26,25-28,JAX,6,242,14,14
VonMiller26DEN2015,Von Miller,2015,dl_lb,26,25-28,DEN,1,113,16,16
BarkeviousMingo26NWE2016,Barkevious Mingo,2016,dl_lb,26,25-28,NWE,1,218,16,1
KoryMinor26CAR2002,Kory Minor,2002,dl_lb,26,25-28,CAR,10,151,4,0
KevinMinter26ARI2016,Kevin Minter,2016,dl_lb,26,25-28,ARI,5,202,16,16
KoaMisi26MIA2013,Koa Misi,2013,dl_lb,26,25-28,MIA,5,197,15,12
BrandonMitchell26NWE2001,Brandon Mitchell,2001,dl_lb,26,25-28,NWE,5,217,16,11
EarlMitchell26HOU2013,Earl Mitchell,2013,dl_lb,26,25-28,HOU,6,242,16,14
JaymeMitchell26MIN2010,Jayme Mitchell,2010,dl_lb,26,25-28,MIN,Undrafted,Undrafted,2,0
KawikaMitchell26KAN2005,Kawika Mitchell,2005,dl_lb,26,25-28,KAN,5,204,16,16
KeithMitchell26NOR2000,Keith Mitchell,2000,dl_lb,26,25-28,NOR,Undrafted,Undrafted,16,14
MarvinMitchell26NOR2010,Marvin Mitchell,2010,dl_lb,26,25-28,NOR,10,136,16,0
KennyMixon26MIA2001,Kenny Mixon,2001,dl_lb,26,25-28,MIA,5,206,16,16
FiliMoala26IND2011,Fili Moala,2011,dl_lb,26,25-28,IND,5,214,14,14
ArthurMoats26PIT2014,Arthur Moats,2014,dl_lb,26,25-28,PIT,9,89,16,9
DontayMoch26TEN2014,Dontay Moch,2014,dl_lb,26,25-28,TEN,6,225,3,0
MikeMohamed26HOU2014,Mike Mohamed,2014,dl_lb,26,25-28,HOU,9,101,14,2
MikeMohring26SDG2000,Mike Mohring,2000,dl_lb,26,25-28,SDG,Undrafted,Undrafted,7,0
MikeMontgomery26GNB2009,Mike Montgomery,2009,dl_lb,26,25-28,GNB,9,92,10,0
PeteMonty26NYG2000,Pete Monty,2000,dl_lb,26,25-28,NYG,7,7,16,1
NickMoody26WAS2016,Nick Moody,2016,dl_lb,26,25-28,WAS,9,92,1,0
BrandonMoore26SFO2005,Brandon Moore,2005,dl_lb,26,25-28,SFO,Undrafted,Undrafted,16,10
EricMoore26STL2007,Eric Moore,2007,dl_lb,26,25-28,STL,9,98,7,1
KyleMoore26BUF2012,Kyle Moore,2012,dl_lb,26,25-28,BUF,7,22,12,7
LangstonMoore26DET2007,Langston Moore,2007,dl_lb,26,25-28,DET,9,85,16,0
SioMoore263TM2016,Sio Moore,2016,dl_lb,26,25-28,3TM,6,225,9,7
ZachMoore26DAL2016,Zach Moore,2016,dl_lb,26,25-28,DAL,9,111,1,0
KindalMoorehead26CAR2004,Kindal Moorehead,2004,dl_lb,26,25-28,CAR,8,53,14,12
ZekeMoreno26SDG2004,Zeke Moreno,2004,dl_lb,26,25-28,SDG,8,46,9,0
AaronMorgan26IND2014,Aaron Morgan,2014,dl_lb,26,25-28,IND,Undrafted,Undrafted,0,NA
DanMorgan26CAR2004,Dan Morgan,2004,dl_lb,26,25-28,CAR,1,14,12,12
DerrickMorgan26TEN2015,Derrick Morgan,2015,dl_lb,26,25-28,TEN,1,69,10,9
MikeMorgan26SEA2014,Mike Morgan,2014,dl_lb,26,25-28,SEA,Undrafted,Undrafted,16,0
RobMorris26IND2001,Rob Morris,2001,dl_lb,26,25-28,IND,1,179,14,14
KirkMorrison26OAK2008,Kirk Morrison,2008,dl_lb,26,25-28,OAK,6,238,16,16
TyPowell26BUF2014,Ty Powell,2014,dl_lb,26,25-28,BUF,10,148,14,0
DeMarioPressley26CAR2011,DeMario Pressley,2011,dl_lb,26,25-28,CAR,8,52,1,0
TrevorPryce26DEN2001,Trevor Pryce,2001,dl_lb,26,25-28,DEN,1,179,16,16
MyronPryor26NWE2012,Myron Pryor,2012,dl_lb,26,25-28,NWE,9,121,0,NA
RobertQuinn26LAR2016,Robert Quinn,2016,dl_lb,26,25-28,LAR,1,47,9,8
WaliRainer26DET2003,Wali Rainer,2003,dl_lb,26,25-28,DET,7,30,16,0
B.J.Raji26GNB2012,B.J. Raji,2012,dl_lb,26,25-28,GNB,1,251,14,14
DerrickRansom26KAN2002,Derrick Ransom,2002,dl_lb,26,25-28,KAN,9,93,13,10
KempRasmussen26CAR2005,Kemp Rasmussen,2005,dl_lb,26,25-28,CAR,Undrafted,Undrafted,15,0
JayRatliff26DAL2007,Jay Ratliff,2007,dl_lb,26,25-28,DAL,10,140,15,14
SamRayburn26PHI2006,Sam Rayburn,2006,dl_lb,26,25-28,PHI,Undrafted,Undrafted,11,0
MontaeReagor26IND2003,Montae Reagor,2003,dl_lb,26,25-28,IND,5,216,13,12
KevinReddick26BUF2015,Kevin Reddick,2015,dl_lb,26,25-28,BUF,Undrafted,Undrafted,5,0
CoryRedding26DET2006,Cory Redding,2006,dl_lb,26,25-28,DET,6,225,16,16
BrooksReed26HOU2013,Brooks Reed,2013,dl_lb,26,25-28,HOU,5,199,16,16
JamesReed26NYJ2003,James Reed,2003,dl_lb,26,25-28,NYJ,10,120,16,0
JarranReed26SEA2018,Jarran Reed,2018,dl_lb,26,25-28,SEA,5,206,7,7
CaraunReid26DET2017,Caraun Reid,2017,dl_lb,26,25-28,DET,8,67,1,0
DarrellReid26IND2008,Darrell Reid,2008,dl_lb,26,25-28,IND,Undrafted,Undrafted,16,0
EricReid26SFO2017,Eric Reid,2017,dl_lb,26,25-28,SFO,1,91,13,12
TrevorReilly26NYJ2014,Trevor Reilly,2014,dl_lb,26,25-28,NYJ,10,150,14,0
VincentRey26CIN2013,Vincent Rey,2013,dl_lb,26,25-28,CIN,Undrafted,Undrafted,16,3
KendallReyes26SDG2015,Kendall Reyes,2015,dl_lb,26,25-28,SDG,5,206,16,15
LaRoyReynolds26ATL2016,LaRoy Reynolds,2016,dl_lb,26,25-28,ATL,Undrafted,Undrafted,16,3
SimeonRice26ARI2000,Simeon Rice,2000,dl_lb,26,25-28,ARI,1,182,15,11
JayRichardson26SEA2010,Jay Richardson,2010,dl_lb,26,25-28,SEA,8,45,7,0
SheldonRichardson26NYJ2016,Sheldon Richardson,2016,dl_lb,26,25-28,NYJ,1,36,15,14
KaronRiley26ATL2004,Karon Riley,2004,dl_lb,26,25-28,ATL,7,7,1,0
PerryRiley26WAS2014,Perry Riley,2014,dl_lb,26,25-28,WAS,7,7,14,14
ConstantinRitzmann26ATL2005,Constantin Ritzmann,2005,dl_lb,26,25-28,ATL,Undrafted,Undrafted,1,0
MikeRivera262TM2012,Mike Rivera,2012,dl_lb,26,25-28,2TM,Undrafted,Undrafted,11,1
KeithRivers26NYG2012,Keith Rivers,2012,dl_lb,26,25-28,NYG,1,251,11,6
NickRoach26CHI2011,Nick Roach,2011,dl_lb,26,25-28,CHI,Undrafted,Undrafted,16,15
FredRobbins26MIN2003,Fred Robbins,2003,dl_lb,26,25-28,MIN,5,213,16,12
DarrylRoberts26NYJ2016,Darryl Roberts,2016,dl_lb,26,25-28,NYJ,10,165,12,2
CraigRobertson26CLE2014,Craig Robertson,2014,dl_lb,26,25-28,CLE,Undrafted,Undrafted,16,11
DewayneRobertson26NYJ2007,Dewayne Robertson,2007,dl_lb,26,25-28,NYJ,1,196,16,15
TravianRobertson263TM2014,Travian Robertson,2014,dl_lb,26,25-28,3TM,10,167,2,0
BryanRobinson26CHI2000,Bryan Robinson,2000,dl_lb,26,25-28,CHI,Undrafted,Undrafted,16,16
KeenanRobinson26WAS2015,Keenan Robinson,2015,dl_lb,26,25-28,WAS,7,24,12,8
BrianRobison26MIN2009,Brian Robison,2009,dl_lb,26,25-28,MIN,7,6,16,0
JustinRogers26KAN2009,Justin Rogers,2009,dl_lb,26,25-28,KAN,9,92,1,0
NickRogers26MIA2005,Nick Rogers,2005,dl_lb,26,25-28,MIA,9,88,3,0
ShaunRogers26DET2005,Shaun Rogers,2005,dl_lb,26,25-28,DET,5,220,14,14
TyroneRogers26CLE2000,Tyrone Rogers,2000,dl_lb,26,25-28,CLE,Undrafted,Undrafted,16,0
DarioRomero26MIA2004,Dario Romero,2004,dl_lb,26,25-28,MIA,Undrafted,Undrafted,14,1
AdrianRoss26CIN2001,Adrian Ross,2001,dl_lb,26,25-28,CIN,Undrafted,Undrafted,16,1
JayRoss26BUF2013,Jay Ross,2013,dl_lb,26,25-28,BUF,Undrafted,Undrafted,5,0
MattRoth26MIA2008,Matt Roth,2008,dl_lb,26,25-28,MIA,5,203,16,14
AhtybaRubin26CLE2012,Ahtyba Rubin,2012,dl_lb,26,25-28,CLE,9,103,13,13
FrosteeRucker26CIN2009,Frostee Rucker,2009,dl_lb,26,25-28,CIN,6,253,12,1
MikeRucker26CAR2001,Mike Rucker,2001,dl_lb,26,25-28,CAR,5,194,16,16
DwayneRudd26CLE2002,Dwayne Rudd,2002,dl_lb,26,25-28,CLE,1,114,16,15
OrlandoRuff26SDG2002,Orlando Ruff,2002,dl_lb,26,25-28,SDG,Undrafted,Undrafted,16,0
TwanRussell26MIA2000,Twan Russell,2000,dl_lb,26,25-28,MIA,8,56,16,2
JohnnyRutledge26DEN2003,Johnny Rutledge,2003,dl_lb,26,25-28,DEN,5,209,6,0
BarrettRuud26TAM2009,Barrett Ruud,2009,dl_lb,26,25-28,TAM,5,192,16,16
CliftonRyan26STL2010,Clifton Ryan,2010,dl_lb,26,25-28,STL,8,63,1,0
DeMecoRyans26HOU2010,DeMeco Ryans,2010,dl_lb,26,25-28,HOU,5,189,6,6
JoeSalave'a26TEN2001,Joe Salave'a,2001,dl_lb,26,25-28,TEN,7,11,11,0
TerdellSands26OAK2005,Terdell Sands,2005,dl_lb,26,25-28,OAK,10,161,9,0
BrianSanford262TM2013,Brian Sanford,2013,dl_lb,26,25-28,2TM,Undrafted,Undrafted,6,1
RickySapp26NYJ2012,Ricky Sapp,2012,dl_lb,26,25-28,NYJ,8,41,4,0
JoshSavage26TEN2006,Josh Savage,2006,dl_lb,26,25-28,TEN,Undrafted,Undrafted,5,0
TalanceSawyer26MIN2002,Talance Sawyer,2002,dl_lb,26,25-28,MIN,9,97,2,0
RichScanlon26KAN2006,Rich Scanlon,2006,dl_lb,26,25-28,KAN,Undrafted,Undrafted,9,0
NoelScarlett26DAL2000,Noel Scarlett,2000,dl_lb,26,25-28,DAL,10,153,1,0
BrianSchaefering26CLE2009,Brian Schaefering,2009,dl_lb,26,25-28,CLE,Undrafted,Undrafted,5,1
AnthonySchlegel26CIN2007,Anthony Schlegel,2007,dl_lb,26,25-28,CIN,6,236,13,5
AaronSchobel26BUF2003,Aaron Schobel,2003,dl_lb,26,25-28,BUF,5,203,16,16
BoSchobel26ARI2007,Bo Schobel,2007,dl_lb,26,25-28,ARI,7,7,2,0
O'BrienSchofield26SEA2013,O'Brien Schofield,2013,dl_lb,26,25-28,SEA,7,37,15,2
BradScioli26IND2002,Brad Scioli,2002,dl_lb,26,25-28,IND,8,45,16,13
BartScott26BAL2006,Bart Scott,2006,dl_lb,26,25-28,BAL,Undrafted,Undrafted,16,16
DarrionScott26MIN2007,Darrion Scott,2007,dl_lb,26,25-28,MIN,6,249,4,0
DeQuincyScott26SDG2004,DeQuincy Scott,2004,dl_lb,26,25-28,SDG,Undrafted,Undrafted,14,2
TrevorScott26OAK2010,Trevor Scott,2010,dl_lb,26,25-28,OAK,9,79,10,10
RichardSeigler26PIT2006,Richard Seigler,2006,dl_lb,26,25-28,PIT,7,33,2,0
GeorgeSelvie26DAL2013,George Selvie,2013,dl_lb,26,25-28,DAL,10,142,16,16
JordanSenn26CAR2010,Jordan Senn,2010,dl_lb,26,25-28,CAR,Undrafted,Undrafted,14,0
ClintSession26IND2010,Clint Session,2010,dl_lb,26,25-28,IND,7,43,5,5
BobbySetzer26CHI2002,Bobby Setzer,2002,dl_lb,26,25-28,CHI,Undrafted,Undrafted,2,0
AdamSeward26CAR2008,Adam Seward,2008,dl_lb,26,25-28,CAR,8,57,9,0
RichardSeymour26NWE2005,Richard Seymour,2005,dl_lb,26,25-28,NWE,1,218,12,12
ScottShanle26DAL2005,Scott Shanle,2005,dl_lb,26,25-28,DAL,10,170,15,8
JamieSharper26BAL2000,Jamie Sharper,2000,dl_lb,26,25-28,BAL,5,190,16,16
DarrylSharpton26CHI2014,Darryl Sharpton,2014,dl_lb,26,25-28,CHI,7,6,5,2
MattShaughnessy26OAK2012,Matt Shaughnessy,2012,dl_lb,26,25-28,OAK,6,231,16,16
TimShaw26TEN2010,Tim Shaw,2010,dl_lb,26,25-28,TEN,8,74,16,1
JabaalSheard26NWE2015,Jabaal Sheard,2015,dl_lb,26,25-28,NWE,5,193,13,1
DerrickShelby26MIA2015,Derrick Shelby,2015,dl_lb,26,25-28,MIA,Undrafted,Undrafted,16,9
KelvinSheppard26MIA2014,Kelvin Sheppard,2014,dl_lb,26,25-28,MIA,6,227,14,1
JasonShirley26CAR2011,Jason Shirley,2011,dl_lb,26,25-28,CAR,8,53,4,0
BrandonShort26NYG2003,Brandon Short,2003,dl_lb,26,25-28,NYG,7,9,16,12
JasonShort26PHI2004,Jason Short,2004,dl_lb,26,25-28,PHI,Undrafted,Undrafted,11,0
KawannShort26CAR2015,Kawann Short,2015,dl_lb,26,25-28,CAR,5,201,16,16
JuniorSiavii26KAN2004,Junior Siavii,2004,dl_lb,26,25-28,KAN,5,192,12,0
LawrenceSidbury26ATL2012,Lawrence Sidbury,2012,dl_lb,26,25-28,ATL,7,31,10,0
SealverSiliga262TM2016,Sealver Siliga,2016,dl_lb,26,25-28,2TM,Undrafted,Undrafted,10,0
AnthonySimmons26SEA2002,Anthony Simmons,2002,dl_lb,26,25-28,SEA,1,58,7,7
HollisThomas26PHI2000,Hollis Thomas,2000,dl_lb,26,25-28,PHI,Undrafted,Undrafted,16,16
J.T.Thomas26JAX2014,J.T. Thomas,2014,dl_lb,26,25-28,JAX,9,108,16,10
JoeThomas26GNB2017,Joe Thomas,2017,dl_lb,26,25-28,GNB,Undrafted,Undrafted,12,1
JoshThomas26IND2007,Josh Thomas,2007,dl_lb,26,25-28,IND,Undrafted,Undrafted,15,7
MarcusThomas26DEN2011,Marcus Thomas,2011,dl_lb,26,25-28,DEN,7,27,12,11
MichaelThomas26MIA2016,Michael Thomas,2016,dl_lb,26,25-28,MIA,Undrafted,Undrafted,16,8
RatcliffThomas26IND2000,Ratcliff Thomas,2000,dl_lb,26,25-28,IND,Undrafted,Undrafted,12,0
RobertThomas26NYG2017,Robert Thomas,2017,dl_lb,26,25-28,NYG,Undrafted,Undrafted,15,0
RobertThomas26OAK2006,Robert Thomas,2006,dl_lb,26,25-28,OAK,1,186,16,0
SantonioThomas26NWE2007,Santonio Thomas,2007,dl_lb,26,25-28,NWE,Undrafted,Undrafted,4,0
BrandonThompson26CIN2015,Brandon Thompson,2015,dl_lb,26,25-28,CIN,6,255,9,0
ChaunThompson26CLE2006,Chaun Thompson,2006,dl_lb,26,25-28,CLE,5,210,16,2
RaynochThompson26ARI2003,Raynoch Thompson,2003,dl_lb,26,25-28,ARI,5,198,12,12
CedricThornton26PHI2014,Cedric Thornton,2014,dl_lb,26,25-28,PHI,Undrafted,Undrafted,16,16
DavidThornton26IND2004,David Thornton,2004,dl_lb,26,25-28,IND,7,10,16,15
JohnThornton26TEN2002,John Thornton,2002,dl_lb,26,25-28,TEN,5,210,16,16
KhyriThornton26DET2015,Khyri Thornton,2015,dl_lb,26,25-28,DET,6,246,6,0
LawrenceTimmons26PIT2012,Lawrence Timmons,2012,dl_lb,26,25-28,PIT,1,58,16,16
PisaTinoisamoa26STL2007,Pisa Tinoisamoa,2007,dl_lb,26,25-28,STL,5,200,9,9
MattToeaina26CHI2010,Matt Toeaina,2010,dl_lb,26,25-28,CHI,9,99,16,10
DaveTollefson26NYG2007,Dave Tollefson,2007,dl_lb,26,25-28,NYG,10,172,6,0
JaredTomich26NOR2000,Jared Tomich,2000,dl_lb,26,25-28,NOR,5,195,15,0
KoreyToomer262TM2014,Korey Toomer,2014,dl_lb,26,25-28,2TM,8,63,8,0
SpencerToone26TEN2006,Spencer Toone,2006,dl_lb,26,25-28,TEN,10,163,3,0
ReggieTorbor26NYG2007,Reggie Torbor,2007,dl_lb,26,25-28,NYG,7,259,16,5
LesterTowns26CAR2003,Lester Towns,2003,dl_lb,26,25-28,CAR,10,137,15,1
JustinTrattou26MIN2014,Justin Trattou,2014,dl_lb,26,25-28,MIN,Undrafted,Undrafted,4,0
DannyTrevathan26CHI2016,Danny Trevathan,2016,dl_lb,26,25-28,CHI,9,100,9,8
JordanTripp26ATL2017,Jordan Tripp,2017,dl_lb,26,25-28,ATL,8,82,3,0
LarryTripplett26IND2005,Larry Tripplett,2005,dl_lb,26,25-28,IND,5,199,15,4
JeremiahTrotter26WAS2003,Jeremiah Trotter,2003,dl_lb,26,25-28,WAS,6,232,16,16
JasonTrusnik26CLE2010,Jason Trusnik,2010,dl_lb,26,25-28,CLE,Undrafted,Undrafted,16,5
JustinTuck26NYG2009,Justin Tuck,2009,dl_lb,26,25-28,NYG,6,234,16,15
JylesTucker26SDG2009,Jyles Tucker,2009,dl_lb,26,25-28,SDG,Undrafted,Undrafted,7,0
JoeTuipala26JAX2002,Joe Tuipala,2002,dl_lb,26,25-28,JAX,Undrafted,Undrafted,15,0
MaugaulaTuitele26OAK2004,Maugaula Tuitele,2004,dl_lb,26,25-28,OAK,Undrafted,Undrafted,1,0
StephenTulloch26DET2011,Stephen Tulloch,2011,dl_lb,26,25-28,DET,7,21,16,16
JeffUlbrich26SFO2003,Jeff Ulbrich,2003,dl_lb,26,25-28,SFO,6,247,15,15
OsiUmenyiora26NYG2007,Osi Umenyiora,2007,dl_lb,26,25-28,NYG,5,214,16,16
MasonUnck26CLE2006,Mason Unck,2006,dl_lb,26,25-28,CLE,Undrafted,Undrafted,16,0
MitchUnrein26DEN2013,Mitch Unrein,2013,dl_lb,26,25-28,DEN,Undrafted,Undrafted,16,1
CourtneyUpshaw26BAL2015,Courtney Upshaw,2015,dl_lb,26,25-28,BAL,5,191,16,15
ReganUpshaw26OAK2001,Regan Upshaw,2001,dl_lb,26,25-28,OAK,1,25,16,15
BrentUrban26BAL2017,Brent Urban,2017,dl_lb,26,25-28,BAL,7,41,3,3
BrianUrlacher*26CHI2004,Brian Urlacher*,2004,dl_lb,26,25-28,CHI,1,251,9,9
KyleVan Noy26NWE2017,Kyle Van Noy,2017,dl_lb,26,25-28,NWE,5,197,13,12
KyleVanden Bosch26ARI2004,Kyle Vanden Bosch,2004,dl_lb,26,25-28,ARI,5,190,16,1
ChaseVaughn26DEN2014,Chase Vaughn,2014,dl_lb,26,25-28,DEN,Undrafted,Undrafted,0,NA
DemetrinVeal26TEN2007,Demetrin Veal,2007,dl_lb,26,25-28,TEN,10,155,3,0
JasonVega26DAL2013,Jason Vega,2013,dl_lb,26,25-28,DAL,Undrafted,Undrafted,2,0
JoeVellano26NWE2014,Joe Vellano,2014,dl_lb,26,25-28,NWE,Undrafted,Undrafted,5,1
OlivierVernon26NYG2016,Olivier Vernon,2016,dl_lb,26,25-28,NYG,6,232,16,16
KevinVickerson26TEN2009,Kevin Vickerson,2009,dl_lb,26,25-28,TEN,10,131,13,2
ZachVigil26WAS2017,Zach Vigil,2017,dl_lb,26,25-28,WAS,Undrafted,Undrafted,7,6
JonathanVilma26NOR2008,Jonathan Vilma,2008,dl_lb,26,25-28,NOR,1,25,16,16
MikeVrabel26NWE2001,Mike Vrabel,2001,dl_lb,26,25-28,NWE,6,253,16,12
AndreWadsworth26ARI2000,Andre Wadsworth,2000,dl_lb,26,25-28,ARI,1,182,9,8
BobbyWagner26SEA2016,Bobby Wagner,2016,dl_lb,26,25-28,SEA,5,204,16,16
ErikWalden26GNB2011,Erik Walden,2011,dl_lb,26,25-28,GNB,9,77,16,15
CaseyWalker26DAL2015,Casey Walker,2015,dl_lb,26,25-28,DAL,Undrafted,Undrafted,2,0
DarwinWalker26PHI2003,Darwin Walker,2003,dl_lb,26,25-28,PHI,6,231,16,16
JoeWalker26ARI2018,Joe Walker,2018,dl_lb,26,25-28,ARI,10,170,6,0
ReggieWalker26ARI2012,Reggie Walker,2012,dl_lb,26,25-28,ARI,Undrafted,Undrafted,14,0
RodWalker26GNB2002,Rod Walker,2002,dl_lb,26,25-28,GNB,Undrafted,Undrafted,13,5
TyrunnWalker26DET2016,Tyrunn Walker,2016,dl_lb,26,25-28,DET,Undrafted,Undrafted,15,8
VanceWalker26OAK2013,Vance Walker,2013,dl_lb,26,25-28,OAK,10,125,15,15
LeterriusWalton26PIT2018,Leterrius Walton,2018,dl_lb,26,25-28,PIT,9,112,1,0
PhillipWard26NOR2000,Phillip Ward,2000,dl_lb,26,25-28,NOR,Undrafted,Undrafted,2,0
DeMarcusWare26DAL2008,DeMarcus Ware,2008,dl_lb,26,25-28,DAL,1,14,16,16
JuliusWarmsley26MIA2016,Julius Warmsley,2016,dl_lb,26,25-28,MIA,Undrafted,Undrafted,5,0
GerardWarren26CLE2004,Gerard Warren,2004,dl_lb,26,25-28,CLE,1,182,13,13
TyWarren26NWE2007,Ty Warren,2007,dl_lb,26,25-28,NWE,1,36,16,16
CorneliusWashington26CHI2015,Cornelius Washington,2015,dl_lb,26,25-28,CHI,9,100,1,0
DarylWashington26ARI2012,Daryl Washington,2012,dl_lb,26,25-28,ARI,5,204,16,16
MarcusWashington26IND2003,Marcus Washington,2003,dl_lb,26,25-28,IND,5,217,16,16
AnthonyWaters26NOR2010,Anthony Waters,2010,dl_lb,26,25-28,NOR,6,258,10,0
DekodaWatson262TM2014,Dekoda Watson,2014,dl_lb,26,25-28,2TM,10,132,10,1
GabeWatson26ARI2009,Gabe Watson,2009,dl_lb,26,25-28,ARI,7,11,16,0
J.J.Watt26HOU2015,J.J. Watt,2015,dl_lb,26,25-28,HOU,1,14,16,16
NateWayne26GNB2001,Nate Wayne,2001,dl_lb,26,25-28,GNB,10,134,12,12
SeanWeatherspoon26ATL2013,Sean Weatherspoon,2013,dl_lb,26,25-28,ATL,1,102,7,7
AnthonyWeaver26HOU2006,Anthony Weaver,2006,dl_lb,26,25-28,HOU,5,210,15,15
LarryWebster26CAR2016,Larry Webster,2016,dl_lb,26,25-28,CAR,7,43,1,0
NateWebster26TAM2003,Nate Webster,2003,dl_lb,26,25-28,TAM,6,252,15,5
EthanWestbrooks26LAR2016,Ethan Westbrooks,2016,dl_lb,26,25-28,LAR,Undrafted,Undrafted,16,2
JamaalWesterman26NYJ2011,Jamaal Westerman,2011,dl_lb,26,25-28,NYJ,Undrafted,Undrafted,16,3
EricWestmoreland26JAX2003,Eric Westmoreland,2003,dl_lb,26,25-28,JAX,6,233,2,0
PhilipWheeler26IND2010,Philip Wheeler,2010,dl_lb,26,25-28,IND,6,255,16,6
DewayneWhite26TAM2005,Dewayne White,2005,dl_lb,26,25-28,TAM,5,223,16,1
TracyWhite26GNB2007,Tracy White,2007,dl_lb,26,25-28,GNB,Undrafted,Undrafted,13,0
TahirWhitehead26DET2016,Tahir Whitehead,2016,dl_lb,26,25-28,DET,8,45,15,15
BrandonWhiting26PHI2002,Brandon Whiting,2002,dl_lb,26,25-28,PHI,7,17,16,15
KyleWilber26DAL2015,Kyle Wilber,2015,dl_lb,26,25-28,DAL,7,18,16,6
ChuckWiley26ATL2001,Chuck Wiley,2001,dl_lb,26,25-28,ATL,6,221,16,1
MarcellusWiley26BUF2000,Marcellus Wiley,2000,dl_lb,26,25-28,BUF,5,210,16,15
VinceWilfork26NWE2007,Vince Wilfork,2007,dl_lb,26,25-28,NWE,1,124,16,16
MattWilhelm26SDG2007,Matt Wilhelm,2007,dl_lb,26,25-28,SDG,7,17,14,14
MichaelWilhoite26SFO2012,Michael Wilhoite,2012,dl_lb,26,25-28,SFO,Undrafted,Undrafted,5,0
JimmyWilkerson26KAN2007,Jimmy Wilkerson,2007,dl_lb,26,25-28,KAN,9,101,16,2
MuhammadWilkerson26NYJ2015,Muhammad Wilkerson,2015,dl_lb,26,25-28,NYJ,1,183,16,15
AkinAyodele27DAL2006,Akin Ayodele,2006,dl_lb,27,25-28,DAL,6,250,16,16
RemiAyodele27NOR2010,Remi Ayodele,2010,dl_lb,27,25-28,NOR,Undrafted,Undrafted,16,16
JasonBabin27SEA2007,Jason Babin,2007,dl_lb,27,25-28,SEA,1,178,2,0
JonathanBabineaux27ATL2008,Jonathan Babineaux,2008,dl_lb,27,25-28,ATL,5,217,16,16
AllenBailey27KAN2016,Allen Bailey,2016,dl_lb,27,25-28,KAN,6,247,5,5
BossBailey27DET2006,Boss Bailey,2006,dl_lb,27,25-28,DET,5,190,16,12
PatrickBailey27TEN2012,Patrick Bailey,2012,dl_lb,27,25-28,TEN,Undrafted,Undrafted,12,0
RodneyBailey27PIT2006,Rodney Bailey,2006,dl_lb,27,25-28,PIT,9,93,12,0
ChrisBaker27WAS2014,Chris Baker,2014,dl_lb,27,25-28,WAS,Undrafted,Undrafted,15,12
RyanBaker27MIA2011,Ryan Baker,2011,dl_lb,27,25-28,MIA,Undrafted,Undrafted,2,0
DaveBall27TEN2008,Dave Ball,2008,dl_lb,27,25-28,TEN,8,40,15,3
MikeBalogun27BUF2010,Mike Balogun,2010,dl_lb,27,25-28,BUF,Undrafted,Undrafted,2,0
JustinBannan27BAL2006,Justin Bannan,2006,dl_lb,27,25-28,BAL,8,46,11,1
TullyBanta-Cain27SFO2007,Tully Banta-Cain,2007,dl_lb,27,25-28,SFO,10,156,16,10
ShawnBarber27PHI2002,Shawn Barber,2002,dl_lb,27,25-28,PHI,7,18,16,16
AntwanBarnes27SDG2011,Antwan Barnes,2011,dl_lb,27,25-28,SDG,7,41,16,5
LionelBarnes27JAX2003,Lionel Barnes,2003,dl_lb,27,25-28,JAX,9,87,13,0
NickBarnett27GNB2008,Nick Barnett,2008,dl_lb,27,25-28,GNB,1,180,9,9
EricBarton27NYJ2004,Eric Barton,2004,dl_lb,27,25-28,NYJ,8,54,16,15
ConnorBarwin27PHI2013,Connor Barwin,2013,dl_lb,27,25-28,PHI,5,203,16,16
DavidBass272TM2017,David Bass,2017,dl_lb,27,25-28,2TM,10,150,15,2
DarenBates27TEN2017,Daren Bates,2017,dl_lb,27,25-28,TEN,Undrafted,Undrafted,16,0
JonBeason27CAR2012,Jon Beason,2012,dl_lb,27,25-28,CAR,1,168,4,4
MontyBeisel27NWE2005,Monty Beisel,2005,dl_lb,27,25-28,NWE,7,11,15,6
KendrellBell27KAN2007,Kendrell Bell,2007,dl_lb,27,25-28,KAN,5,195,11,0
MarcusBell27DET2006,Marcus Bell,2006,dl_lb,27,25-28,DET,7,29,13,7
NickBellore27SFO2016,Nick Bellore,2016,dl_lb,27,25-28,SFO,Undrafted,Undrafted,14,10
MichaelBennett27TAM2012,Michael Bennett,2012,dl_lb,27,25-28,TAM,Undrafted,Undrafted,16,16
KevinBentley27SEA2006,Kevin Bentley,2006,dl_lb,27,25-28,SEA,7,5,14,0
RockyBernard27SEA2006,Rocky Bernard,2006,dl_lb,27,25-28,SEA,8,54,16,15
BertrandBerry27DEN2002,Bertrand Berry,2002,dl_lb,27,25-28,DEN,6,247,16,1
KroyBiermann27ATL2012,Kroy Biermann,2012,dl_lb,27,25-28,ATL,8,63,16,3
RyonBingham27SDG2008,Ryon Bingham,2008,dl_lb,27,25-28,SDG,10,118,16,0
DesmondBishop27GNB2011,Desmond Bishop,2011,dl_lb,27,25-28,GNB,9,105,13,13
FreddieBishop27NYJ2017,Freddie Bishop,2017,dl_lb,27,25-28,NYJ,Undrafted,Undrafted,5,0
QuincyBlack27TAM2011,Quincy Black,2011,dl_lb,27,25-28,TAM,6,227,14,12
ChaseBlackburn27NYG2010,Chase Blackburn,2010,dl_lb,27,25-28,NYG,Undrafted,Undrafted,14,0
RockyBoiman27IND2007,Rocky Boiman,2007,dl_lb,27,25-28,IND,7,40,16,7
MichaelBoley27NYG2009,Michael Boley,2009,dl_lb,27,25-28,NYG,8,70,11,11
AlfonsoBoone27CHI2003,Alfonso Boone,2003,dl_lb,27,25-28,CHI,10,172,16,6
DorianBoose27WAS2001,Dorian Boose,2001,dl_lb,27,25-28,WAS,5,214,10,2
RyanBoschetti27WAS2008,Ryan Boschetti,2008,dl_lb,27,25-28,WAS,Undrafted,Undrafted,3,0
JonathanBostic27PIT2018,Jonathan Bostic,2018,dl_lb,27,25-28,PIT,5,208,7,7
KyleBosworth27DAL2013,Kyle Bosworth,2013,dl_lb,27,25-28,DAL,Undrafted,Undrafted,14,0
PeterBoulware27BAL2001,Peter Boulware,2001,dl_lb,27,25-28,BAL,1,196,16,14
AlvinBowen27JAX2010,Alvin Bowen,2010,dl_lb,27,25-28,JAX,8,55,2,0
StephenBowen27WAS2011,Stephen Bowen,2011,dl_lb,27,25-28,WAS,Undrafted,Undrafted,16,16
DavidBowens27MIA2004,David Bowens,2004,dl_lb,27,25-28,MIA,8,67,16,15
TimBowens27MIA2000,Tim Bowens,2000,dl_lb,27,25-28,MIA,1,114,15,15
NaVorroBowman27SFO2015,NaVorro Bowman,2015,dl_lb,27,25-28,SFO,6,253,16,16
TonyBrackens27JAX2001,Tony Brackens,2001,dl_lb,27,25-28,JAX,5,189,12,12
GaryBrackett27IND2007,Gary Brackett,2007,dl_lb,27,25-28,IND,Undrafted,Undrafted,16,16
AllenBradford27ATL2015,Allen Bradford,2015,dl_lb,27,25-28,ATL,9,99,6,0
NigelBradham27PHI2016,Nigel Bradham,2016,dl_lb,27,25-28,PHI,7,9,16,16
StewartBradley27PHI2010,Stewart Bradley,2010,dl_lb,27,25-28,PHI,6,248,12,12
BryanBraman27PHI2014,Bryan Braman,2014,dl_lb,27,25-28,PHI,Undrafted,Undrafted,16,0
AlanBranch27SEA2011,Alan Branch,2011,dl_lb,27,25-28,SEA,5,189,15,15
AndreBranch27MIA2016,Andre Branch,2016,dl_lb,27,25-28,MIA,5,194,16,11
TylerBrayton27OAK2006,Tyler Brayton,2006,dl_lb,27,25-28,OAK,1,187,16,13
LanceBriggs27CHI2007,Lance Briggs,2007,dl_lb,27,25-28,CHI,6,227,14,14
JasperBrinkley27MIN2012,Jasper Brinkley,2012,dl_lb,27,25-28,MIN,8,59,16,15
RaheemBrock27IND2005,Raheem Brock,2005,dl_lb,27,25-28,IND,10,155,16,16
MichaelBrockers27LAR2017,Michael Brockers,2017,dl_lb,27,25-28,LAR,1,47,16,15
LorenzoBromell27MIN2002,Lorenzo Bromell,2002,dl_lb,27,25-28,MIN,7,6,16,1
KeithBrooking27ATL2002,Keith Brooking,2002,dl_lb,27,25-28,ATL,1,25,16,16
AhmadBrooks27SFO2011,Ahmad Brooks,2011,dl_lb,27,25-28,SFO,6,1,16,16
DerrickBrooks*27TAM2000,Derrick Brooks*,2000,dl_lb,27,25-28,TAM,1,179,16,16
AlexBrown27CHI2006,Alex Brown,2006,dl_lb,27,25-28,CHI,7,8,16,16
CornellBrown27BAL2002,Cornell Brown,2002,dl_lb,27,25-28,BAL,9,107,16,14
CourtneyBrown27DEN2005,Courtney Brown,2005,dl_lb,27,25-28,DEN,1,2,14,13
EveretteBrown27WAS2014,Everette Brown,2014,dl_lb,27,25-28,WAS,5,200,6,0
KourtneiBrown27TAM2015,Kourtnei Brown,2015,dl_lb,27,25-28,TAM,Undrafted,Undrafted,4,0
RickyBrown27OAK2010,Ricky Brown,2010,dl_lb,27,25-28,OAK,Undrafted,Undrafted,14,1
TonyBrown27TEN2007,Tony Brown,2007,dl_lb,27,25-28,TEN,Undrafted,Undrafted,16,16
ZachBrown27BUF2016,Zach Brown,2016,dl_lb,27,25-28,BUF,5,210,16,16
JohnBrowning27KAN2000,John Browning,2000,dl_lb,27,25-28,KAN,6,227,16,16
TedyBruschi27NWE2000,Tedy Bruschi,2000,dl_lb,27,25-28,NWE,6,247,16,16
CorbinBryant27BUF2015,Corbin Bryant,2015,dl_lb,27,25-28,BUF,Undrafted,Undrafted,16,10
DesmondBryant27OAK2012,Desmond Bryant,2012,dl_lb,27,25-28,OAK,Undrafted,Undrafted,16,8
RedBryant27SEA2011,Red Bryant,2011,dl_lb,27,25-28,SEA,7,27,16,16
KeithBulluck27TEN2004,Keith Bulluck,2004,dl_lb,27,25-28,TEN,1,183,16,16
TimBulman27HOU2009,Tim Bulman,2009,dl_lb,27,25-28,HOU,Undrafted,Undrafted,15,1
BrodrickBunkley27PHI2010,Brodrick Bunkley,2010,dl_lb,27,25-28,PHI,1,47,14,5
VontazeBurfict27CIN2017,Vontaze Burfict,2017,dl_lb,27,25-28,CIN,Undrafted,Undrafted,10,10
DerrickBurgess27OAK2005,Derrick Burgess,2005,dl_lb,27,25-28,OAK,6,222,16,12
PrescottBurgess27BAL2011,Prescott Burgess,2011,dl_lb,27,25-28,BAL,9,121,3,0
KevinBurnett27SDG2009,Kevin Burnett,2009,dl_lb,27,25-28,SDG,5,199,11,7
MorganBurnett27GNB2016,Morgan Burnett,2016,dl_lb,27,25-28,GNB,6,231,15,15
ShaneBurton27NYJ2001,Shane Burton,2001,dl_lb,27,25-28,NYJ,8,59,15,13
DonaldButler27SDG2015,Donald Butler,2015,dl_lb,27,25-28,SDG,6,239,16,9
VictorButler272TM2014,Victor Butler,2014,dl_lb,27,25-28,2TM,7,15,2,0
JoshBynes27DET2016,Josh Bynes,2016,dl_lb,27,25-28,DET,Undrafted,Undrafted,9,8
CalaisCampbell27ARI2013,Calais Campbell,2013,dl_lb,27,25-28,ARI,5,208,16,16
KharyCampbell27WAS2006,Khary Campbell,2006,dl_lb,27,25-28,WAS,Undrafted,Undrafted,14,1
JamesCannida27IND2002,James Cannida,2002,dl_lb,27,25-28,IND,9,86,10,7
ChrisCanty27NYG2009,Chris Canty,2009,dl_lb,27,25-28,NYG,7,39,8,4
TankCarder27CLE2016,Tank Carder,2016,dl_lb,27,25-28,CLE,8,55,16,0
BobbyCarpenter272TM2010,Bobby Carpenter,2010,dl_lb,27,25-28,2TM,1,91,15,4
TankCarradine27SFO2017,Tank Carradine,2017,dl_lb,27,25-28,SFO,5,197,8,7
AdamCarriker27WAS2011,Adam Carriker,2011,dl_lb,27,25-28,WAS,1,36,16,15
MarquesDouglas27BAL2004,Marques Douglas,2004,dl_lb,27,25-28,BAL,Undrafted,Undrafted,16,15
LegerDouzable27NYJ2013,Leger Douzable,2013,dl_lb,27,25-28,NYJ,Undrafted,Undrafted,16,0
ChrisDraft27ATL2003,Chris Draft,2003,dl_lb,27,25-28,ATL,9,66,16,16
ElvisDumervil27DEN2011,Elvis Dumervil,2011,dl_lb,27,25-28,DEN,7,32,14,14
Jo-LonnDunbar27STL2012,Jo-Lonn Dunbar,2012,dl_lb,27,25-28,STL,Undrafted,Undrafted,16,16
JamieDuncan27STL2002,Jamie Duncan,2002,dl_lb,27,25-28,STL,6,245,16,12
CarlosDunlap27CIN2016,Carlos Dunlap,2016,dl_lb,27,25-28,CIN,5,212,16,16
JustinDurant27DET2012,Justin Durant,2012,dl_lb,27,25-28,DET,5,205,16,14
NickDzubnar27LAC2018,Nick Dzubnar,2018,dl_lb,27,25-28,LAC,Undrafted,Undrafted,7,0
NickEason27PIT2007,Nick Eason,2007,dl_lb,27,25-28,PIT,7,19,16,1
A.J.Edds272TM2014,A.J. Edds,2014,dl_lb,27,25-28,2TM,7,24,6,0
KasimEdebali27NOR2016,Kasim Edebali,2016,dl_lb,27,25-28,NOR,Undrafted,Undrafted,16,1
DonnieEdwards27KAN2000,Donnie Edwards,2000,dl_lb,27,25-28,KAN,7,260,16,16
KalimbaEdwards27DET2006,Kalimba Edwards,2006,dl_lb,27,25-28,DET,5,191,16,10
LavarEdwards27CLE2017,Lavar Edwards,2017,dl_lb,27,25-28,CLE,8,50,3,0
RayEdwards27ATL2012,Ray Edwards,2012,dl_lb,27,25-28,ATL,7,33,9,4
RonEdwards27KAN2006,Ron Edwards,2006,dl_lb,27,25-28,KAN,6,236,16,16
IsaiahEkejiuba27OAK2008,Isaiah Ekejiuba,2008,dl_lb,27,25-28,OAK,Undrafted,Undrafted,16,0
EbenezerEkuban27DAL2003,Ebenezer Ekuban,2003,dl_lb,27,25-28,DAL,1,114,15,14
DannellEllerbe27BAL2012,Dannell Ellerbe,2012,dl_lb,27,25-28,BAL,Undrafted,Undrafted,13,7
GregEllis27DAL2002,Greg Ellis,2002,dl_lb,27,25-28,DAL,1,240,15,15
JustinEllis27OAK2017,Justin Ellis,2017,dl_lb,27,25-28,OAK,7,11,16,14
KenrickEllis27NYJ2014,Kenrick Ellis,2014,dl_lb,27,25-28,NYJ,6,256,14,0
SedrickEllis27NOR2012,Sedrick Ellis,2012,dl_lb,27,25-28,NOR,1,229,16,16
ShaunEllis27NYJ2004,Shaun Ellis,2004,dl_lb,27,25-28,NYJ,1,25,15,15
LutherElliss27DET2000,Luther Elliss,2000,dl_lb,27,25-28,DET,1,114,16,16
KyleEmanuel27LAC2018,Kyle Emanuel,2018,dl_lb,27,25-28,LAC,8,62,7,4
CarlosEmmons27PHI2000,Carlos Emmons,2000,dl_lb,27,25-28,PHI,10,160,16,13
JustinEna27TEN2004,Justin Ena,2004,dl_lb,27,25-28,TEN,Undrafted,Undrafted,16,5
JohnEngelberger27SFO2003,John Engelberger,2003,dl_lb,27,25-28,SFO,5,191,16,16
LarryEnglish27SDG2013,Larry English,2013,dl_lb,27,25-28,SDG,1,69,9,5
DemetricEvans27WAS2006,Demetric Evans,2006,dl_lb,27,25-28,WAS,Undrafted,Undrafted,16,0
FredEvans27MIN2010,Fred Evans,2010,dl_lb,27,25-28,MIN,10,127,8,0
TroyEvans27HOU2004,Troy Evans,2004,dl_lb,27,25-28,HOU,Undrafted,Undrafted,13,0
KylerFackrell27GNB2018,Kyler Fackrell,2018,dl_lb,27,25-28,GNB,6,249,7,0
NickFairley27STL2015,Nick Fairley,2015,dl_lb,27,25-28,STL,1,36,15,0
JonathanFanene27CIN2009,Jonathan Fanene,2009,dl_lb,27,25-28,CIN,10,150,16,10
HebronFangupo272TM2012,Hebron Fangupo,2012,dl_lb,27,25-28,2TM,Undrafted,Undrafted,1,0
JamesFarrior27PIT2002,James Farrior,2002,dl_lb,27,25-28,PIT,1,240,14,14
GregFavors27TEN2001,Greg Favors,2001,dl_lb,27,25-28,TEN,7,26,16,12
FrankFerrara27NYG2002,Frank Ferrara,2002,dl_lb,27,25-28,NYG,Undrafted,Undrafted,16,1
JohnFiala27PIT2000,John Fiala,2000,dl_lb,27,25-28,PIT,9,76,16,0
RonaldFields27SFO2008,Ronald Fields,2008,dl_lb,27,25-28,SFO,8,44,16,0
BryceFisher27STL2004,Bryce Fisher,2004,dl_lb,27,25-28,STL,10,166,16,14
DaneFletcher27NWE2013,Dane Fletcher,2013,dl_lb,27,25-28,NWE,Undrafted,Undrafted,15,1
LondonFletcher27BUF2002,London Fletcher,2002,dl_lb,27,25-28,BUF,Undrafted,Undrafted,16,16
AndreFluellen272TM2012,Andre Fluellen,2012,dl_lb,27,25-28,2TM,6,248,5,1
MoiseFokou27IND2012,Moise Fokou,2012,dl_lb,27,25-28,IND,10,147,16,1
LarryFoote27PIT2007,Larry Foote,2007,dl_lb,27,25-28,PIT,7,34,16,16
DeeFord27KAN2018,Dee Ford,2018,dl_lb,27,25-28,KAN,1,146,8,8
JacobFord27TEN2010,Jacob Ford,2010,dl_lb,27,25-28,TEN,9,118,14,5
JayForeman27HOU2003,Jay Foreman,2003,dl_lb,27,25-28,HOU,8,65,16,16
L.J.Fort27PIT2017,L.J. Fort,2017,dl_lb,27,25-28,PIT,Undrafted,Undrafted,15,0
MasonFoster27WAS2016,Mason Foster,2016,dl_lb,27,25-28,WAS,6,245,16,13
RyanFowler27NYJ2009,Ryan Fowler,2009,dl_lb,27,25-28,NYJ,Undrafted,Undrafted,8,0
KeyaronFox27PIT2009,Keyaron Fox,2009,dl_lb,27,25-28,PIT,6,255,16,3
A.J.Francis27WAS2017,A.J. Francis,2017,dl_lb,27,25-28,WAS,Undrafted,Undrafted,6,0
RobFrancois27GNB2012,Rob Francois,2012,dl_lb,27,25-28,GNB,Undrafted,Undrafted,16,0
AubrayoFranklin27SFO2007,Aubrayo Franklin,2007,dl_lb,27,25-28,SFO,8,54,14,13
AndreFrazier27PIT2009,Andre Frazier,2009,dl_lb,27,25-28,PIT,Undrafted,Undrafted,14,0
JerrellFreeman27IND2013,Jerrell Freeman,2013,dl_lb,27,25-28,IND,Undrafted,Undrafted,16,16
DwightFreeney27IND2007,Dwight Freeney,2007,dl_lb,27,25-28,IND,1,14,9,9
JonathanFreeny27NWE2016,Jonathan Freeny,2016,dl_lb,27,25-28,NWE,Undrafted,Undrafted,5,4
ScottFujita27NOR2006,Scott Fujita,2006,dl_lb,27,25-28,NOR,8,51,16,16
AndrewGachkar27DAL2015,Andrew Gachkar,2015,dl_lb,27,25-28,DAL,10,151,16,1
OmarGaither27CAR2011,Omar Gaither,2011,dl_lb,27,25-28,CAR,8,78,10,4
ScottGalyon27MIA2001,Scott Galyon,2001,dl_lb,27,25-28,MIA,9,94,16,2
AntonioGaray27CHI2006,Antonio Garay,2006,dl_lb,27,25-28,CHI,9,108,4,0
DarylGardener27MIA2000,Daryl Gardener,2000,dl_lb,27,25-28,MIA,1,114,10,10
BarryGardner27CLE2003,Barry Gardner,2003,dl_lb,27,25-28,CLE,5,191,16,0
TerenceGarvin27SFO2018,Terence Garvin,2018,dl_lb,27,25-28,SFO,Undrafted,Undrafted,1,0
AkbarGbaja-Biamila27SDG2006,Akbar Gbaja-Biamila,2006,dl_lb,27,25-28,SDG,Undrafted,Undrafted,3,0
KabeerGbaja-Biamila27GNB2004,Kabeer Gbaja-Biamila,2004,dl_lb,27,25-28,GNB,8,57,16,15
CliftonGeathers272TM2014,Clifton Geathers,2014,dl_lb,27,25-28,2TM,9,98,9,0
RobertGeathers27CIN2010,Robert Geathers,2010,dl_lb,27,25-28,CIN,7,22,16,16
WilliamGholston27TAM2018,William Gholston,2018,dl_lb,27,25-28,TAM,7,32,7,2
GaryGibson27STL2009,Gary Gibson,2009,dl_lb,27,25-28,STL,Undrafted,Undrafted,5,5
WallaceGilberry27KAN2011,Wallace Gilberry,2011,dl_lb,27,25-28,KAN,Undrafted,Undrafted,16,1
TonyGilbert27JAX2006,Tony Gilbert,2006,dl_lb,27,25-28,JAX,9,125,16,0
JasonGlenn27MIN2006,Jason Glenn,2006,dl_lb,27,25-28,MIN,9,84,9,0
La'RoiGlover27NOR2001,La'Roi Glover,2001,dl_lb,27,25-28,NOR,8,76,16,16
ChrisGocong27CLE2010,Chris Gocong,2010,dl_lb,27,25-28,CLE,6,231,16,16
RandallGodfrey27TEN2000,Randall Godfrey,2000,dl_lb,27,25-28,TEN,5,206,16,16
IanGold27DEN2005,Ian Gold,2005,dl_lb,27,25-28,DEN,5,197,16,16
BrittanGolden27ARI2015,Brittan Golden,2015,dl_lb,27,25-28,ARI,Undrafted,Undrafted,16,0
KedricGolston27WAS2010,Kedric Golston,2010,dl_lb,27,25-28,WAS,9,109,13,13
JeffGooch27TAM2001,Jeff Gooch,2001,dl_lb,27,25-28,TAM,Undrafted,Undrafted,13,0
NajeeGoode27PHI2016,Najee Goode,2016,dl_lb,27,25-28,PHI,8,48,16,0
TavaresGooden27SFO2011,Tavares Gooden,2011,dl_lb,27,25-28,SFO,6,231,16,0
AmonGordon27TEN2008,Amon Gordon,2008,dl_lb,27,25-28,TEN,8,71,2,0
BrandonGraham27PHI2015,Brandon Graham,2015,dl_lb,27,25-28,PHI,1,36,16,10
CharlesGrant27NOR2005,Charles Grant,2005,dl_lb,27,25-28,NOR,1,168,16,14
LarryGrant27SFO2012,Larry Grant,2012,dl_lb,27,25-28,SFO,10,129,16,0
PaulGrasmanis27PHI2001,Paul Grasmanis,2001,dl_lb,27,25-28,PHI,7,21,14,2
BarrettGreen27NYG2004,Barrett Green,2004,dl_lb,27,25-28,NYG,5,208,10,9
JarvisGreen27NWE2006,Jarvis Green,2006,dl_lb,27,25-28,NWE,7,32,16,4
LouisGreen27DEN2006,Louis Green,2006,dl_lb,27,25-28,DEN,Undrafted,Undrafted,16,0
ChadGreenway27MIN2010,Chad Greenway,2010,dl_lb,27,25-28,MIN,1,80,16,16
CoryGreenwood27KAN2012,Cory Greenwood,2012,dl_lb,27,25-28,KAN,Undrafted,Undrafted,16,0
MorlonGreenwood27HOU2005,Morlon Greenwood,2005,dl_lb,27,25-28,HOU,6,249,16,16
KellyGregg27BAL2003,Kelly Gregg,2003,dl_lb,27,25-28,BAL,9,84,16,15
DamianGregory27TAM2004,Damian Gregory,2004,dl_lb,27,25-28,TAM,Undrafted,Undrafted,6,0
NickGreisen27JAX2006,Nick Greisen,2006,dl_lb,27,25-28,JAX,8,61,16,10
EversonGriffen27MIN2014,Everson Griffen,2014,dl_lb,27,25-28,MIN,7,4,16,16
CorneliusGriffin27NYG2003,Cornelius Griffin,2003,dl_lb,27,25-28,NYG,5,199,15,15
KrisGriffin27CLE2008,Kris Griffin,2008,dl_lb,27,25-28,CLE,Undrafted,Undrafted,10,0
OtisGrigsby272TM2007,Otis Grigsby,2007,dl_lb,27,25-28,2TM,Undrafted,Undrafted,8,0
QuentinGroves27OAK2011,Quentin Groves,2011,dl_lb,27,25-28,OAK,5,210,16,3
LetroyGuion27GNB2014,Letroy Guion,2014,dl_lb,27,25-28,GNB,8,61,16,16
LawrenceGuy27NWE2017,Lawrence Guy,2017,dl_lb,27,25-28,NWE,10,150,16,15
GaryGuyton27SDG2012,Gary Guyton,2012,dl_lb,27,25-28,SDG,Undrafted,Undrafted,1,1
MarioHaggan27BUF2007,Mario Haggan,2007,dl_lb,27,25-28,BUF,10,144,16,0
ClarkHaggans27PIT2004,Clark Haggans,2004,dl_lb,27,25-28,PIT,8,44,13,13
TyjuanHagler27IND2008,Tyjuan Hagler,2008,dl_lb,27,25-28,IND,8,84,9,3
JermaineHaley27MIA2000,Jermaine Haley,2000,dl_lb,27,25-28,MIA,10,149,15,4
TambaHali27KAN2010,Tamba Hali,2010,dl_lb,27,25-28,KAN,1,114,16,16
JamesHall27DET2004,James Hall,2004,dl_lb,27,25-28,DET,Undrafted,Undrafted,16,16
DarrenHambrick27CLE2002,Darren Hambrick,2002,dl_lb,27,25-28,CLE,8,37,16,15
MichaelHamilton272TM2000,Michael Hamilton,2000,dl_lb,27,25-28,2TM,6,234,4,0
UhuruHamiter27PHI2000,Uhuru Hamiter,2000,dl_lb,27,25-28,PHI,Undrafted,Undrafted,7,0
CaseyHampton27PIT2004,Casey Hampton,2004,dl_lb,27,25-28,PIT,1,102,6,6
ParysHaralson27SFO2011,Parys Haralson,2011,dl_lb,27,25-28,SFO,8,48,16,16
GregHardy27DAL2015,Greg Hardy,2015,dl_lb,27,25-28,DAL,9,86,12,12
KevinHardy27JAX2000,Kevin Hardy,2000,dl_lb,27,25-28,JAX,1,113,16,16
AnthonyHargrove27NOR2010,Anthony Hargrove,2010,dl_lb,27,25-28,NOR,6,253,14,0
DavidHarris27NYJ2011,David Harris,2011,dl_lb,27,25-28,NYJ,5,204,16,16
MarquesHarris27SDG2008,Marques Harris,2008,dl_lb,27,25-28,SDG,Undrafted,Undrafted,15,3
NapoleonHarris27MIN2006,Napoleon Harris,2006,dl_lb,27,25-28,MIN,1,146,14,14
ShelbyHarris27DEN2018,Shelby Harris,2018,dl_lb,27,25-28,DEN,10,152,8,0
TommieHarris27CHI2010,Tommie Harris,2010,dl_lb,27,25-28,CHI,1,47,15,6
ArnoldHarrison272TM2009,Arnold Harrison,2009,dl_lb,27,25-28,2TM,Undrafted,Undrafted,12,0
DamonHarrison27NYJ2015,Damon Harrison,2015,dl_lb,27,25-28,NYJ,Undrafted,Undrafted,16,16
JamesHarrison27PIT2005,James Harrison,2005,dl_lb,27,25-28,PIT,Undrafted,Undrafted,16,3
EdHartwell27ATL2005,Ed Hartwell,2005,dl_lb,27,25-28,ATL,7,32,5,5
JasonHatcher27DAL2009,Jason Hatcher,2009,dl_lb,27,25-28,DAL,6,254,16,0
SpencerHavner272TM2010,Spencer Havner,2010,dl_lb,27,25-28,2TM,Undrafted,Undrafted,6,0
A.J.Hawk27GNB2011,A.J. Hawk,2011,dl_lb,27,25-28,GNB,1,207,14,14
DavidHawthorne27NOR2012,David Hawthorne,2012,dl_lb,27,25-28,NOR,Undrafted,Undrafted,11,10
NickHayden27DAL2013,Nick Hayden,2013,dl_lb,27,25-28,DAL,9,93,16,16
JovanHaye27TEN2009,Jovan Haye,2009,dl_lb,27,25-28,TEN,9,101,15,15
GenoHayes27JAX2014,Geno Hayes,2014,dl_lb,27,25-28,JAX,9,86,16,11
GeraldHayes27ARI2007,Gerald Hayes,2007,dl_lb,27,25-28,ARI,6,230,16,16
WilliamHayes27STL2012,William Hayes,2012,dl_lb,27,25-28,STL,7,7,16,0
AlbertHaynesworth27TEN2008,Albert Haynesworth,2008,dl_lb,27,25-28,TEN,1,58,14,14
AdamHayward27TAM2011,Adam Hayward,2011,dl_lb,27,25-28,TAM,9,94,16,2
ReggieHayward27JAX2006,Reggie Hayward,2006,dl_lb,27,25-28,JAX,6,248,1,1
KellenHeard272TM2012,Kellen Heard,2012,dl_lb,27,25-28,2TM,Undrafted,Undrafted,11,0
NateHemsley27CAR2001,Nate Hemsley,2001,dl_lb,27,25-28,CAR,Undrafted,Undrafted,9,3
E.J.Henderson27MIN2007,E.J. Henderson,2007,dl_lb,27,25-28,MIN,5,197,16,16
ErinHenderson27MIN2013,Erin Henderson,2013,dl_lb,27,25-28,MIN,Undrafted,Undrafted,14,12
JohnHenderson27JAX2006,John Henderson,2006,dl_lb,27,25-28,JAX,1,251,16,16
WillHerring27SEA2010,Will Herring,2010,dl_lb,27,25-28,SEA,8,71,15,0
MarkHerzlich27NYG2014,Mark Herzlich,2014,dl_lb,27,25-28,NYG,Undrafted,Undrafted,15,8
CameronHeyward27PIT2016,Cameron Heyward,2016,dl_lb,27,25-28,PIT,1,186,7,7
JustinHickman27IND2012,Justin Hickman,2012,dl_lb,27,25-28,IND,Undrafted,Undrafted,12,0
AkiemHicks27CHI2016,Akiem Hicks,2016,dl_lb,27,25-28,CHI,6,250,16,16
EricHicks27KAN2003,Eric Hicks,2003,dl_lb,27,25-28,KAN,Undrafted,Undrafted,16,16
Dont'aHightower27NWE2017,Dont'a Hightower,2017,dl_lb,27,25-28,NWE,1,168,5,5
LeRoyHill27SEA2009,LeRoy Hill,2009,dl_lb,27,25-28,SEA,6,260,11,11
SammieLee Hill27TEN2013,Sammie Lee Hill,2013,dl_lb,27,25-28,TEN,7,20,13,10
HunterHillenmeyer27CHI2007,Hunter Hillenmeyer,2007,dl_lb,27,25-28,CHI,8,76,16,14
NateHobgood-Chittick27KAN2001,Nate Hobgood-Chittick,2001,dl_lb,27,25-28,KAN,Undrafted,Undrafted,10,1
VictorHobson27NYJ2007,Victor Hobson,2007,dl_lb,27,25-28,NYJ,5,211,16,14
AbdulHodge27CIN2009,Abdul Hodge,2009,dl_lb,27,25-28,CIN,6,226,16,0
SedrickHodge27NOR2005,Sedrick Hodge,2005,dl_lb,27,25-28,NOR,6,230,13,12
GeraldHodges27ARI2018,Gerald Hodges,2018,dl_lb,27,25-28,ARI,7,26,8,2
WarrickHoldman27CHI2002,Warrick Holdman,2002,dl_lb,27,25-28,CHI,7,10,4,4
DariusHolland27CLE2000,Darius Holland,2000,dl_lb,27,25-28,CLE,6,224,16,1
VonnieHolliday27GNB2002,Vonnie Holliday,2002,dl_lb,27,25-28,GNB,1,102,10,10
EarlHolmes27PIT2000,Earl Holmes,2000,dl_lb,27,25-28,PIT,7,32,16,16
KennyHolmes27TEN2000,Kenny Holmes,2000,dl_lb,27,25-28,TEN,1,91,14,13
BernardHolsey27IND2000,Bernard Holsey,2000,dl_lb,27,25-28,IND,Undrafted,Undrafted,16,13
EvanderHood27JAX2014,Evander Hood,2014,dl_lb,27,25-28,JAX,1,187,16,0
WesHorton27CAR2016,Wes Horton,2016,dl_lb,27,25-28,CAR,Undrafted,Undrafted,11,10
JustinHouston27KAN2016,Justin Houston,2016,dl_lb,27,25-28,KAN,6,230,5,5
LamarrHouston27CHI2014,Lamarr Houston,2014,dl_lb,27,25-28,CHI,5,201,8,8
ChrisHovan27TAM2005,Chris Hovan,2005,dl_lb,27,25-28,TAM,1,168,16,16
DarrenHoward27NOR2003,Darren Howard,2003,dl_lb,27,25-28,NOR,5,189,8,8
JayeHoward27KAN2015,Jaye Howard,2015,dl_lb,27,25-28,KAN,7,19,16,14
ThomasHoward27OAK2010,Thomas Howard,2010,dl_lb,27,25-28,OAK,5,194,12,0
OrlandoHuff27ARI2005,Orlando Huff,2005,dl_lb,27,25-28,ARI,7,8,16,12
JerryHughes27BUF2015,Jerry Hughes,2015,dl_lb,27,25-28,BUF,1,186,16,16
JohnHughes27CLE2015,John Hughes,2015,dl_lb,27,25-28,CLE,6,248,16,3
RamonHumber27NOR2014,Ramon Humber,2014,dl_lb,27,25-28,NOR,Undrafted,Undrafted,15,6
DeonHumphrey27JAX2003,Deon Humphrey,2003,dl_lb,27,25-28,JAX,Undrafted,Undrafted,8,0
CletidusHunt27GNB2003,Cletidus Hunt,2003,dl_lb,27,25-28,GNB,6,256,16,16
MargusHunt27CIN2014,Margus Hunt,2014,dl_lb,27,25-28,CIN,5,211,12,0
JasonHunter27DEN2010,Jason Hunter,2010,dl_lb,27,25-28,DEN,Undrafted,Undrafted,16,12
KerryHyder27DET2018,Kerry Hyder,2018,dl_lb,27,25-28,DET,Undrafted,Undrafted,3,0
IsraelIdonije27CHI2007,Israel Idonije,2007,dl_lb,27,25-28,CHI,Undrafted,Undrafted,16,3
MelvinIngram27SDG2016,Melvin Ingram,2016,dl_lb,27,25-28,SDG,1,91,16,16
JuniorIoane27HOU2004,Junior Ioane,2004,dl_lb,27,25-28,HOU,7,11,3,0
GrantIrons27OAK2006,Grant Irons,2006,dl_lb,27,25-28,OAK,Undrafted,Undrafted,2,1
BruceIrvin27SEA2014,Bruce Irvin,2014,dl_lb,27,25-28,SEA,1,58,15,13
CorveyIrvin27TAM2012,Corvey Irvin,2012,dl_lb,27,25-28,TAM,6,255,12,0
NateIrving27IND2015,Nate Irving,2015,dl_lb,27,25-28,IND,6,226,8,2
LarryIzzo27NWE2001,Larry Izzo,2001,dl_lb,27,25-28,NWE,Undrafted,Undrafted,16,0
BradJackson27CAR2002,Brad Jackson,2002,dl_lb,27,25-28,CAR,6,239,11,0
GradyJackson27OAK2000,Grady Jackson,2000,dl_lb,27,25-28,OAK,9,106,16,15
LawrenceJackson27DET2012,Lawrence Jackson,2012,dl_lb,27,25-28,DET,1,179,15,0
RoyMiller27JAX2014,Roy Miller,2014,dl_lb,27,25-28,JAX,6,242,14,14
VonMiller27DEN2016,Von Miller,2016,dl_lb,27,25-28,DEN,1,113,16,16
JeremyMincey27JAX2010,Jeremy Mincey,2010,dl_lb,27,25-28,JAX,9,104,15,8
BarkeviousMingo27IND2017,Barkevious Mingo,2017,dl_lb,27,25-28,IND,1,218,16,6
KevinMinter27CIN2017,Kevin Minter,2017,dl_lb,27,25-28,CIN,5,202,9,7
KoaMisi27MIA2014,Koa Misi,2014,dl_lb,27,25-28,MIA,5,197,11,11
BrandonMitchell27SEA2002,Brandon Mitchell,2002,dl_lb,27,25-28,SEA,5,217,5,2
EarlMitchell27MIA2014,Earl Mitchell,2014,dl_lb,27,25-28,MIA,6,242,16,4
JaymeMitchell27CLE2011,Jayme Mitchell,2011,dl_lb,27,25-28,CLE,Undrafted,Undrafted,14,13
KawikaMitchell27KAN2006,Kawika Mitchell,2006,dl_lb,27,25-28,KAN,5,204,16,16
KeithMitchell27NOR2001,Keith Mitchell,2001,dl_lb,27,25-28,NOR,Undrafted,Undrafted,15,14
MarvinMitchell27MIA2011,Marvin Mitchell,2011,dl_lb,27,25-28,MIA,10,136,16,0
KennyMixon27MIN2002,Kenny Mixon,2002,dl_lb,27,25-28,MIN,5,206,16,16
FiliMoala27IND2012,Fili Moala,2012,dl_lb,27,25-28,IND,5,214,8,8
ArthurMoats27PIT2015,Arthur Moats,2015,dl_lb,27,25-28,PIT,9,89,16,11
JohnMobley27DEN2000,John Mobley,2000,dl_lb,27,25-28,DEN,1,58,15,14
MikeMohamed27NOR2015,Mike Mohamed,2015,dl_lb,27,25-28,NOR,9,101,1,0
MikeMohring27SDG2001,Mike Mohring,2001,dl_lb,27,25-28,SDG,Undrafted,Undrafted,9,0
MikeMontgomery27GNB2010,Mike Montgomery,2010,dl_lb,27,25-28,GNB,9,92,2,0
PeteMonty27MIN2001,Pete Monty,2001,dl_lb,27,25-28,MIN,7,7,6,0
BrandonMoore27SFO2006,Brandon Moore,2006,dl_lb,27,25-28,SFO,Undrafted,Undrafted,16,11
EricMoore27STL2008,Eric Moore,2008,dl_lb,27,25-28,STL,9,98,7,0
LangstonMoore27DET2008,Langston Moore,2008,dl_lb,27,25-28,DET,9,85,9,0
KindalMoorehead27CAR2005,Kindal Moorehead,2005,dl_lb,27,25-28,CAR,8,53,15,0
TimMorabito27CAR2000,Tim Morabito,2000,dl_lb,27,25-28,CAR,Undrafted,Undrafted,16,13
SeanMoran27STL2000,Sean Moran,2000,dl_lb,27,25-28,STL,7,26,15,3
ZekeMoreno27PHI2005,Zeke Moreno,2005,dl_lb,27,25-28,PHI,8,46,4,0
DanMorgan27CAR2005,Dan Morgan,2005,dl_lb,27,25-28,CAR,1,14,13,13
DerrickMorgan27TEN2016,Derrick Morgan,2016,dl_lb,27,25-28,TEN,1,69,15,15
MikeMorgan27SEA2015,Mike Morgan,2015,dl_lb,27,25-28,SEA,Undrafted,Undrafted,14,2
RobMorris27IND2002,Rob Morris,2002,dl_lb,27,25-28,IND,1,179,16,16
KirkMorrison27OAK2009,Kirk Morrison,2009,dl_lb,27,25-28,OAK,6,238,16,16
DezmanMoses27KAN2016,Dezman Moses,2016,dl_lb,27,25-28,KAN,Undrafted,Undrafted,3,0
QuentinMoses27MIA2010,Quentin Moses,2010,dl_lb,27,25-28,MIA,6,224,15,0
C.J.Mosley27JAX2010,C.J. Mosley,2010,dl_lb,27,25-28,JAX,9,104,8,0
JarvisMoss27OAK2011,Jarvis Moss,2011,dl_lb,27,25-28,OAK,1,80,14,1
DanielMuir27IND2010,Daniel Muir,2010,dl_lb,27,25-28,IND,Undrafted,Undrafted,14,14
MichaelMyers272TM2003,Michael Myers,2003,dl_lb,27,25-28,2TM,7,4,8,2
DeShoneMyles27NOR2001,DeShone Myles,2001,dl_lb,27,25-28,NOR,7,12,1,0
JesseNading27HOU2012,Jesse Nading,2012,dl_lb,27,25-28,HOU,Undrafted,Undrafted,16,0
HannibalNavies27GNB2004,Hannibal Navies,2004,dl_lb,27,25-28,GNB,7,4,15,14
MikeNeal27GNB2014,Mike Neal,2014,dl_lb,27,25-28,GNB,5,214,16,3
RyanNece27TAM2006,Ryan Nece,2006,dl_lb,27,25-28,TAM,Undrafted,Undrafted,15,11
ChrisNeild27WAS2014,Chris Neild,2014,dl_lb,27,25-28,WAS,10,172,0,NA
JimNelson27MIN2002,Jim Nelson,2002,dl_lb,27,25-28,MIN,Undrafted,Undrafted,16,1
KeithNewman27MIN2004,Keith Newman,2004,dl_lb,27,25-28,MIN,7,24,15,14
HalotiNgata27BAL2011,Haloti Ngata,2011,dl_lb,27,25-28,BAL,1,25,16,16
DatNguyen27DAL2002,Dat Nguyen,2002,dl_lb,27,25-28,DAL,6,246,8,8
StephenNicholas27ATL2010,Stephen Nicholas,2010,dl_lb,27,25-28,ATL,7,13,16,11
RobNinkovich27NWE2011,Rob Ninkovich,2011,dl_lb,27,25-28,NWE,8,42,16,16
BrandonNoble27DAL2001,Brandon Noble,2001,dl_lb,27,25-28,DAL,Undrafted,Undrafted,16,16
OgemdiNwagbuo27DET2012,Ogemdi Nwagbuo,2012,dl_lb,27,25-28,DET,Undrafted,Undrafted,1,0
ChukieNwokorie27IND2002,Chukie Nwokorie,2002,dl_lb,27,25-28,IND,Undrafted,Undrafted,3,0
MarkNzeocha27SFO2017,Mark Nzeocha,2017,dl_lb,27,25-28,SFO,10,153,10,0
AntwanOdom27CIN2008,Antwan Odom,2008,dl_lb,27,25-28,CIN,5,215,12,8
JaredOdrick27MIA2014,Jared Odrick,2014,dl_lb,27,25-28,MIA,1,179,16,16
EricOgbogu27CIN2002,Eric Ogbogu,2002,dl_lb,27,25-28,CIN,9,73,12,0
AlecOgletree27NYG2018,Alec Ogletree,2018,dl_lb,27,25-28,NYG,1,183,7,7
AdewaleOgunleye27CHI2004,Adewale Ogunleye,2004,dl_lb,27,25-28,CHI,Undrafted,Undrafted,12,12
AlexOkafor27NOR2018,Alex Okafor,2018,dl_lb,27,25-28,NOR,7,7,7,7
ChikeOkeafor27SEA2003,Chike Okeafor,2003,dl_lb,27,25-28,SEA,6,250,16,16
IgorOlshansky27DAL2009,Igor Olshansky,2009,dl_lb,27,25-28,DAL,5,191,16,14
KennyOnatolu27MIN2009,Kenny Onatolu,2009,dl_lb,27,25-28,MIN,Undrafted,Undrafted,16,0
BrianOrakpo27WAS2013,Brian Orakpo,2013,dl_lb,27,25-28,WAS,1,36,15,15
ShanteeOrr27CLE2008,Shantee Orr,2008,dl_lb,27,25-28,CLE,Undrafted,Undrafted,15,0
CalvinPace27ARI2007,Calvin Pace,2007,dl_lb,27,25-28,ARI,1,91,16,16
StephenPaea27WAS2015,Stephen Paea,2015,dl_lb,27,25-28,WAS,5,211,11,1
AntonPalepoi27ARI2005,Anton Palepoi,2005,dl_lb,27,25-28,ARI,5,219,3,0
TennyPalepoi27LAC2017,Tenny Palepoi,2017,dl_lb,27,25-28,LAC,Undrafted,Undrafted,15,0
AshleePalmer27DET2013,Ashlee Palmer,2013,dl_lb,27,25-28,DET,Undrafted,Undrafted,16,10
MitchPalmer27MIN2000,Mitch Palmer,2000,dl_lb,27,25-28,MIN,Undrafted,Undrafted,16,0
NatePalmer27TEN2016,Nate Palmer,2016,dl_lb,27,25-28,TEN,9,106,14,0
JuquaParker27PHI2005,Juqua Parker,2005,dl_lb,27,25-28,PHI,Undrafted,Undrafted,16,1
MikePatterson27PHI2010,Mike Patterson,2010,dl_lb,27,25-28,PHI,1,186,15,14
SethPayne27HOU2002,Seth Payne,2002,dl_lb,27,25-28,HOU,7,19,16,16
SpencerPaysinger27MIA2015,Spencer Paysinger,2015,dl_lb,27,25-28,MIA,Undrafted,Undrafted,14,0
AntwanPeek27HOU2006,Antwan Peek,2006,dl_lb,27,25-28,HOU,6,226,11,2
DomataPeko27CIN2011,Domata Peko,2011,dl_lb,27,25-28,CIN,7,29,16,16
MikePennel27NYJ2018,Mike Pennel,2018,dl_lb,27,25-28,NYJ,Undrafted,Undrafted,8,0
JuliusPeppers27CAR2007,Julius Peppers,2007,dl_lb,27,25-28,CAR,1,113,14,14
NickPerry27GNB2017,Nick Perry,2017,dl_lb,27,25-28,GNB,1,179,12,11
JasonPeter27CAR2001,Jason Peter,2001,dl_lb,27,25-28,CAR,1,47,6,0
BrianPeters27HOU2015,Brian Peters,2015,dl_lb,27,25-28,HOU,Undrafted,Undrafted,12,0
JulianPeterson27SFO2005,Julian Peterson,2005,dl_lb,27,25-28,SFO,1,69,15,14
KennyPeterson27GNB2005,Kenny Peterson,2005,dl_lb,27,25-28,GNB,6,239,16,0
MikePeterson27JAX2003,Mike Peterson,2003,dl_lb,27,25-28,JAX,5,192,16,16
RyanPhillips27IND2001,Ryan Phillips,2001,dl_lb,27,25-28,IND,6,227,13,6
ShaunPhillips27SDG2008,Shaun Phillips,2008,dl_lb,27,25-28,SDG,7,260,16,16
RyanPickett27GNB2006,Ryan Pickett,2006,dl_lb,27,25-28,GNB,1,180,16,16
AntonioPierce27NYG2005,Antonio Pierce,2005,dl_lb,27,25-28,NYG,Undrafted,Undrafted,13,13
OlsenPierre27ARI2018,Olsen Pierre,2018,dl_lb,27,25-28,ARI,Undrafted,Undrafted,6,0
KevinPierre-Louis27NYJ2018,Kevin Pierre-Louis,2018,dl_lb,27,25-28,NYJ,7,39,4,0
JasonPierre-Paul27NYG2016,Jason Pierre-Paul,2016,dl_lb,27,25-28,NYG,1,58,12,12
ClevelandPinkney272TM2004,Cleveland Pinkney,2004,dl_lb,27,25-28,2TM,Undrafted,Undrafted,5,0
RopatiPitoitua27KAN2012,Ropati Pitoitua,2012,dl_lb,27,25-28,KAN,Undrafted,Undrafted,15,10
KavikaPittman27DEN2001,Kavika Pittman,2001,dl_lb,27,25-28,DEN,5,193,14,14
DontariPoe27ATL2017,Dontari Poe,2017,dl_lb,27,25-28,ATL,1,14,16,16
CarlosPolk27SDG2004,Carlos Polk,2004,dl_lb,27,25-28,SDG,7,17,1,0
DaShonPolk27HOU2004,DaShon Polk,2004,dl_lb,27,25-28,HOU,10,170,16,4
TommyPolley27BAL2005,Tommy Polley,2005,dl_lb,27,25-28,BAL,5,199,16,15
T.J.Slaughter27BAL2004,T.J. Slaughter,2004,dl_lb,27,25-28,BAL,6,254,14,1
JustinSmiley27MIA2008,Justin Smiley,2008,dl_lb,27,25-28,MIA,5,203,12,12
AaronSmith27PIT2003,Aaron Smith,2003,dl_lb,27,25-28,PIT,7,13,16,16
AntonioSmith27ARI2008,Antonio Smith,2008,dl_lb,27,25-28,ARI,8,42,16,10
BradySmith27ATL2000,Brady Smith,2000,dl_lb,27,25-28,ATL,6,230,15,14
CoreySmith27DET2006,Corey Smith,2006,dl_lb,27,25-28,DET,Undrafted,Undrafted,8,1
D'AnthonySmith27CHI2015,D'Anthony Smith,2015,dl_lb,27,25-28,CHI,6,234,2,0
DarylSmith27JAX2009,Daryl Smith,2009,dl_lb,27,25-28,JAX,5,195,16,16
DerekSmith27SFO2002,Derek Smith,2002,dl_lb,27,25-28,SFO,6,241,16,16
GarrisonSmith27ARI2018,Garrison Smith,2018,dl_lb,27,25-28,ARI,Undrafted,Undrafted,2,0
JacquiesSmith272TM2017,Jacquies Smith,2017,dl_lb,27,25-28,2TM,Undrafted,Undrafted,3,0
JustinSmith27CIN2006,Justin Smith,2006,dl_lb,27,25-28,CIN,1,196,16,16
KeithSmith27DET2007,Keith Smith,2007,dl_lb,27,25-28,DET,6,233,15,1
KhreemSmith27MIN2006,Khreem Smith,2006,dl_lb,27,25-28,MIN,Undrafted,Undrafted,1,0
LarrySmith27JAX2001,Larry Smith,2001,dl_lb,27,25-28,JAX,5,214,7,0
LeKevin Smith27DEN2009,Le Kevin Smith,2009,dl_lb,27,25-28,DEN,9,120,13,2
MalcolmSmith27OAK2016,Malcolm Smith,2016,dl_lb,27,25-28,OAK,10,160,15,14
MarkSmith27CLE2001,Mark Smith,2001,dl_lb,27,25-28,CLE,10,127,16,11
RaonallSmith27MIN2005,Raonall Smith,2005,dl_lb,27,25-28,MIN,5,194,16,6
RobaireSmith27HOU2004,Robaire Smith,2004,dl_lb,27,25-28,HOU,9,110,16,16
ShaunSmith27CLE2008,Shaun Smith,2008,dl_lb,27,25-28,CLE,Undrafted,Undrafted,11,9
TelvinSmith27JAX2018,Telvin Smith,2018,dl_lb,27,25-28,JAX,8,52,8,8
TravianSmith27OAK2002,Travian Smith,2002,dl_lb,27,25-28,OAK,8,61,16,2
WillSmith27NOR2008,Will Smith,2008,dl_lb,27,25-28,NOR,1,91,16,16
PaulSoliai27MIA2010,Paul Soliai,2010,dl_lb,27,25-28,MIA,7,12,16,14
ScottSolomon27CLE2015,Scott Solomon,2015,dl_lb,27,25-28,CLE,10,126,2,0
IsaacSopoaga27SFO2008,Isaac Sopoaga,2008,dl_lb,27,25-28,SFO,7,8,16,15
DanielSorensen27KAN2017,Daniel Sorensen,2017,dl_lb,27,25-28,KAN,Undrafted,Undrafted,15,14
MarcusSpears27DAL2010,Marcus Spears,2010,dl_lb,27,25-28,DAL,1,114,8,7
AkeemSpence27MIA2018,Akeem Spence,2018,dl_lb,27,25-28,MIA,7,4,8,8
SeanSpence272TM2017,Sean Spence,2017,dl_lb,27,25-28,2TM,6,247,7,4
AnthonySpencer27DAL2011,Anthony Spencer,2011,dl_lb,27,25-28,DAL,1,174,16,15
CodySpencer27NYJ2008,Cody Spencer,2008,dl_lb,27,25-28,NYJ,9,94,14,0
PaulSpicer27JAX2002,Paul Spicer,2002,dl_lb,27,25-28,JAX,Undrafted,Undrafted,16,4
BrandonSpikes27BUF2014,Brandon Spikes,2014,dl_lb,27,25-28,BUF,5,221,16,10
TakeoSpikes27BUF2003,Takeo Spikes,2003,dl_lb,27,25-28,BUF,1,36,16,16
GregSpires27CLE2001,Greg Spires,2001,dl_lb,27,25-28,CLE,6,244,16,4
AustinSpitler27MIA2013,Austin Spitler,2013,dl_lb,27,25-28,MIA,10,171,12,0
DonnieSpragan27DEN2003,Donnie Spragan,2003,dl_lb,27,25-28,DEN,Undrafted,Undrafted,16,8
DamionSquare27SDG2016,Damion Square,2016,dl_lb,27,25-28,SDG,Undrafted,Undrafted,11,7
JeremyStaat27STL2003,Jeremy Staat,2003,dl_lb,27,25-28,STL,5,198,2,0
JoshStamer27BUF2004,Josh Stamer,2004,dl_lb,27,25-28,BUF,Undrafted,Undrafted,16,0
JulianStanford27NYJ2017,Julian Stanford,2017,dl_lb,27,25-28,NYJ,Undrafted,Undrafted,16,1
MontaviousStanley27NOR2008,Montavious Stanley,2008,dl_lb,27,25-28,NOR,9,94,1,0
JustinStaples27TEN2016,Justin Staples,2016,dl_lb,27,25-28,TEN,Undrafted,Undrafted,3,0
RandyStarks27MIA2010,Randy Starks,2010,dl_lb,27,25-28,MIA,6,231,16,16
GlenSteele27CIN2001,Glen Steele,2001,dl_lb,27,25-28,CIN,7,9,16,1
ShamarStephen27SEA2018,Shamar Stephen,2018,dl_lb,27,25-28,SEA,10,136,7,6
DominiqueStevenson27WAS2004,Dominique Stevenson,2004,dl_lb,27,25-28,WAS,10,175,1,0
MattStewart27CLE2006,Matt Stewart,2006,dl_lb,27,25-28,CLE,7,6,16,4
DevonStill27HOU2016,Devon Still,2016,dl_lb,27,25-28,HOU,5,211,3,0
GaryStills27KAN2001,Gary Stills,2001,dl_lb,27,25-28,KAN,6,235,10,0
EdStinson27NYJ2017,Ed Stinson,2017,dl_lb,27,25-28,NYJ,8,70,4,0
MarcusStroud27JAX2005,Marcus Stroud,2005,dl_lb,27,25-28,JAX,1,36,16,16
AndyStudebaker27KAN2012,Andy Studebaker,2012,dl_lb,27,25-28,KAN,9,117,16,1
NathanStupar27ATL2015,Nathan Stupar,2015,dl_lb,27,25-28,ATL,10,147,16,3
TerrellSuggs27BAL2009,Terrell Suggs,2009,dl_lb,27,25-28,BAL,1,3,13,13
NdamukongSuh27DET2014,Ndamukong Suh,2014,dl_lb,27,25-28,DET,1,113,16,16
ChrisSullivan27PIT2000,Chris Sullivan,2000,dl_lb,27,25-28,PIT,7,24,15,2
ShawnSwayda27ATL2001,Shawn Swayda,2001,dl_lb,27,25-28,ATL,9,109,10,0
SamSword27IND2001,Sam Sword,2001,dl_lb,27,25-28,IND,Undrafted,Undrafted,16,2
JoeTafoya27SEA2005,Joe Tafoya,2005,dl_lb,27,25-28,SEA,10,151,15,1
RonaldTalley27ARI2013,Ronald Talley,2013,dl_lb,27,25-28,ARI,Undrafted,Undrafted,6,0
BarronTanner27ARI2000,Barron Tanner,2000,dl_lb,27,25-28,ARI,8,57,4,0
DarrylTapp27PHI2011,Darryl Tapp,2011,dl_lb,27,25-28,PHI,5,222,12,2
JeffTarpinian27HOU2014,Jeff Tarpinian,2014,dl_lb,27,25-28,HOU,Undrafted,Undrafted,14,0
LofaTatupu27SEA2009,Lofa Tatupu,2009,dl_lb,27,25-28,SEA,5,202,5,5
AdariusTaylor27TAM2017,Adarius Taylor,2017,dl_lb,27,25-28,TAM,Undrafted,Undrafted,14,4
BenTaylor27CLE2005,Ben Taylor,2005,dl_lb,27,25-28,CLE,7,16,16,16
DevinTaylor27DET2016,Devin Taylor,2016,dl_lb,27,25-28,DET,7,39,16,16
JasonTaylor*27MIA2001,Jason Taylor*,2001,dl_lb,27,25-28,MIA,6,233,16,16
ShannonTaylor27BAL2002,Shannon Taylor,2002,dl_lb,27,25-28,BAL,9,96,16,2
MantiTe'o27NOR2018,Manti Te'o,2018,dl_lb,27,25-28,NOR,5,194,4,2
DanielTe'o-Nesheim27TAM2013,Daniel Te'o-Nesheim,2013,dl_lb,27,25-28,TAM,6,247,16,12
CraigTerrill27SEA2007,Craig Terrill,2007,dl_lb,27,25-28,SEA,9,101,16,2
TimTerry27SEA2001,Tim Terry,2001,dl_lb,27,25-28,SEA,Undrafted,Undrafted,16,0
AdaliusThomas27BAL2004,Adalius Thomas,2004,dl_lb,27,25-28,BAL,9,98,16,16
BryanThomas27NYJ2006,Bryan Thomas,2006,dl_lb,27,25-28,NYJ,1,135,16,16
CamThomas27SDG2013,Cam Thomas,2013,dl_lb,27,25-28,SDG,8,54,16,10
DontarriousThomas27MIN2007,Dontarrious Thomas,2007,dl_lb,27,25-28,MIN,5,205,13,0
EdwardThomas27JAX2002,Edward Thomas,2002,dl_lb,27,25-28,JAX,Undrafted,Undrafted,4,0
HollisThomas27PHI2001,Hollis Thomas,2001,dl_lb,27,25-28,PHI,Undrafted,Undrafted,14,14
J.T.Thomas27NYG2015,J.T. Thomas,2015,dl_lb,27,25-28,NYG,9,108,12,11
JoeThomas27DAL2018,Joe Thomas,2018,dl_lb,27,25-28,DAL,Undrafted,Undrafted,5,0
JoshThomas27IND2008,Josh Thomas,2008,dl_lb,27,25-28,IND,Undrafted,Undrafted,16,3
RobertThomas27BUF2018,Robert Thomas,2018,dl_lb,27,25-28,BUF,Undrafted,Undrafted,2,0
RobertThomas27OAK2007,Robert Thomas,2007,dl_lb,27,25-28,OAK,1,186,14,10
SantonioThomas27CLE2008,Santonio Thomas,2008,dl_lb,27,25-28,CLE,Undrafted,Undrafted,11,1
ZachThomas27MIA2000,Zach Thomas,2000,dl_lb,27,25-28,MIA,8,63,11,11
ChaunThompson27CLE2007,Chaun Thompson,2007,dl_lb,27,25-28,CLE,5,210,16,0
RaynochThompson27ARI2004,Raynoch Thompson,2004,dl_lb,27,25-28,ARI,5,198,11,3
CedricThornton27PHI2015,Cedric Thornton,2015,dl_lb,27,25-28,PHI,Undrafted,Undrafted,13,13
DavidThornton27IND2005,David Thornton,2005,dl_lb,27,25-28,IND,7,10,16,16
JohnThornton27CIN2003,John Thornton,2003,dl_lb,27,25-28,CIN,5,210,16,16
KhyriThornton27DET2016,Khyri Thornton,2016,dl_lb,27,25-28,DET,6,246,13,6
LawrenceTimmons27PIT2013,Lawrence Timmons,2013,dl_lb,27,25-28,PIT,1,58,16,16
PisaTinoisamoa27STL2008,Pisa Tinoisamoa,2008,dl_lb,27,25-28,STL,5,200,16,16
MattToeaina27CHI2011,Matt Toeaina,2011,dl_lb,27,25-28,CHI,9,99,12,12
DaveTollefson27NYG2008,Dave Tollefson,2008,dl_lb,27,25-28,NYG,10,172,13,0
KoreyToomer27OAK2015,Korey Toomer,2015,dl_lb,27,25-28,OAK,8,63,10,0
ReggieTorbor27MIA2008,Reggie Torbor,2008,dl_lb,27,25-28,MIA,7,259,16,1
AnthonyToribio27KAN2012,Anthony Toribio,2012,dl_lb,27,25-28,KAN,Undrafted,Undrafted,11,0
JustinTrattou27MIN2015,Justin Trattou,2015,dl_lb,27,25-28,MIN,Undrafted,Undrafted,5,0
DannyTrevathan27CHI2017,Danny Trevathan,2017,dl_lb,27,25-28,CHI,9,100,12,12
LarryTripplett27BUF2006,Larry Tripplett,2006,dl_lb,27,25-28,BUF,5,199,16,16
JeremiahTrotter27PHI2004,Jeremiah Trotter,2004,dl_lb,27,25-28,PHI,6,232,16,9
JasonTrusnik27MIA2011,Jason Trusnik,2011,dl_lb,27,25-28,MIA,Undrafted,Undrafted,16,0
JustinTuck27NYG2010,Justin Tuck,2010,dl_lb,27,25-28,NYG,6,234,16,16
JylesTucker27SDG2010,Jyles Tucker,2010,dl_lb,27,25-28,SDG,Undrafted,Undrafted,3,0
WillTukuafu27SFO2011,Will Tukuafu,2011,dl_lb,27,25-28,SFO,Undrafted,Undrafted,4,0
StephenTulloch27DET2012,Stephen Tulloch,2012,dl_lb,27,25-28,DET,7,21,16,16
JeffUlbrich27SFO2004,Jeff Ulbrich,2004,dl_lb,27,25-28,SFO,6,247,16,14
ArtieUlmer27SFO2000,Artie Ulmer,2000,dl_lb,27,25-28,SFO,10,136,12,2
MitchUnrein27DEN2014,Mitch Unrein,2014,dl_lb,27,25-28,DEN,Undrafted,Undrafted,8,0
CourtneyUpshaw27ATL2016,Courtney Upshaw,2016,dl_lb,27,25-28,ATL,5,191,13,5
ReganUpshaw27OAK2002,Regan Upshaw,2002,dl_lb,27,25-28,OAK,1,25,5,1
BrentUrban27BAL2018,Brent Urban,2018,dl_lb,27,25-28,BAL,7,41,8,8
BrianUrlacher*27CHI2005,Brian Urlacher*,2005,dl_lb,27,25-28,CHI,1,251,16,16
KyleVan Noy27NWE2018,Kyle Van Noy,2018,dl_lb,27,25-28,NWE,5,197,8,8
KyleVanden Bosch27TEN2005,Kyle Vanden Bosch,2005,dl_lb,27,25-28,TEN,5,190,16,16
AlterraunVerner27TAM2015,Alterraun Verner,2015,dl_lb,27,25-28,TAM,7,8,16,6
OlivierVernon27NYG2017,Olivier Vernon,2017,dl_lb,27,25-28,NYG,6,232,12,12
KevinVickerson27DEN2010,Kevin Vickerson,2010,dl_lb,27,25-28,DEN,10,131,15,12
ZachVigil27WAS2018,Zach Vigil,2018,dl_lb,27,25-28,WAS,Undrafted,Undrafted,7,0
JonathanVilma27NOR2009,Jonathan Vilma,2009,dl_lb,27,25-28,NOR,1,25,15,15
MikeVrabel27NWE2002,Mike Vrabel,2002,dl_lb,27,25-28,NWE,6,253,16,13
BobbyWagner27SEA2017,Bobby Wagner,2017,dl_lb,27,25-28,SEA,5,204,16,16
CameronWake27MIA2009,Cameron Wake,2009,dl_lb,27,25-28,MIA,Undrafted,Undrafted,14,1
ErikWalden27GNB2012,Erik Walden,2012,dl_lb,27,25-28,GNB,9,77,15,9
DarwinWalker27PHI2004,Darwin Walker,2004,dl_lb,27,25-28,PHI,6,231,16,16
GaryWalker27JAX2000,Gary Walker,2000,dl_lb,27,25-28,JAX,8,68,15,14
ReggieWalker27SDG2013,Reggie Walker,2013,dl_lb,27,25-28,SDG,Undrafted,Undrafted,16,6
RodWalker27GNB2003,Rod Walker,2003,dl_lb,27,25-28,GNB,Undrafted,Undrafted,7,1
TyrunnWalker27LAR2017,Tyrunn Walker,2017,dl_lb,27,25-28,LAR,Undrafted,Undrafted,16,4
VanceWalker27KAN2014,Vance Walker,2014,dl_lb,27,25-28,KAN,10,125,16,2
DeMarcusWare27DAL2009,DeMarcus Ware,2009,dl_lb,27,25-28,DAL,1,14,16,15
RonWarner27TAM2002,Ron Warner,2002,dl_lb,27,25-28,TAM,10,156,4,0
GerardWarren27DEN2005,Gerard Warren,2005,dl_lb,27,25-28,DEN,1,182,16,16
TyWarren27NWE2008,Ty Warren,2008,dl_lb,27,25-28,NWE,1,36,13,13
CorneliusWashington27CHI2016,Cornelius Washington,2016,dl_lb,27,25-28,CHI,9,100,15,2
DarylWashington27ARI2013,Daryl Washington,2013,dl_lb,27,25-28,ARI,5,204,12,12
MarcusWashington27WAS2004,Marcus Washington,2004,dl_lb,27,25-28,WAS,5,217,16,16
DekodaWatson27NWE2015,Dekoda Watson,2015,dl_lb,27,25-28,NWE,10,132,3,0
GabeWatson27ARI2010,Gabe Watson,2010,dl_lb,27,25-28,ARI,7,11,7,0
J.J.Watt27HOU2016,J.J. Watt,2016,dl_lb,27,25-28,HOU,1,14,3,3
NateWayne27GNB2002,Nate Wayne,2002,dl_lb,27,25-28,GNB,10,134,16,15
AnthonyWeaver27HOU2007,Anthony Weaver,2007,dl_lb,27,25-28,HOU,5,210,15,13
NateWebster27CIN2004,Nate Webster,2004,dl_lb,27,25-28,CIN,6,252,3,3
EthanWestbrooks27LAR2017,Ethan Westbrooks,2017,dl_lb,27,25-28,LAR,Undrafted,Undrafted,16,9
JamaalWesterman272TM2012,Jamaal Westerman,2012,dl_lb,27,25-28,2TM,Undrafted,Undrafted,9,0
EricWestmoreland27CLE2004,Eric Westmoreland,2004,dl_lb,27,25-28,CLE,6,233,16,0
PhilipWheeler27IND2011,Philip Wheeler,2011,dl_lb,27,25-28,IND,6,255,13,11
DewayneWhite27TAM2006,Dewayne White,2006,dl_lb,27,25-28,TAM,5,223,16,8
SteveWhite27TAM2000,Steve White,2000,dl_lb,27,25-28,TAM,9,107,15,0
TracyWhite272TM2008,Tracy White,2008,dl_lb,27,25-28,2TM,Undrafted,Undrafted,15,0
TahirWhitehead27DET2017,Tahir Whitehead,2017,dl_lb,27,25-28,DET,8,45,16,16
WillieWhitehead27NOR2000,Willie Whitehead,2000,dl_lb,27,25-28,NOR,Undrafted,Undrafted,16,2
BrandonWhiting27PHI2003,Brandon Whiting,2003,dl_lb,27,25-28,PHI,7,17,14,14
KyleWilber27DAL2016,Kyle Wilber,2016,dl_lb,27,25-28,DAL,7,18,15,1
ChuckWiley27MIN2002,Chuck Wiley,2002,dl_lb,27,25-28,MIN,6,221,16,0
MarcellusWiley27SDG2001,Marcellus Wiley,2001,dl_lb,27,25-28,SDG,5,210,14,14
VinceWilfork27NWE2008,Vince Wilfork,2008,dl_lb,27,25-28,NWE,1,124,16,16
MattWilhelm27SDG2008,Matt Wilhelm,2008,dl_lb,27,25-28,SDG,7,17,16,7
MichaelWilhoite27SFO2013,Michael Wilhoite,2013,dl_lb,27,25-28,SFO,Undrafted,Undrafted,16,2
JimmyWilkerson27TAM2008,Jimmy Wilkerson,2008,dl_lb,27,25-28,TAM,9,101,16,1
MuhammadWilkerson27NYJ2016,Muhammad Wilkerson,2016,dl_lb,27,25-28,NYJ,1,183,15,14
MarcusWilkins27ATL2007,Marcus Wilkins,2007,dl_lb,27,25-28,ATL,Undrafted,Undrafted,15,0
DanWilkinson27WAS2000,Dan Wilkinson,2000,dl_lb,27,25-28,WAS,1,2,16,16
GerrisWilkinson27NYG2010,Gerris Wilkinson,2010,dl_lb,27,25-28,NYG,6,258,12,0
BrandonWilliams27BAL2016,Brandon Williams,2016,dl_lb,27,25-28,BAL,6,256,16,16
CoreyWilliams27GNB2007,Corey Williams,2007,dl_lb,27,25-28,GNB,9,90,16,9
D.J.Williams27DEN2009,D.J. Williams,2009,dl_lb,27,25-28,DEN,1,80,16,16
DanWilliams27ARI2014,Dan Williams,2014,dl_lb,27,25-28,ARI,1,174,16,9
DemorrioWilliams27ATL2007,Demorrio Williams,2007,dl_lb,27,25-28,ATL,7,5,16,16
JamalWilliams27SDG2003,Jamal Williams,2003,dl_lb,27,25-28,SDG,5,113,15,15
JasonWilliams27CAR2013,Jason Williams,2013,dl_lb,27,25-28,CAR,6,228,11,0
JoshWilliams27IND2003,Josh Williams,2003,dl_lb,27,25-28,IND,7,28,16,4
K.D.Williams27GNB2000,K.D. Williams,2000,dl_lb,27,25-28,GNB,Undrafted,Undrafted,16,3
KevinWilliams27MIN2007,Kevin Williams,2007,dl_lb,27,25-28,MIN,1,251,16,16
KyleWilliams27BUF2010,Kyle Williams,2010,dl_lb,27,25-28,BUF,8,41,16,16
LeonWilliams27DAL2010,Leon Williams,2010,dl_lb,27,25-28,DAL,7,15,11,0
MarioWilliams27BUF2012,Mario Williams,2012,dl_lb,27,25-28,BUF,1,2,16,16
SamWilliams27OAK2007,Sam Williams,2007,dl_lb,27,25-28,OAK,6,244,11,4
SylvesterWilliams27DEN2015,Sylvester Williams,2015,dl_lb,27,25-28,DEN,1,179,15,15
ThomasWilliams27CAR2011,Thomas Williams,2011,dl_lb,27,25-28,CAR,8,64,7,2
TonyWilliams27CIN2002,Tony Williams,2002,dl_lb,27,25-28,CIN,8,60,16,16
VinceWilliams27PIT2016,Vince Williams,2016,dl_lb,27,25-28,PIT,9,120,16,4
PatrickWillis27SFO2012,Patrick Willis,2012,dl_lb,27,25-28,SFO,1,14,16,16
AlWilson27DEN2004,Al Wilson,2004,dl_lb,27,25-28,DEN,1,186,16,16
C.J.Wilson27OAK2014,C.J. Wilson,2014,dl_lb,27,25-28,OAK,10,147,16,7
ChrisWilson27WAS2009,Chris Wilson,2009,dl_lb,27,25-28,WAS,Undrafted,Undrafted,16,0
JerryWilson27MIA2000,Jerry Wilson,2000,dl_lb,27,25-28,MIA,7,9,16,1
KionWilson27PIT2013,Kion Wilson,2013,dl_lb,27,25-28,PIT,Undrafted,Undrafted,7,2
ReinardWilson27CIN2000,Reinard Wilson,2000,dl_lb,27,25-28,CIN,1,47,14,0
KamerionWimbley27OAK2010,Kamerion Wimbley,2010,dl_lb,27,25-28,OAK,1,36,16,16
JamieWinborn27TAM2006,Jamie Winborn,2006,dl_lb,27,25-28,TAM,5,204,14,0
BillyWinn27DEN2016,Billy Winn,2016,dl_lb,27,25-28,DEN,9,119,16,2
GrantWistrom27STL2003,Grant Wistrom,2003,dl_lb,27,25-28,STL,1,218,16,16
WillWitherspoon27STL2007,Will Witherspoon,2007,dl_lb,27,25-28,STL,6,233,16,16
DerekWolfe27DEN2017,Derek Wolfe,2017,dl_lb,27,25-28,DEN,5,192,11,11
KaileeWong27HOU2003,Kailee Wong,2003,dl_lb,27,25-28,HOU,5,209,16,16
CedricWoodard27SEA2004,Cedric Woodard,2004,dl_lb,27,25-28,SEA,9,104,16,16
LaMarrWoodley27PIT2011,LaMarr Woodley,2011,dl_lb,27,25-28,PIT,5,203,10,10
AlWoods27TEN2014,Al Woods,2014,dl_lb,27,25-28,TEN,7,29,16,1
LeVarWoods27DET2005,LeVar Woods,2005,dl_lb,27,25-28,DET,Undrafted,Undrafted,6,3
PierreWoods27NWE2009,Pierre Woods,2009,dl_lb,27,25-28,NWE,Undrafted,Undrafted,16,5
WesleyWoodyard27DEN2013,Wesley Woodyard,2013,dl_lb,27,25-28,DEN,Undrafted,Undrafted,14,10
CoreyWootton27MIN2014,Corey Wootton,2014,dl_lb,27,25-28,MIN,7,13,15,0
MarkWord27CLE2002,Mark Word,2002,dl_lb,27,25-28,CLE,Undrafted,Undrafted,16,2
PaulWorrilow27DET2017,Paul Worrilow,2017,dl_lb,27,25-28,DET,Undrafted,Undrafted,13,8
JerelWorthy27BUF2017,Jerel Worthy,2017,dl_lb,27,25-28,BUF,5,209,5,0
K.J.Wright27SEA2016,K.J. Wright,2016,dl_lb,27,25-28,SEA,7,261,16,16
KenyattaWright27NYJ2005,Kenyatta Wright,2005,dl_lb,27,25-28,NYJ,Undrafted,Undrafted,15,0
MikeWright27NWE2009,Mike Wright,2009,dl_lb,27,25-28,NWE,Undrafted,Undrafted,16,9
JamesWyche272TM2009,James Wyche,2009,dl_lb,27,25-28,2TM,10,128,3,0
EllisWyms27TAM2006,Ellis Wyms,2006,dl_lb,27,25-28,TAM,9,95,13,8
JariusWynn272TM2013,Jarius Wynn,2013,dl_lb,27,25-28,2TM,9,94,15,2
KerryWynn27NYG2018,Kerry Wynn,2018,dl_lb,27,25-28,NYG,Undrafted,Undrafted,8,4
RenaldoWynn27JAX2001,Renaldo Wynn,2001,dl_lb,27,25-28,JAX,1,124,16,16
BrianYoung27NOR2004,Brian Young,2004,dl_lb,27,25-28,NOR,8,46,15,15
WillieYoung27DET2012,Willie Young,2012,dl_lb,27,25-28,DET,10,128,16,0
PeppiZellner27DAL2002,Peppi Zellner,2002,dl_lb,27,25-28,DAL,7,39,16,2
FrankZombo27KAN2014,Frank Zombo,2014,dl_lb,27,25-28,KAN,Undrafted,Undrafted,16,0
JohnAbraham28ATL2006,John Abraham,2006,dl_lb,28,25-28,ATL,1,36,8,7
SamAcho28CHI2016,Sam Acho,2016,dl_lb,28,25-28,CHI,7,7,16,6
AnthonyAdams28CHI2008,Anthony Adams,2008,dl_lb,28,25-28,CHI,5,215,9,4
KeithAdams28CLE2007,Keith Adams,2007,dl_lb,28,25-28,CLE,10,149,3,0
SamAdams28BAL2001,Sam Adams,2001,dl_lb,28,25-28,BAL,1,240,14,14
MarioAddison28CAR2015,Mario Addison,2015,dl_lb,28,25-28,CAR,Undrafted,Undrafted,14,0
XavierAdibi28TEN2012,Xavier Adibi,2012,dl_lb,28,25-28,TEN,7,23,6,0
C.J.Ah You28STL2010,C.J. Ah You,2010,dl_lb,28,25-28,STL,10,156,16,0
AllenAldridge28DET2000,Allen Aldridge,2000,dl_lb,28,25-28,DET,5,209,16,14
EricAlexander282TM2010,Eric Alexander,2010,dl_lb,28,25-28,2TM,Undrafted,Undrafted,9,0
LorenzoAlexander28WAS2011,Lorenzo Alexander,2011,dl_lb,28,25-28,WAS,Undrafted,Undrafted,16,0
JaredAllen28MIN2010,Jared Allen,2010,dl_lb,28,25-28,MIN,7,32,16,16
KenderickAllen28GNB2006,Kenderick Allen,2006,dl_lb,28,25-28,GNB,Undrafted,Undrafted,2,0
KikoAlonso28MIA2018,Kiko Alonso,2018,dl_lb,28,25-28,MIA,5,203,8,8
TysonAlualu28JAX2015,Tyson Alualu,2015,dl_lb,28,25-28,JAX,1,3,16,14
KenAmato28TEN2005,Ken Amato,2005,dl_lb,28,25-28,TEN,Undrafted,Undrafted,7,0
CharlieAnderson28MIA2009,Charlie Anderson,2009,dl_lb,28,25-28,MIA,9,115,16,1
JamesAnderson28CAR2011,James Anderson,2011,dl_lb,28,25-28,CAR,6,249,16,16
MarkAnderson28NWE2011,Mark Anderson,2011,dl_lb,28,25-28,NWE,8,68,16,1
EzekielAnsah28DET2017,Ezekiel Ansah,2017,dl_lb,28,25-28,DET,1,207,14,14
LaVarArrington28NYG2006,LaVar Arrington,2006,dl_lb,28,25-28,NYG,1,113,6,5
GenoAtkins28CIN2016,Geno Atkins,2016,dl_lb,28,25-28,CIN,7,26,16,16
LarryAtkins28OAK2003,Larry Atkins,2003,dl_lb,28,25-28,OAK,6,245,3,0
DenicoAutry28IND2018,Denico Autry,2018,dl_lb,28,25-28,IND,Undrafted,Undrafted,4,3
CliffAvril28SEA2014,Cliff Avril,2014,dl_lb,28,25-28,SEA,6,254,16,16
BrendonAyanbadejo28MIA2004,Brendon Ayanbadejo,2004,dl_lb,28,25-28,MIA,Undrafted,Undrafted,16,2
AkeemAyers28NYG2017,Akeem Ayers,2017,dl_lb,28,25-28,NYG,5,195,6,0
RobertAyers28DEN2013,Robert Ayers,2013,dl_lb,28,25-28,DEN,1,91,15,3
AkinAyodele28DAL2007,Akin Ayodele,2007,dl_lb,28,25-28,DAL,6,250,16,14
RemiAyodele28MIN2011,Remi Ayodele,2011,dl_lb,28,25-28,MIN,Undrafted,Undrafted,16,13
JasonBabin282TM2008,Jason Babin,2008,dl_lb,28,25-28,2TM,1,178,9,4
JonathanBabineaux28ATL2009,Jonathan Babineaux,2009,dl_lb,28,25-28,ATL,5,217,16,16
AllenBailey28KAN2017,Allen Bailey,2017,dl_lb,28,25-28,KAN,6,247,14,13
BossBailey28DET2007,Boss Bailey,2007,dl_lb,28,25-28,DET,5,190,15,12
PatrickBailey28TEN2013,Patrick Bailey,2013,dl_lb,28,25-28,TEN,Undrafted,Undrafted,13,0
RodneyBailey28ARI2007,Rodney Bailey,2007,dl_lb,28,25-28,ARI,9,93,16,0
ChrisBaker28WAS2015,Chris Baker,2015,dl_lb,28,25-28,WAS,Undrafted,Undrafted,16,11
EricBakhtiari28SFO2012,Eric Bakhtiari,2012,dl_lb,28,25-28,SFO,Undrafted,Undrafted,5,0
DaveBall28TEN2009,Dave Ball,2009,dl_lb,28,25-28,TEN,8,40,11,1
JustinBannan28BAL2007,Justin Bannan,2007,dl_lb,28,25-28,BAL,8,46,15,1
TullyBanta-Cain28SFO2008,Tully Banta-Cain,2008,dl_lb,28,25-28,SFO,10,156,12,0
ShawnBarber28KAN2003,Shawn Barber,2003,dl_lb,28,25-28,KAN,7,18,16,16
TomBarndt28CIN2000,Tom Barndt,2000,dl_lb,28,25-28,CIN,9,121,14,5
AntwanBarnes28SDG2012,Antwan Barnes,2012,dl_lb,28,25-28,SDG,7,41,11,0
LionelBarnes28JAX2004,Lionel Barnes,2004,dl_lb,28,25-28,JAX,9,87,3,3
NickBarnett28GNB2009,Nick Barnett,2009,dl_lb,28,25-28,GNB,1,180,16,16
EricBarton28NYJ2005,Eric Barton,2005,dl_lb,28,25-28,NYJ,8,54,4,3
ConnorBarwin28PHI2014,Connor Barwin,2014,dl_lb,28,25-28,PHI,5,203,16,16
DarenBates28TEN2018,Daren Bates,2018,dl_lb,28,25-28,TEN,Undrafted,Undrafted,7,0
JonBeason282TM2013,Jon Beason,2013,dl_lb,28,25-28,2TM,1,168,15,13
MontyBeisel28ARI2006,Monty Beisel,2006,dl_lb,28,25-28,ARI,7,11,8,2
NickBellore28DET2017,Nick Bellore,2017,dl_lb,28,25-28,DET,Undrafted,Undrafted,13,2
MarcusBenard28ARI2013,Marcus Benard,2013,dl_lb,28,25-28,ARI,Undrafted,Undrafted,12,1
MichaelBennett28SEA2013,Michael Bennett,2013,dl_lb,28,25-28,SEA,Undrafted,Undrafted,16,3
KevinBentley28SEA2007,Kevin Bentley,2007,dl_lb,28,25-28,SEA,7,5,14,2
RockyBernard28SEA2007,Rocky Bernard,2007,dl_lb,28,25-28,SEA,8,54,14,14
BertrandBerry28DEN2003,Bertrand Berry,2003,dl_lb,28,25-28,DEN,6,247,16,16
KroyBiermann28ATL2013,Kroy Biermann,2013,dl_lb,28,25-28,ATL,8,63,2,2
AtariBigby28GNB2009,Atari Bigby,2009,dl_lb,28,25-28,GNB,Undrafted,Undrafted,13,11
DesmondBishop28GNB2012,Desmond Bishop,2012,dl_lb,28,25-28,GNB,9,105,0,NA
QuincyBlack28TAM2012,Quincy Black,2012,dl_lb,28,25-28,TAM,6,227,9,5
ChaseBlackburn28NYG2011,Chase Blackburn,2011,dl_lb,28,25-28,NYG,Undrafted,Undrafted,5,4
DarrylBlackstock28OAK2011,Darryl Blackstock,2011,dl_lb,28,25-28,OAK,6,257,16,1
RockyBoiman28KAN2008,Rocky Boiman,2008,dl_lb,28,25-28,KAN,7,40,11,9
MichaelBoley28NYG2010,Michael Boley,2010,dl_lb,28,25-28,NYG,8,70,16,15
AlfonsoBoone28CHI2004,Alfonso Boone,2004,dl_lb,28,25-28,CHI,10,172,12,2
PeterBoulware28BAL2002,Peter Boulware,2002,dl_lb,28,25-28,BAL,1,196,16,16
StephenBowen28WAS2012,Stephen Bowen,2012,dl_lb,28,25-28,WAS,Undrafted,Undrafted,16,16
DavidBowens28MIA2005,David Bowens,2005,dl_lb,28,25-28,MIA,8,67,16,0
TimBowens28MIA2001,Tim Bowens,2001,dl_lb,28,25-28,MIA,1,114,15,15
NaVorroBowman28SFO2016,NaVorro Bowman,2016,dl_lb,28,25-28,SFO,6,253,4,4
StephenBoyd28DET2000,Stephen Boyd,2000,dl_lb,28,25-28,DET,8,49,15,15
TonyBrackens28JAX2002,Tony Brackens,2002,dl_lb,28,25-28,JAX,5,189,5,5
GaryBrackett28IND2008,Gary Brackett,2008,dl_lb,28,25-28,IND,Undrafted,Undrafted,12,12
NigelBradham28PHI2017,Nigel Bradham,2017,dl_lb,28,25-28,PHI,7,9,15,15
StewartBradley28ARI2011,Stewart Bradley,2011,dl_lb,28,25-28,ARI,6,248,16,1
BryanBraman28PHI2015,Bryan Braman,2015,dl_lb,28,25-28,PHI,Undrafted,Undrafted,16,0
AlanBranch28SEA2012,Alan Branch,2012,dl_lb,28,25-28,SEA,5,189,16,16
AndreBranch28MIA2017,Andre Branch,2017,dl_lb,28,25-28,MIA,5,194,14,14
TylerBrayton28OAK2007,Tyler Brayton,2007,dl_lb,28,25-28,OAK,1,187,16,0
LanceBriggs28CHI2008,Lance Briggs,2008,dl_lb,28,25-28,CHI,6,227,16,16
JasperBrinkley28ARI2013,Jasper Brinkley,2013,dl_lb,28,25-28,ARI,8,59,15,3
RaheemBrock28IND2006,Raheem Brock,2006,dl_lb,28,25-28,IND,10,155,16,16
MichaelBrockers28LAR2018,Michael Brockers,2018,dl_lb,28,25-28,LAR,1,47,8,8
LorenzoBromell28OAK2003,Lorenzo Bromell,2003,dl_lb,28,25-28,OAK,7,6,6,4
KeithBrooking28ATL2003,Keith Brooking,2003,dl_lb,28,25-28,ATL,1,25,16,16
AhmadBrooks28SFO2012,Ahmad Brooks,2012,dl_lb,28,25-28,SFO,6,1,16,16
DerrickBrooks*28TAM2001,Derrick Brooks*,2001,dl_lb,28,25-28,TAM,1,179,16,16
AlexBrown28CHI2007,Alex Brown,2007,dl_lb,28,25-28,CHI,7,8,16,2
CornellBrown28BAL2003,Cornell Brown,2003,dl_lb,28,25-28,BAL,9,107,16,3
TonyBrown28TEN2008,Tony Brown,2008,dl_lb,28,25-28,TEN,Undrafted,Undrafted,15,15
ZachBrown28WAS2017,Zach Brown,2017,dl_lb,28,25-28,WAS,5,210,13,13
JohnBrowning28KAN2001,John Browning,2001,dl_lb,28,25-28,KAN,6,227,6,6
TedyBruschi28NWE2001,Tedy Bruschi,2001,dl_lb,28,25-28,NWE,6,247,15,9
CorbinBryant28BUF2016,Corbin Bryant,2016,dl_lb,28,25-28,BUF,Undrafted,Undrafted,8,6
DesmondBryant28CLE2013,Desmond Bryant,2013,dl_lb,28,25-28,CLE,Undrafted,Undrafted,12,12
RedBryant28SEA2012,Red Bryant,2012,dl_lb,28,25-28,SEA,7,27,16,16
TonyBryant28NOR2004,Tony Bryant,2004,dl_lb,28,25-28,NOR,5,197,16,0
KeithBulluck28TEN2005,Keith Bulluck,2005,dl_lb,28,25-28,TEN,1,183,16,16
BrodrickBunkley28DEN2011,Brodrick Bunkley,2011,dl_lb,28,25-28,DEN,1,47,16,13
VontazeBurfict28CIN2018,Vontaze Burfict,2018,dl_lb,28,25-28,CIN,Undrafted,Undrafted,3,3
DerrickBurgess28OAK2006,Derrick Burgess,2006,dl_lb,28,25-28,OAK,6,222,16,16
KevinBurnett28SDG2010,Kevin Burnett,2010,dl_lb,28,25-28,SDG,5,199,16,16
MorganBurnett28GNB2017,Morgan Burnett,2017,dl_lb,28,25-28,GNB,6,231,12,12
KeithBurns28DEN2000,Keith Burns,2000,dl_lb,28,25-28,DEN,10,125,13,0
JohnBurrough28MIN2000,John Burrough,2000,dl_lb,28,25-28,MIN,10,163,14,6
ShaneBurton28CAR2002,Shane Burton,2002,dl_lb,28,25-28,CAR,8,59,16,4
DonaldButler28MIA2016,Donald Butler,2016,dl_lb,28,25-28,MIA,6,239,14,5
JoshBynes28ARI2017,Josh Bynes,2017,dl_lb,28,25-28,ARI,Undrafted,Undrafted,14,1
CalaisCampbell28ARI2014,Calais Campbell,2014,dl_lb,28,25-28,ARI,5,208,14,14
KharyCampbell28WAS2007,Khary Campbell,2007,dl_lb,28,25-28,WAS,Undrafted,Undrafted,16,0
ChrisCanty28NYG2010,Chris Canty,2010,dl_lb,28,25-28,NYG,7,39,16,16
BobbyCarpenter28DET2011,Bobby Carpenter,2011,dl_lb,28,25-28,DET,1,91,16,3
TankCarradine28OAK2018,Tank Carradine,2018,dl_lb,28,25-28,OAK,5,197,1,0
AdamCarriker28WAS2012,Adam Carriker,2012,dl_lb,28,25-28,WAS,1,36,2,2
AlexCarrington28BUF2015,Alex Carrington,2015,dl_lb,28,25-28,BUF,6,232,7,1
AndreCarter28WAS2007,Andre Carter,2007,dl_lb,28,25-28,WAS,1,229,16,16
BruceCarter28NYJ2016,Bruce Carter,2016,dl_lb,28,25-28,NYJ,5,197,13,1
ChrisCarter28WAS2017,Chris Carter,2017,dl_lb,28,25-28,WAS,8,72,13,0
KevinCarter28TEN2001,Kevin Carter,2001,dl_lb,28,25-28,TEN,1,218,16,16
JurrellCasey28TEN2017,Jurrell Casey,2017,dl_lb,28,25-28,TEN,6,237,16,16
JonathanCasillas28NYG2015,Jonathan Casillas,2015,dl_lb,28,25-28,NYG,Undrafted,Undrafted,15,7
LuisCastillo28SDG2011,Luis Castillo,2011,dl_lb,28,25-28,SDG,1,179,1,1
JacquesCesaire28SDG2008,Jacques Cesaire,2008,dl_lb,28,25-28,SDG,Undrafted,Undrafted,16,2
JamarChaney28OAK2014,Jamar Chaney,2014,dl_lb,28,25-28,OAK,10,136,9,0
StefanCharles28DET2016,Stefan Charles,2016,dl_lb,28,25-28,DET,Undrafted,Undrafted,12,0
JeffCharleston28NOR2011,Jeff Charleston,2011,dl_lb,28,25-28,NOR,Undrafted,Undrafted,10,0
MartinChase28NOR2002,Martin Chase,2002,dl_lb,28,25-28,NOR,8,30,13,1
MattChatham28NWE2005,Matt Chatham,2005,dl_lb,28,25-28,NWE,Undrafted,Undrafted,15,0
LarryChester28MIA2003,Larry Chester,2003,dl_lb,28,25-28,MIA,Undrafted,Undrafted,15,15
BrandonChillar28GNB2010,Brandon Chillar,2010,dl_lb,28,25-28,GNB,7,37,8,1
PatrickChukwurah28TAM2007,Patrick Chukwurah,2007,dl_lb,28,25-28,TAM,8,66,9,0
VinnyCiurciu28MIN2008,Vinny Ciurciu,2008,dl_lb,28,25-28,MIN,Undrafted,Undrafted,14,1
ChrisClaiborne28NYG2006,Chris Claiborne,2006,dl_lb,28,25-28,NYG,1,251,4,0
KendrickClancy28ARI2006,Kendrick Clancy,2006,dl_lb,28,25-28,ARI,6,232,11,11
DannyClark28OAK2005,Danny Clark,2005,dl_lb,28,25-28,OAK,10,163,16,15
AdrianClayborn28ATL2016,Adrian Clayborn,2016,dl_lb,28,25-28,ATL,1,114,13,7
ChrisClemons28PHI2009,Chris Clemons,2009,dl_lb,28,25-28,PHI,Undrafted,Undrafted,16,0
DuaneClemons28KAN2002,Duane Clemons,2002,dl_lb,28,25-28,KAN,1,69,16,16
NicClemons28DEN2008,Nic Clemons,2008,dl_lb,28,25-28,DEN,Undrafted,Undrafted,10,0
DexterCoakley28DAL2000,Dexter Coakley,2000,dl_lb,28,25-28,DAL,6,224,16,16
AntonioCochran28SEA2004,Antonio Cochran,2004,dl_lb,28,25-28,SEA,7,20,16,7
ShaunCody28HOU2011,Shaun Cody,2011,dl_lb,28,25-28,HOU,5,193,16,16
BarryCofield28WAS2012,Barry Cofield,2012,dl_lb,28,25-28,WAS,7,30,16,16
LandonCohen28SEA2014,Landon Cohen,2014,dl_lb,28,25-28,SEA,10,131,0,1
ColinCole28GNB2008,Colin Cole,2008,dl_lb,28,25-28,GNB,Undrafted,Undrafted,16,0
TrentCole28PHI2010,Trent Cole,2010,dl_lb,28,25-28,PHI,8,54,15,15
KenyonColeman28NYJ2007,Kenyon Coleman,2007,dl_lb,28,25-28,NYJ,8,55,16,14
RoderickColeman28ATL2004,Roderick Coleman,2004,dl_lb,28,25-28,ATL,8,62,13,13
StalinColinet28JAX2002,Stalin Colinet,2002,dl_lb,28,25-28,JAX,6,238,1,0
JamieCollins28CLE2017,Jamie Collins,2017,dl_lb,28,25-28,CLE,5,210,6,6
RoseveltColvin28NWE2005,Rosevelt Colvin,2005,dl_lb,28,25-28,NWE,7,16,16,11
WilliamCompton28WAS2017,William Compton,2017,dl_lb,28,25-28,WAS,Undrafted,Undrafted,9,3
JonCondo28OAK2009,Jon Condo,2009,dl_lb,28,25-28,OAK,Undrafted,Undrafted,16,0
KavellConner28SDG2015,Kavell Conner,2015,dl_lb,28,25-28,SDG,10,158,10,3
DanConnor282TM2013,Dan Connor,2013,dl_lb,28,25-28,2TM,6,234,6,0
StephenCooper28SDG2007,Stephen Cooper,2007,dl_lb,28,25-28,SDG,Undrafted,Undrafted,16,16
BlakeCostanzo28CHI2012,Blake Costanzo,2012,dl_lb,28,25-28,CHI,Undrafted,Undrafted,14,1
SamCowart28NYJ2003,Sam Cowart,2003,dl_lb,28,25-28,NYJ,5,195,15,15
FletcherCox28PHI2018,Fletcher Cox,2018,dl_lb,28,25-28,PHI,1,25,8,8
BrockCoyle28SFO2018,Brock Coyle,2018,dl_lb,28,25-28,SFO,Undrafted,Undrafted,1,1
JackCrawford28DAL2016,Jack Crawford,2016,dl_lb,28,25-28,DAL,8,67,16,11
TyroneCrawford28DAL2017,Tyrone Crawford,2017,dl_lb,28,25-28,DAL,6,242,16,14
HenriCrockett28MIN2002,Henri Crockett,2002,dl_lb,28,25-28,MIN,7,4,14,11
DonteCurry28DET2006,Donte Curry,2006,dl_lb,28,25-28,DET,Undrafted,Undrafted,16,0
VinnyCurry28PHI2016,Vinny Curry,2016,dl_lb,28,25-28,PHI,5,217,16,0
CanuteCurtis28CIN2002,Canute Curtis,2002,dl_lb,28,25-28,CIN,9,87,16,11
BrianCushing28HOU2015,Brian Cushing,2015,dl_lb,28,25-28,HOU,1,58,16,16
LionalDalton28WAS2003,Lional Dalton,2003,dl_lb,28,25-28,WAS,Undrafted,Undrafted,12,9
MikeDaniels28GNB2017,Mike Daniels,2017,dl_lb,28,25-28,GNB,7,39,14,14
PhillipDaniels28CHI2001,Phillip Daniels,2001,dl_lb,28,25-28,CHI,7,261,16,16
TorranceDaniels28JAX2009,Torrance Daniels,2009,dl_lb,28,25-28,JAX,Undrafted,Undrafted,1,0
KarlosDansby28ARI2009,Karlos Dansby,2009,dl_lb,28,25-28,ARI,5,189,16,16
ChartricDarby28TAM2003,Chartric Darby,2003,dl_lb,28,25-28,TAM,Undrafted,Undrafted,16,1
MarcellDareus28JAX2018,Marcell Dareus,2018,dl_lb,28,25-28,JAX,1,182,8,8
JamesDarling28NYJ2002,James Darling,2002,dl_lb,28,25-28,NYJ,5,215,16,0
LavonteDavid28TAM2018,Lavonte David,2018,dl_lb,28,25-28,TAM,5,216,7,7
IanGold28DEN2006,Ian Gold,2006,dl_lb,28,25-28,DEN,5,197,15,15
JeffGooch28DET2002,Jeff Gooch,2002,dl_lb,28,25-28,DET,Undrafted,Undrafted,16,2
NajeeGoode28PHI2017,Najee Goode,2017,dl_lb,28,25-28,PHI,8,48,16,3
TavaresGooden28SFO2012,Tavares Gooden,2012,dl_lb,28,25-28,SFO,6,231,15,0
BrandonGraham28PHI2016,Brandon Graham,2016,dl_lb,28,25-28,PHI,1,36,16,16
CharlesGrant28NOR2006,Charles Grant,2006,dl_lb,28,25-28,NOR,1,168,16,16
LarryGrant28CHI2013,Larry Grant,2013,dl_lb,28,25-28,CHI,10,129,2,0
PaulGrasmanis28PHI2002,Paul Grasmanis,2002,dl_lb,28,25-28,PHI,7,21,16,3
BarrettGreen28NYG2005,Barrett Green,2005,dl_lb,28,25-28,NYG,5,208,1,0
HowardGreen28SEA2007,Howard Green,2007,dl_lb,28,25-28,SEA,9,103,5,0
JarvisGreen28NWE2007,Jarvis Green,2007,dl_lb,28,25-28,NWE,7,32,16,10
LouisGreen28DEN2007,Louis Green,2007,dl_lb,28,25-28,DEN,Undrafted,Undrafted,16,0
ChadGreenway28MIN2011,Chad Greenway,2011,dl_lb,28,25-28,MIN,1,80,16,16
MorlonGreenwood28HOU2006,Morlon Greenwood,2006,dl_lb,28,25-28,HOU,6,249,16,16
KellyGregg28BAL2004,Kelly Gregg,2004,dl_lb,28,25-28,BAL,9,84,14,14
NickGreisen28BAL2007,Nick Greisen,2007,dl_lb,28,25-28,BAL,8,61,14,2
EversonGriffen28MIN2015,Everson Griffen,2015,dl_lb,28,25-28,MIN,7,4,15,15
CorneliusGriffin28WAS2004,Cornelius Griffin,2004,dl_lb,28,25-28,WAS,5,199,15,15
OtisGrigsby28MIN2008,Otis Grigsby,2008,dl_lb,28,25-28,MIN,Undrafted,Undrafted,8,1
QuentinGroves28ARI2012,Quentin Groves,2012,dl_lb,28,25-28,ARI,5,210,16,7
LetroyGuion28GNB2015,Letroy Guion,2015,dl_lb,28,25-28,GNB,8,61,13,4
LawrenceGuy28NWE2018,Lawrence Guy,2018,dl_lb,28,25-28,NWE,10,150,8,8
JoeHaden28PIT2017,Joe Haden,2017,dl_lb,28,25-28,PIT,1,229,11,11
MarioHaggan28DEN2008,Mario Haggan,2008,dl_lb,28,25-28,DEN,10,144,8,0
ClarkHaggans28PIT2005,Clark Haggans,2005,dl_lb,28,25-28,PIT,8,44,13,13
TyjuanHagler28IND2009,Tyjuan Hagler,2009,dl_lb,28,25-28,IND,8,84,7,7
JermaineHaley28MIA2001,Jermaine Haley,2001,dl_lb,28,25-28,MIA,10,149,12,5
TambaHali28KAN2011,Tamba Hali,2011,dl_lb,28,25-28,KAN,1,114,16,16
JamesHall28DET2005,James Hall,2005,dl_lb,28,25-28,DET,Undrafted,Undrafted,14,14
TravisHall28ATL2000,Travis Hall,2000,dl_lb,28,25-28,ATL,9,93,16,16
UhuruHamiter28PHI2001,Uhuru Hamiter,2001,dl_lb,28,25-28,PHI,Undrafted,Undrafted,1,0
CaseyHampton28PIT2005,Casey Hampton,2005,dl_lb,28,25-28,PIT,1,102,16,15
NormanHand28NOR2000,Norman Hand,2000,dl_lb,28,25-28,NOR,8,67,15,15
KevinHardy28JAX2001,Kevin Hardy,2001,dl_lb,28,25-28,JAX,1,113,9,9
AnthonyHargrove28SEA2011,Anthony Hargrove,2011,dl_lb,28,25-28,SEA,6,253,15,0
DavidHarris28NYJ2012,David Harris,2012,dl_lb,28,25-28,NYJ,5,204,16,16
MarquesHarris282TM2009,Marques Harris,2009,dl_lb,28,25-28,2TM,Undrafted,Undrafted,8,0
NapoleonHarris28KAN2007,Napoleon Harris,2007,dl_lb,28,25-28,KAN,1,146,16,13
SeanHarris28CHI2000,Sean Harris,2000,dl_lb,28,25-28,CHI,6,244,15,13
TommieHarris28SDG2011,Tommie Harris,2011,dl_lb,28,25-28,SDG,1,47,13,1
DamonHarrison28NYG2016,Damon Harrison,2016,dl_lb,28,25-28,NYG,Undrafted,Undrafted,16,16
JamesHarrison28PIT2006,James Harrison,2006,dl_lb,28,25-28,PIT,Undrafted,Undrafted,11,1
EdHartwell28ATL2006,Ed Hartwell,2006,dl_lb,28,25-28,ATL,7,32,8,6
JasonHatcher28DAL2010,Jason Hatcher,2010,dl_lb,28,25-28,DAL,6,254,13,1
A.J.Hawk28GNB2012,A.J. Hawk,2012,dl_lb,28,25-28,GNB,1,207,16,16
ArtrellHawkins28CAR2004,Artrell Hawkins,2004,dl_lb,28,25-28,CAR,5,200,14,4
DavidHawthorne28NOR2013,David Hawthorne,2013,dl_lb,28,25-28,NOR,Undrafted,Undrafted,16,15
NickHayden28DAL2014,Nick Hayden,2014,dl_lb,28,25-28,DAL,9,93,16,16
JovanHaye28TEN2010,Jovan Haye,2010,dl_lb,28,25-28,TEN,9,101,14,1
GeraldHayes28ARI2008,Gerald Hayes,2008,dl_lb,28,25-28,ARI,6,230,16,14
WilliamHayes28STL2013,William Hayes,2013,dl_lb,28,25-28,STL,7,7,14,0
AlbertHaynesworth28WAS2009,Albert Haynesworth,2009,dl_lb,28,25-28,WAS,1,58,12,12
AdamHayward28TAM2012,Adam Hayward,2012,dl_lb,28,25-28,TAM,9,94,16,5
ReggieHayward28JAX2007,Reggie Hayward,2007,dl_lb,28,25-28,JAX,6,248,12,10
E.J.Henderson28MIN2008,E.J. Henderson,2008,dl_lb,28,25-28,MIN,5,197,4,3
JohnHenderson28JAX2007,John Henderson,2007,dl_lb,28,25-28,JAX,1,251,15,15
WillHerring28NOR2011,Will Herring,2011,dl_lb,28,25-28,NOR,8,71,11,1
MarkHerzlich28NYG2015,Mark Herzlich,2015,dl_lb,28,25-28,NYG,Undrafted,Undrafted,16,4
CameronHeyward28PIT2017,Cameron Heyward,2017,dl_lb,28,25-28,PIT,1,186,15,15
AkiemHicks28CHI2017,Akiem Hicks,2017,dl_lb,28,25-28,CHI,6,250,16,16
EricHicks28KAN2004,Eric Hicks,2004,dl_lb,28,25-28,KAN,Undrafted,Undrafted,16,16
Dont'aHightower28NWE2018,Dont'a Hightower,2018,dl_lb,28,25-28,NWE,1,168,7,7
LeRoyHill28SEA2010,LeRoy Hill,2010,dl_lb,28,25-28,SEA,6,260,1,0
SammieLee Hill28TEN2014,Sammie Lee Hill,2014,dl_lb,28,25-28,TEN,7,20,15,15
HunterHillenmeyer28CHI2008,Hunter Hillenmeyer,2008,dl_lb,28,25-28,CHI,8,76,13,6
NateHobgood-Chittick28KAN2002,Nate Hobgood-Chittick,2002,dl_lb,28,25-28,KAN,Undrafted,Undrafted,3,0
VictorHobson282TM2008,Victor Hobson,2008,dl_lb,28,25-28,2TM,5,211,3,0
AbdulHodge28CAR2010,Abdul Hodge,2010,dl_lb,28,25-28,CAR,6,226,5,0
ChrisHoke28PIT2004,Chris Hoke,2004,dl_lb,28,25-28,PIT,Undrafted,Undrafted,14,10
WarrickHoldman28CHI2003,Warrick Holdman,2003,dl_lb,28,25-28,CHI,7,10,13,13
JohnHolecek28BUF2000,John Holecek,2000,dl_lb,28,25-28,BUF,8,52,16,16
VonnieHolliday28KAN2003,Vonnie Holliday,2003,dl_lb,28,25-28,KAN,1,102,16,16
EarlHolmes28PIT2001,Earl Holmes,2001,dl_lb,28,25-28,PIT,7,32,16,16
KennyHolmes28NYG2001,Kenny Holmes,2001,dl_lb,28,25-28,NYG,1,91,16,16
EvanderHood28CHI2015,Evander Hood,2015,dl_lb,28,25-28,CHI,1,187,2,0
WesHorton28CAR2017,Wes Horton,2017,dl_lb,28,25-28,CAR,Undrafted,Undrafted,16,0
JustinHouston28KAN2017,Justin Houston,2017,dl_lb,28,25-28,KAN,6,230,15,15
LamarrHouston28CHI2015,Lamarr Houston,2015,dl_lb,28,25-28,CHI,5,201,16,2
ChrisHovan28TAM2006,Chris Hovan,2006,dl_lb,28,25-28,TAM,1,168,16,16
DarrenHoward28NOR2004,Darren Howard,2004,dl_lb,28,25-28,NOR,5,189,13,12
JayeHoward28KAN2016,Jaye Howard,2016,dl_lb,28,25-28,KAN,7,19,8,5
ThomasHoward28CIN2011,Thomas Howard,2011,dl_lb,28,25-28,CIN,5,194,16,15
OrlandoHuff28ARI2006,Orlando Huff,2006,dl_lb,28,25-28,ARI,7,8,16,13
JerryHughes28BUF2016,Jerry Hughes,2016,dl_lb,28,25-28,BUF,1,186,16,15
JohnHughes282TM2016,John Hughes,2016,dl_lb,28,25-28,2TM,6,248,6,0
RamonHumber28NOR2015,Ramon Humber,2015,dl_lb,28,25-28,NOR,Undrafted,Undrafted,14,4
CletidusHunt28GNB2004,Cletidus Hunt,2004,dl_lb,28,25-28,GNB,6,256,16,14
MargusHunt28CIN2015,Margus Hunt,2015,dl_lb,28,25-28,CIN,5,211,7,0
JasonHunter28DEN2011,Jason Hunter,2011,dl_lb,28,25-28,DEN,Undrafted,Undrafted,16,2
IsraelIdonije28CHI2008,Israel Idonije,2008,dl_lb,28,25-28,CHI,Undrafted,Undrafted,16,3
MelvinIngram28LAC2017,Melvin Ingram,2017,dl_lb,28,25-28,LAC,1,91,16,16
JuniorIoane28HOU2005,Junior Ioane,2005,dl_lb,28,25-28,HOU,7,11,11,1
BruceIrvin28SEA2015,Bruce Irvin,2015,dl_lb,28,25-28,SEA,1,58,15,12
CorveyIrvin28DAL2013,Corvey Irvin,2013,dl_lb,28,25-28,DAL,6,255,6,0
LarryIzzo28NWE2002,Larry Izzo,2002,dl_lb,28,25-28,NWE,Undrafted,Undrafted,15,0
D'QwellJackson28CLE2011,D'Qwell Jackson,2011,dl_lb,28,25-28,CLE,5,190,16,16
GradyJackson28OAK2001,Grady Jackson,2001,dl_lb,28,25-28,OAK,9,106,16,16
MalikJackson28JAX2018,Malik Jackson,2018,dl_lb,28,25-28,JAX,8,44,8,8
RobJackson28WAS2013,Rob Jackson,2013,dl_lb,28,25-28,WAS,10,160,12,1
TysonJackson28ATL2014,Tyson Jackson,2014,dl_lb,28,25-28,ATL,1,182,16,16
BenJacobs28CAR2016,Ben Jacobs,2016,dl_lb,28,25-28,CAR,Undrafted,Undrafted,4,0
BradieJames28DAL2009,Bradie James,2009,dl_lb,28,25-28,DAL,7,7,16,16
RobertJames28ATL2011,Robert James,2011,dl_lb,28,25-28,ATL,8,45,1,0
ToryJames28OAK2001,Tory James,2001,dl_lb,28,25-28,OAK,5,201,16,2
TimJamison28HOU2014,Tim Jamison,2014,dl_lb,28,25-28,HOU,Undrafted,Undrafted,13,1
EdJasper28ATL2001,Ed Jasper,2001,dl_lb,28,25-28,ATL,9,111,16,1
RickyJean-Francois28IND2014,Ricky Jean-Francois,2014,dl_lb,28,25-28,IND,10,162,16,13
CoreyJenkins282TM2004,Corey Jenkins,2004,dl_lb,28,25-28,2TM,9,93,7,0
CullenJenkins28GNB2009,Cullen Jenkins,2009,dl_lb,28,25-28,GNB,Undrafted,Undrafted,16,16
JarvisJenkins282TM2016,Jarvis Jenkins,2016,dl_lb,28,25-28,2TM,5,198,16,1
JohnJenkins28CHI2017,John Jenkins,2017,dl_lb,28,25-28,CHI,6,243,8,1
KrisJenkins28CAR2007,Kris Jenkins,2007,dl_lb,28,25-28,CAR,5,201,16,15
PeriaJerry28ATL2012,Peria Jerry,2012,dl_lb,28,25-28,ATL,1,157,14,9
AntonioJohnson28IND2012,Antonio Johnson,2012,dl_lb,28,25-28,IND,8,61,14,13
BrandonJohnson28CIN2011,Brandon Johnson,2011,dl_lb,28,25-28,CIN,8,50,16,1
CharlesJohnson28CAR2014,Charles Johnson,2014,dl_lb,28,25-28,CAR,6,244,16,16
DerrickJohnson28KAN2010,Derrick Johnson,2010,dl_lb,28,25-28,KAN,1,58,16,16
EllisJohnson28IND2001,Ellis Johnson,2001,dl_lb,28,25-28,IND,1,58,16,16
EricJohnson28ATL2004,Eric Johnson,2004,dl_lb,28,25-28,ATL,Undrafted,Undrafted,16,0
GeorgeJohnson28TAM2015,George Johnson,2015,dl_lb,28,25-28,TAM,Undrafted,Undrafted,11,5
JarretJohnson28BAL2009,Jarret Johnson,2009,dl_lb,28,25-28,BAL,7,13,16,16
JoeJohnson28NOR2000,Joe Johnson,2000,dl_lb,28,25-28,NOR,1,36,16,15
LandonJohnson28CAR2009,Landon Johnson,2009,dl_lb,28,25-28,CAR,6,258,10,3
MichaelJohnson28CIN2015,Michael Johnson,2015,dl_lb,28,25-28,CIN,6,230,16,15
SpencerJohnson28BUF2009,Spencer Johnson,2009,dl_lb,28,25-28,BUF,Undrafted,Undrafted,16,3
StevenJohnson28PIT2016,Steven Johnson,2016,dl_lb,28,25-28,PIT,Undrafted,Undrafted,6,0
TankJohnson28CIN2009,Tank Johnson,2009,dl_lb,28,25-28,CIN,5,204,14,13
TedJohnson28NWE2000,Ted Johnson,2000,dl_lb,28,25-28,NWE,5,215,13,11
ThomasJohnson28ATL2009,Thomas Johnson,2009,dl_lb,28,25-28,ATL,Undrafted,Undrafted,13,10
TimJohnson28BAL2006,Tim Johnson,2006,dl_lb,28,25-28,BAL,Undrafted,Undrafted,4,0
TomJohnson28NOR2012,Tom Johnson,2012,dl_lb,28,25-28,NOR,Undrafted,Undrafted,15,0
TravisJohnson28SDG2010,Travis Johnson,2010,dl_lb,28,25-28,SDG,1,69,9,0
LanceJohnstone28MIN2001,Lance Johnstone,2001,dl_lb,28,25-28,MIN,5,215,16,5
ArthurJones28IND2014,Arthur Jones,2014,dl_lb,28,25-28,IND,8,66,9,3
BradJones28GNB2014,Brad Jones,2014,dl_lb,28,25-28,GNB,10,133,13,1
ChandlerJones28ARI2018,Chandler Jones,2018,dl_lb,28,25-28,ARI,1,124,8,8
DatoneJones28DAL2018,Datone Jones,2018,dl_lb,28,25-28,DAL,1,174,1,0
DhaniJones28PHI2006,Dhani Jones,2006,dl_lb,28,25-28,PHI,9,88,16,13
DontaJones28NOR2000,Donta Jones,2000,dl_lb,28,25-28,NOR,7,31,12,0
EdgarJones28KAN2012,Edgar Jones,2012,dl_lb,28,25-28,KAN,Undrafted,Undrafted,16,0
GregJones28ARI2002,Greg Jones,2002,dl_lb,28,25-28,ARI,5,209,3,1
JasonJones28DET2014,Jason Jones,2014,dl_lb,28,25-28,DET,5,212,16,16
LenoyJones28CLE2002,Lenoy Jones,2002,dl_lb,28,25-28,CLE,Undrafted,Undrafted,5,0
MarcusJones28TAM2001,Marcus Jones,2001,dl_lb,28,25-28,TAM,1,135,15,15
MarvinJones28NYJ2000,Marvin Jones,2000,dl_lb,28,25-28,NYJ,1,196,16,16
AkeemJordan28KAN2013,Akeem Jordan,2013,dl_lb,28,25-28,KAN,Undrafted,Undrafted,16,10
CameronJordan28NOR2017,Cameron Jordan,2017,dl_lb,28,25-28,NOR,1,157,16,16
DionJordan28SEA2018,Dion Jordan,2018,dl_lb,28,25-28,SEA,1,182,5,0
RichardJordan28DET2002,Richard Jordan,2002,dl_lb,28,25-28,DET,10,156,1,0
LinvalJoseph28MIN2016,Linval Joseph,2016,dl_lb,28,25-28,MIN,5,203,16,16
CatoJune28TAM2007,Cato June,2007,dl_lb,28,25-28,TAM,9,111,16,14
IsaiahKacyvenski28SEA2005,Isaiah Kacyvenski,2005,dl_lb,28,25-28,SEA,7,24,16,0
N.D.Kalu28PHI2003,N.D. Kalu,2003,dl_lb,28,25-28,PHI,8,61,16,16
AaronKampman28GNB2007,Aaron Kampman,2007,dl_lb,28,25-28,GNB,8,65,15,15
JevonKearse28PHI2004,Jevon Kearse,2004,dl_lb,28,25-28,PHI,1,69,14,14
BryanKehl282TM2012,Bryan Kehl,2012,dl_lb,28,25-28,2TM,7,29,8,0
BrettKeisel28PIT2006,Brett Keisel,2006,dl_lb,28,25-28,PIT,10,160,16,16
TommyKelly28OAK2008,Tommy Kelly,2008,dl_lb,28,25-28,OAK,Undrafted,Undrafted,16,16
ChrisKelsay28BUF2007,Chris Kelsay,2007,dl_lb,28,25-28,BUF,5,205,14,14
Ma'akeKemoeatu28CAR2007,Ma'ake Kemoeatu,2007,dl_lb,28,25-28,CAR,Undrafted,Undrafted,16,13
MychalKendricks28SEA2018,Mychal Kendricks,2018,dl_lb,28,25-28,SEA,5,203,3,2
JimmyKennedy28CHI2007,Jimmy Kennedy,2007,dl_lb,28,25-28,CHI,1,25,3,0
PatrickKerney28ATL2004,Patrick Kerney,2004,dl_lb,28,25-28,ATL,1,183,16,15
ZachKerr28DEN2018,Zach Kerr,2018,dl_lb,28,25-28,DEN,Undrafted,Undrafted,8,0
RyanKerrigan28WAS2016,Ryan Kerrigan,2016,dl_lb,28,25-28,WAS,1,69,16,16
TerryKillens282TM2002,Terry Killens,2002,dl_lb,28,25-28,2TM,6,234,4,0
CedricKillings28WAS2005,Cedric Killings,2005,dl_lb,28,25-28,WAS,Undrafted,Undrafted,10,1
DavidKing28TEN2017,David King,2017,dl_lb,28,25-28,TEN,10,156,7,0
LamarKing28SEA2003,Lamar King,2003,dl_lb,28,25-28,SEA,1,135,9,3
TravisKirschke28DET2002,Travis Kirschke,2002,dl_lb,28,25-28,DET,Undrafted,Undrafted,15,1
MathiasKiwanuka28NYG2011,Mathias Kiwanuka,2011,dl_lb,28,25-28,NYG,1,187,16,15
KarlKlug28TEN2016,Karl Klug,2016,dl_lb,28,25-28,TEN,8,50,14,3
TerranceKnighton28DEN2014,Terrance Knighton,2014,dl_lb,28,25-28,DEN,6,232,16,16
RossKolodziej28MIN2006,Ross Kolodziej,2006,dl_lb,28,25-28,MIN,10,147,12,0
NikoKoutouvides28TAM2009,Niko Koutouvides,2009,dl_lb,28,25-28,TAM,7,21,16,0
ClintKriewaldt28PIT2004,Clint Kriewaldt,2004,dl_lb,28,25-28,PIT,9,88,15,0
PaulKruger28CLE2014,Paul Kruger,2014,dl_lb,28,25-28,CLE,5,215,16,15
RyanKuehl28CLE2000,Ryan Kuehl,2000,dl_lb,28,25-28,CLE,Undrafted,Undrafted,16,0
MarkusKuhn28NYG2014,Markus Kuhn,2014,dl_lb,28,25-28,NYG,10,156,14,1
JasonKyle28SFO2000,Jason Kyle,2000,dl_lb,28,25-28,SFO,7,32,2,0
DeonLacey28BUF2018,Deon Lacey,2018,dl_lb,28,25-28,BUF,Undrafted,Undrafted,8,0
AntwanLake28NOR2007,Antwan Lake,2007,dl_lb,28,25-28,NOR,Undrafted,Undrafted,15,7
EmmanuelLamur28MIN2017,Emmanuel Lamur,2017,dl_lb,28,25-28,MIN,Undrafted,Undrafted,16,0
DerekLandri28PHI2011,Derek Landri,2011,dl_lb,28,25-28,PHI,8,76,12,0
KenardLang28CLE2003,Kenard Lang,2003,dl_lb,28,25-28,CLE,1,80,15,15
KendallLangford28STL2014,Kendall Langford,2014,dl_lb,28,25-28,STL,6,225,16,4
DannyLansanah28TAM2013,Danny Lansanah,2013,dl_lb,28,25-28,TAM,Undrafted,Undrafted,1,0
SpencerLarsen28NWE2012,Spencer Larsen,2012,dl_lb,28,25-28,NWE,9,95,0,NA
JamesLaurinaitis28STL2014,James Laurinaitis,2014,dl_lb,28,25-28,STL,5,191,16,16
LanceLaury28NYJ2010,Lance Laury,2010,dl_lb,28,25-28,NYJ,Undrafted,Undrafted,16,0
MannyLawson28CIN2012,Manny Lawson,2012,dl_lb,28,25-28,CIN,1,135,16,10
BenLeber28MIN2006,Ben Leber,2006,dl_lb,28,25-28,MIN,6,231,15,10
SeanLee28DAL2014,Sean Lee,2014,dl_lb,28,25-28,DAL,5,213,0,NA
LanceLegree28NYJ2005,Lance Legree,2005,dl_lb,28,25-28,NYJ,Undrafted,Undrafted,16,4
RodneyLeisle28NOR2009,Rodney Leisle,2009,dl_lb,28,25-28,NOR,8,46,1,0
OrieLemon28TAM2015,Orie Lemon,2015,dl_lb,28,25-28,TAM,Undrafted,Undrafted,8,1
ParisLenon28GNB2005,Paris Lenon,2005,dl_lb,28,25-28,GNB,Undrafted,Undrafted,16,12
DeAndreLevy28DET2015,DeAndre Levy,2015,dl_lb,28,25-28,DET,6,236,1,1
D.D.Lewis28DEN2007,D.D. Lewis,2007,dl_lb,28,25-28,DEN,Undrafted,Undrafted,5,0
DamioneLewis28CAR2006,Damione Lewis,2006,dl_lb,28,25-28,CAR,1,25,16,3
RayLewis*28BAL2003,Ray Lewis*,2003,dl_lb,28,25-28,BAL,1,174,16,16
SeanLissemore28SDG2015,Sean Lissemore,2015,dl_lb,28,25-28,SDG,10,151,11,5
LeonardLittle28STL2002,Leonard Little,2002,dl_lb,28,25-28,STL,6,224,16,15
CoreyLiuget28LAC2018,Corey Liuget,2018,dl_lb,28,25-28,LAC,1,91,3,0
CurtisLofton28NOR2014,Curtis Lofton,2014,dl_lb,28,25-28,NOR,5,193,16,16
BennieLogan28KAN2017,Bennie Logan,2017,dl_lb,28,25-28,KAN,6,226,15,12
JamesLogan28SEA2000,James Logan,2000,dl_lb,28,25-28,SEA,Undrafted,Undrafted,16,0
ChrisLong28STL2013,Chris Long,2013,dl_lb,28,25-28,STL,1,113,16,16
StarLotulelei28CAR2017,Star Lotulelei,2017,dl_lb,28,25-28,CAR,1,47,16,16
BillyLyon28GNB2001,Billy Lyon,2001,dl_lb,28,25-28,GNB,Undrafted,Undrafted,12,0
AnthonyMaddox28HOU2006,Anthony Maddox,2006,dl_lb,28,25-28,HOU,7,23,12,9
JoshMallard282TM2007,Josh Mallard,2007,dl_lb,28,25-28,2TM,10,136,11,0
WeslyMallard28TAM2006,Wesly Mallard,2006,dl_lb,28,25-28,TAM,9,100,16,0
ChrisMaragos28PHI2015,Chris Maragos,2015,dl_lb,28,25-28,PHI,Undrafted,Undrafted,15,2
Sen'DerrickMarks28JAX2015,Sen'Derrick Marks,2015,dl_lb,28,25-28,JAX,5,221,4,2
BrandonMarshall28DEN2017,Brandon Marshall,2017,dl_lb,28,25-28,DEN,8,50,16,16
LemarMarshall28WAS2004,Lemar Marshall,2004,dl_lb,28,25-28,WAS,Undrafted,Undrafted,16,14
SteveMartin28NWE2002,Steve Martin,2002,dl_lb,28,25-28,NWE,8,60,14,5
MikeMaslowski28KAN2002,Mike Maslowski,2002,dl_lb,28,25-28,KAN,Undrafted,Undrafted,16,16
EddieMason28WAS2000,Eddie Mason,2000,dl_lb,28,25-28,WAS,9,89,16,2
RicardoMathews28SDG2015,Ricardo Mathews,2015,dl_lb,28,25-28,SDG,10,155,16,7
RobertMathis28IND2009,Robert Mathis,2009,dl_lb,28,25-28,IND,8,45,14,9
ClayMatthews28GNB2014,Clay Matthews,2014,dl_lb,28,25-28,GNB,1,174,16,16
ReyMaualuga28CIN2015,Rey Maualuga,2015,dl_lb,28,25-28,CIN,5,194,15,14
JoshMauga28KAN2015,Josh Mauga,2015,dl_lb,28,25-28,KAN,Undrafted,Undrafted,14,14
JerodMayo28NWE2014,Jerod Mayo,2014,dl_lb,28,25-28,NWE,1,3,6,6
JoeMays28HOU2013,Joe Mays,2013,dl_lb,28,25-28,HOU,9,115,14,13
RyanMcBean28BAL2012,Ryan McBean,2012,dl_lb,28,25-28,BAL,7,39,0,NA
JohnMcCargo28TAM2011,John McCargo,2011,dl_lb,28,25-28,TAM,1,174,4,0
JameelMcClain28BAL2013,Jameel McClain,2013,dl_lb,28,25-28,BAL,Undrafted,Undrafted,10,10
TerrellMcClain28DAL2016,Terrell McClain,2016,dl_lb,28,25-28,DAL,6,224,15,15
AlbertMcClellan28BAL2014,Albert McClellan,2014,dl_lb,28,25-28,BAL,Undrafted,Undrafted,16,0
DarrellMcClover28CHI2009,Darrell McClover,2009,dl_lb,28,25-28,CHI,10,128,13,0
GeraldMcCoy28TAM2016,Gerald McCoy,2016,dl_lb,28,25-28,TAM,1,182,15,15
MattMcCoy28SEA2010,Matt McCoy,2010,dl_lb,28,25-28,SEA,5,222,14,0
BobbyMcCray28NOR2009,Bobby McCray,2009,dl_lb,28,25-28,NOR,10,167,16,0
LerenteeMcCray28JAX2018,Lerentee McCray,2018,dl_lb,28,25-28,JAX,Undrafted,Undrafted,8,0
RobertMcCune28BAL2007,Robert McCune,2007,dl_lb,28,25-28,BAL,8,63,2,0
TonyMcDaniel28SEA2013,Tony McDaniel,2013,dl_lb,28,25-28,SEA,Undrafted,Undrafted,16,15
ClintonMcDonald28TAM2015,Clinton McDonald,2015,dl_lb,28,25-28,TAM,10,167,6,6
RayMcDonald28SFO2012,Ray McDonald,2012,dl_lb,28,25-28,SFO,6,259,16,16
JeromeMcDougle28PHI2006,Jerome McDougle,2006,dl_lb,28,25-28,PHI,1,58,14,0
MarshallMcFadden28STL2014,Marshall McFadden,2014,dl_lb,28,25-28,STL,Undrafted,Undrafted,5,0
AnthonyMcFarland28TAM2005,Anthony McFarland,2005,dl_lb,28,25-28,TAM,1,58,15,15
RockyMcIntosh28WAS2010,Rocky McIntosh,2010,dl_lb,28,25-28,WAS,5,191,15,15
GarrettMcIntyre28NYJ2012,Garrett McIntyre,2012,dl_lb,28,25-28,NYJ,Undrafted,Undrafted,16,4
KeithMcKenzie28CLE2001,Keith McKenzie,2001,dl_lb,28,25-28,CLE,10,171,7,6
AlvinMcKinley28CLE2006,Alvin McKinley,2006,dl_lb,28,25-28,CLE,7,26,14,14
BrandonMcKinney28BAL2011,Brandon McKinney,2011,dl_lb,28,25-28,BAL,Undrafted,Undrafted,12,0
RonaldMcKinnon28ARI2001,Ronald McKinnon,2001,dl_lb,28,25-28,ARI,Undrafted,Undrafted,16,16
SteveMcLendon28PIT2014,Steve McLendon,2014,dl_lb,28,25-28,PIT,Undrafted,Undrafted,12,11
JoshMcNary28IND2016,Josh McNary,2016,dl_lb,28,25-28,IND,Undrafted,Undrafted,16,3
PernellMcPhee28CHI2016,Pernell McPhee,2016,dl_lb,28,25-28,CHI,8,75,9,0
StevenMeans28ATL2018,Steven Means,2018,dl_lb,28,25-28,ATL,8,55,4,1
BrandonMebane28SEA2013,Brandon Mebane,2013,dl_lb,28,25-28,SEA,6,246,16,16
RobMeier28JAX2005,Rob Meier,2005,dl_lb,28,25-28,JAX,10,159,16,2
HenryMelton28DAL2014,Henry Melton,2014,dl_lb,28,25-28,DAL,7,9,16,3
TerrenceMelton28NOR2005,Terrence Melton,2005,dl_lb,28,25-28,NOR,Undrafted,Undrafted,15,2
WhitneyMercilus28HOU2018,Whitney Mercilus,2018,dl_lb,28,25-28,HOU,1,174,8,5
PhillipMerling28WAS2013,Phillip Merling,2013,dl_lb,28,25-28,WAS,5,187,3,0
ShawneMerriman28BUF2012,Shawne Merriman,2012,dl_lb,28,25-28,BUF,1,25,10,1
JamirMiller28CLE2001,Jamir Miller,2001,dl_lb,28,25-28,CLE,1,3,16,16
RoyMiller28JAX2015,Roy Miller,2015,dl_lb,28,25-28,JAX,6,242,16,16
VonMiller28DEN2017,Von Miller,2017,dl_lb,28,25-28,DEN,1,113,16,16
JeremyMincey28JAX2011,Jeremy Mincey,2011,dl_lb,28,25-28,JAX,9,104,16,16
BarkeviousMingo28SEA2018,Barkevious Mingo,2018,dl_lb,28,25-28,SEA,1,218,7,7
KevinMinter28TAM2018,Kevin Minter,2018,dl_lb,28,25-28,TAM,5,202,1,0
KoaMisi28MIA2015,Koa Misi,2015,dl_lb,28,25-28,MIA,5,197,13,13
BrandonMitchell28SEA2003,Brandon Mitchell,2003,dl_lb,28,25-28,SEA,5,217,14,6
EarlMitchell28MIA2015,Earl Mitchell,2015,dl_lb,28,25-28,MIA,6,242,12,12
KawikaMitchell28NYG2007,Kawika Mitchell,2007,dl_lb,28,25-28,NYG,5,204,16,16
KeithMitchell28HOU2002,Keith Mitchell,2002,dl_lb,28,25-28,HOU,Undrafted,Undrafted,11,7
MarvinMitchell28MIN2012,Marvin Mitchell,2012,dl_lb,28,25-28,MIN,10,136,11,1
KennyMixon28MIN2003,Kenny Mixon,2003,dl_lb,28,25-28,MIN,5,206,16,16
FiliMoala28IND2013,Fili Moala,2013,dl_lb,28,25-28,IND,5,214,16,6
ArthurMoats28PIT2016,Arthur Moats,2016,dl_lb,28,25-28,PIT,9,89,16,5
JohnMobley28DEN2001,John Mobley,2001,dl_lb,28,25-28,DEN,1,58,16,16
MarioMonds28MIA2004,Mario Monds,2004,dl_lb,28,25-28,MIA,9,98,5,0
BrandonMoore28SFO2007,Brandon Moore,2007,dl_lb,28,25-28,SFO,Undrafted,Undrafted,16,1
ZachMoore28ARI2018,Zach Moore,2018,dl_lb,28,25-28,ARI,9,111,8,0
KindalMoorehead28CAR2006,Kindal Moorehead,2006,dl_lb,28,25-28,CAR,8,53,16,0
SeanMoran28STL2001,Sean Moran,2001,dl_lb,28,25-28,STL,7,26,16,1
DanMorgan28CAR2006,Dan Morgan,2006,dl_lb,28,25-28,CAR,1,14,1,1
DerrickMorgan28TEN2017,Derrick Morgan,2017,dl_lb,28,25-28,TEN,1,69,14,14
MikeMorgan28SEA2016,Mike Morgan,2016,dl_lb,28,25-28,SEA,Undrafted,Undrafted,9,3
RobMorris28IND2003,Rob Morris,2003,dl_lb,28,25-28,IND,1,179,16,16
KirkMorrison28JAX2010,Kirk Morrison,2010,dl_lb,28,25-28,JAX,6,238,16,16
MikeMorton28GNB2000,Mike Morton,2000,dl_lb,28,25-28,GNB,7,23,16,0
C.J.Mosley28JAX2011,C.J. Mosley,2011,dl_lb,28,25-28,JAX,9,104,15,3
DanielMuir28IND2011,Daniel Muir,2011,dl_lb,28,25-28,IND,Undrafted,Undrafted,4,2
TrentMurphy28BUF2018,Trent Murphy,2018,dl_lb,28,25-28,BUF,5,204,7,6
MichaelMyers28CLE2004,Michael Myers,2004,dl_lb,28,25-28,CLE,7,4,16,7
HannibalNavies28CIN2005,Hannibal Navies,2005,dl_lb,28,25-28,CIN,7,4,15,1
MikeNeal28GNB2015,Mike Neal,2015,dl_lb,28,25-28,GNB,5,214,16,15
RyanNece28TAM2007,Ryan Nece,2007,dl_lb,28,25-28,TAM,Undrafted,Undrafted,15,0
JimNelson28IND2003,Jim Nelson,2003,dl_lb,28,25-28,IND,Undrafted,Undrafted,7,0
KeithNewman28MIN2005,Keith Newman,2005,dl_lb,28,25-28,MIN,7,24,13,10
HalotiNgata28BAL2012,Haloti Ngata,2012,dl_lb,28,25-28,BAL,1,25,14,14
DatNguyen28DAL2003,Dat Nguyen,2003,dl_lb,28,25-28,DAL,6,246,16,16
StephenNicholas28ATL2011,Stephen Nicholas,2011,dl_lb,28,25-28,ATL,7,13,10,8
RobNinkovich28NWE2012,Rob Ninkovich,2012,dl_lb,28,25-28,NWE,8,42,16,16
JohnNix28ARI2004,John Nix,2004,dl_lb,28,25-28,ARI,10,158,1,0
BrandonNoble28DAL2002,Brandon Noble,2002,dl_lb,28,25-28,DAL,Undrafted,Undrafted,16,16
ChukieNwokorie28GNB2003,Chukie Nwokorie,2003,dl_lb,28,25-28,GNB,Undrafted,Undrafted,14,0
MarkNzeocha28SFO2018,Mark Nzeocha,2018,dl_lb,28,25-28,SFO,10,153,9,1
AntwanOdom28CIN2009,Antwan Odom,2009,dl_lb,28,25-28,CIN,5,215,6,6
JaredOdrick28JAX2015,Jared Odrick,2015,dl_lb,28,25-28,JAX,1,179,16,16
EricOgbogu28DAL2003,Eric Ogbogu,2003,dl_lb,28,25-28,DAL,9,73,16,3
AdewaleOgunleye28CHI2005,Adewale Ogunleye,2005,dl_lb,28,25-28,CHI,Undrafted,Undrafted,15,15
ChikeOkeafor28SEA2004,Chike Okeafor,2004,dl_lb,28,25-28,SEA,6,250,16,16
IgorOlshansky28DAL2010,Igor Olshansky,2010,dl_lb,28,25-28,DAL,5,191,16,14
KennyOnatolu28MIN2010,Kenny Onatolu,2010,dl_lb,28,25-28,MIN,Undrafted,Undrafted,16,0
BrianOrakpo28WAS2014,Brian Orakpo,2014,dl_lb,28,25-28,WAS,1,36,7,7
BradOttis28ARI2000,Brad Ottis,2000,dl_lb,28,25-28,ARI,5,214,15,11
RichOwens28MIA2000,Rich Owens,2000,dl_lb,28,25-28,MIA,8,61,12,3
CalvinPace28NYJ2008,Calvin Pace,2008,dl_lb,28,25-28,NYJ,1,91,16,16
StephenPaea28CLE2016,Stephen Paea,2016,dl_lb,28,25-28,CLE,5,211,13,1
AshleePalmer28DET2014,Ashlee Palmer,2014,dl_lb,28,25-28,DET,Undrafted,Undrafted,16,5
NatePalmer28TEN2017,Nate Palmer,2017,dl_lb,28,25-28,TEN,9,106,10,0
JuquaParker28PHI2006,Juqua Parker,2006,dl_lb,28,25-28,PHI,Undrafted,Undrafted,16,1
RiddickParker28SEA2000,Riddick Parker,2000,dl_lb,28,25-28,SEA,Undrafted,Undrafted,16,16
MikePatterson28PHI2011,Mike Patterson,2011,dl_lb,28,25-28,PHI,1,186,15,15
ScottPaxson28CLE2011,Scott Paxson,2011,dl_lb,28,25-28,CLE,Undrafted,Undrafted,16,0
SethPayne28HOU2003,Seth Payne,2003,dl_lb,28,25-28,HOU,7,19,2,2
SpencerPaysinger28MIA2016,Spencer Paysinger,2016,dl_lb,28,25-28,MIA,Undrafted,Undrafted,15,3
AntwanPeek28CLE2007,Antwan Peek,2007,dl_lb,28,25-28,CLE,6,226,14,5
DomataPeko28CIN2012,Domata Peko,2012,dl_lb,28,25-28,CIN,7,29,16,16
JuliusPeppers28CAR2008,Julius Peppers,2008,dl_lb,28,25-28,CAR,1,113,16,16
NickPerry28GNB2018,Nick Perry,2018,dl_lb,28,25-28,GNB,1,179,7,7
ChristianPeter28NYG2000,Christian Peter,2000,dl_lb,28,25-28,NYG,8,57,16,15
BrianPeters28HOU2016,Brian Peters,2016,dl_lb,28,25-28,HOU,Undrafted,Undrafted,12,0
CoreyPeters28ARI2016,Corey Peters,2016,dl_lb,28,25-28,ARI,6,244,15,14
JulianPeterson28SEA2006,Julian Peterson,2006,dl_lb,28,25-28,SEA,1,69,16,16
KennyPeterson28DEN2006,Kenny Peterson,2006,dl_lb,28,25-28,DEN,6,239,3,0
MikePeterson28JAX2004,Mike Peterson,2004,dl_lb,28,25-28,JAX,5,192,16,16
ShaunPhillips28SDG2009,Shaun Phillips,2009,dl_lb,28,25-28,SDG,7,260,16,16
RyanPickett28GNB2007,Ryan Pickett,2007,dl_lb,28,25-28,GNB,1,180,14,14
AntonioPierce28NYG2006,Antonio Pierce,2006,dl_lb,28,25-28,NYG,Undrafted,Undrafted,16,16
JasonPierre-Paul28NYG2017,Jason Pierre-Paul,2017,dl_lb,28,25-28,NYG,1,58,16,16
RopatiPitoitua28TEN2013,Ropati Pitoitua,2013,dl_lb,28,25-28,TEN,Undrafted,Undrafted,16,13
KavikaPittman28DEN2002,Kavika Pittman,2002,dl_lb,28,25-28,DEN,5,193,16,15
DontariPoe28CAR2018,Dontari Poe,2018,dl_lb,28,25-28,CAR,1,14,7,7
DaShonPolk28HOU2005,DaShon Polk,2005,dl_lb,28,25-28,HOU,10,170,16,11
BradyPoppinga28GNB2007,Brady Poppinga,2007,dl_lb,28,25-28,GNB,7,31,16,15
JoeyPorter28PIT2005,Joey Porter,2005,dl_lb,28,25-28,PIT,6,233,16,16
JeffPosey28BUF2003,Jeff Posey,2003,dl_lb,28,25-28,BUF,Undrafted,Undrafted,16,16
PaulPosluszny28JAX2012,Paul Posluszny,2012,dl_lb,28,25-28,JAX,5,190,16,16
SionePouha28NYJ2007,Sione Pouha,2007,dl_lb,28,25-28,NYJ,6,249,16,1
CarlPowell28WAS2002,Carl Powell,2002,dl_lb,28,25-28,WAS,8,65,15,4
EricPowell28BUF2007,Eric Powell,2007,dl_lb,28,25-28,BUF,Undrafted,Undrafted,1,0
PiersonPrioleau28WAS2005,Pierson Prioleau,2005,dl_lb,28,25-28,WAS,7,15,15,6
TrevorPryce28DEN2003,Trevor Pryce,2003,dl_lb,28,25-28,DEN,1,179,16,16
RobertQuinn28MIA2018,Robert Quinn,2018,dl_lb,28,25-28,MIA,1,47,8,8
WaliRainer28DET2005,Wali Rainer,2005,dl_lb,28,25-28,DET,7,30,16,5
B.J.Raji28GNB2014,B.J. Raji,2014,dl_lb,28,25-28,GNB,1,251,0,NA
DerrickRansom28JAX2004,Derrick Ransom,2004,dl_lb,28,25-28,JAX,9,93,10,0
JayRatliff28DAL2009,Jay Ratliff,2009,dl_lb,28,25-28,DAL,10,140,16,16
MontaeReagor28IND2005,Montae Reagor,2005,dl_lb,28,25-28,IND,5,216,13,12
CoryRedding28DET2008,Cory Redding,2008,dl_lb,28,25-28,DET,6,225,13,13
BrooksReed28ATL2015,Brooks Reed,2015,dl_lb,28,25-28,ATL,5,199,13,5
JamesReed28NYJ2005,James Reed,2005,dl_lb,28,25-28,NYJ,10,120,16,15
IkeReese28PHI2001,Ike Reese,2001,dl_lb,28,25-28,PHI,8,50,16,0
TrevorReilly28MIA2016,Trevor Reilly,2016,dl_lb,28,25-28,MIA,10,150,2,0
VincentRey28CIN2015,Vincent Rey,2015,dl_lb,28,25-28,CIN,Undrafted,Undrafted,16,8
LaRoyReynolds28PHI2018,LaRoy Reynolds,2018,dl_lb,28,25-28,PHI,Undrafted,Undrafted,8,0
SimeonRice28TAM2002,Simeon Rice,2002,dl_lb,28,25-28,TAM,1,182,16,16
SheldonRichardson28MIN2018,Sheldon Richardson,2018,dl_lb,28,25-28,MIN,1,36,8,8
PerryRiley28OAK2016,Perry Riley,2016,dl_lb,28,25-28,OAK,7,7,11,11
KeithRivers28BUF2014,Keith Rivers,2014,dl_lb,28,25-28,BUF,1,251,12,3
NickRoach28OAK2013,Nick Roach,2013,dl_lb,28,25-28,OAK,Undrafted,Undrafted,16,16
FredRobbins28NYG2005,Fred Robbins,2005,dl_lb,28,25-28,NYG,5,213,16,6
CraigRobertson28NOR2016,Craig Robertson,2016,dl_lb,28,25-28,NOR,Undrafted,Undrafted,15,15
BryanRobinson28CHI2002,Bryan Robinson,2002,dl_lb,28,25-28,CHI,Undrafted,Undrafted,15,13
DerreckRobinson28CLE2010,Derreck Robinson,2010,dl_lb,28,25-28,CLE,Undrafted,Undrafted,14,0
KeenanRobinson28NYG2017,Keenan Robinson,2017,dl_lb,28,25-28,NYG,7,24,6,3
BrianRobison28MIN2011,Brian Robison,2011,dl_lb,28,25-28,MIN,7,6,16,16
ShaunRogers28DET2007,Shaun Rogers,2007,dl_lb,28,25-28,DET,5,220,16,16
TyroneRogers28CLE2002,Tyrone Rogers,2002,dl_lb,28,25-28,CLE,Undrafted,Undrafted,14,5
AdrianRoss28CIN2003,Adrian Ross,2003,dl_lb,28,25-28,CIN,Undrafted,Undrafted,15,12
MattRoth28CLE2010,Matt Roth,2010,dl_lb,28,25-28,CLE,5,203,16,16
OrpheusRoye28CLE2001,Orpheus Roye,2001,dl_lb,28,25-28,CLE,9,115,12,10
AhtybaRubin28CLE2014,Ahtyba Rubin,2014,dl_lb,28,25-28,CLE,9,103,13,11
FrosteeRucker28CIN2011,Frostee Rucker,2011,dl_lb,28,25-28,CIN,6,253,16,11
MikeRucker28CAR2003,Mike Rucker,2003,dl_lb,28,25-28,CAR,5,194,14,14
OrlandoRuff28NOR2004,Orlando Ruff,2004,dl_lb,28,25-28,NOR,Undrafted,Undrafted,14,8
SteveRuss28DEN2000,Steve Russ,2000,dl_lb,28,25-28,DEN,10,133,2,0
TwanRussell28MIA2002,Twan Russell,2002,dl_lb,28,25-28,MIA,8,56,3,0
BarrettRuud28TEN2011,Barrett Ruud,2011,dl_lb,28,25-28,TEN,5,192,9,9
DeMecoRyans28PHI2012,DeMeco Ryans,2012,dl_lb,28,25-28,PHI,5,189,16,16
JoeSalave'a28SDG2003,Joe Salave'a,2003,dl_lb,28,25-28,SDG,7,11,9,1
TerdellSands28OAK2007,Terdell Sands,2007,dl_lb,28,25-28,OAK,10,161,16,11
RickySapp28HOU2014,Ricky Sapp,2014,dl_lb,28,25-28,HOU,8,41,3,0
WarrenSapp*28TAM2000,Warren Sapp*,2000,dl_lb,28,25-28,TAM,1,25,16,15
CraigSauer28MIN2000,Craig Sauer,2000,dl_lb,28,25-28,MIN,9,100,9,0
JoshSavage28NOR2008,Josh Savage,2008,dl_lb,28,25-28,NOR,Undrafted,Undrafted,3,0
RichScanlon28NYG2008,Rich Scanlon,2008,dl_lb,28,25-28,NYG,Undrafted,Undrafted,1,0
AaronSchobel28BUF2005,Aaron Schobel,2005,dl_lb,28,25-28,BUF,5,203,16,16
O'BrienSchofield28ATL2015,O'Brien Schofield,2015,dl_lb,28,25-28,ATL,7,37,16,11
BradScioli28IND2004,Brad Scioli,2004,dl_lb,28,25-28,IND,8,45,9,0
BartScott28BAL2008,Bart Scott,2008,dl_lb,28,25-28,BAL,Undrafted,Undrafted,16,16
BryanScott28BUF2009,Bryan Scott,2009,dl_lb,28,25-28,BUF,5,213,9,9
DeQuincyScott28TEN2006,DeQuincy Scott,2006,dl_lb,28,25-28,TEN,Undrafted,Undrafted,3,0
IanScott28SDG2009,Ian Scott,2009,dl_lb,28,25-28,SDG,7,21,12,7
TrevorScott28NWE2012,Trevor Scott,2012,dl_lb,28,25-28,NWE,9,79,14,2
GeorgeSelvie28NYG2015,George Selvie,2015,dl_lb,28,25-28,NYG,10,142,12,3
JordanSenn28CAR2012,Jordan Senn,2012,dl_lb,28,25-28,CAR,Undrafted,Undrafted,16,0
RichardSeymour28NWE2007,Richard Seymour,2007,dl_lb,28,25-28,NWE,1,218,9,8
ScottShanle28NOR2007,Scott Shanle,2007,dl_lb,28,25-28,NOR,10,170,14,14
JamieSharper28HOU2002,Jamie Sharper,2002,dl_lb,28,25-28,HOU,5,190,16,16
MattShaughnessy28ARI2014,Matt Shaughnessy,2014,dl_lb,28,25-28,ARI,6,231,8,7
JoshShaw28OAK2007,Josh Shaw,2007,dl_lb,28,25-28,OAK,8,83,1,0
TimShaw28TEN2012,Tim Shaw,2012,dl_lb,28,25-28,TEN,8,74,16,2
JabaalSheard28IND2017,Jabaal Sheard,2017,dl_lb,28,25-28,IND,5,193,16,16
DerrickShelby28ATL2017,Derrick Shelby,2017,dl_lb,28,25-28,ATL,Undrafted,Undrafted,16,14
KelvinSheppard28NYG2016,Kelvin Sheppard,2016,dl_lb,28,25-28,NYG,6,227,16,11
BrandonShort28CAR2005,Brandon Short,2005,dl_lb,28,25-28,CAR,7,9,16,15
JasonShort28PHI2006,Jason Short,2006,dl_lb,28,25-28,PHI,Undrafted,Undrafted,12,0
KawannShort28CAR2017,Kawann Short,2017,dl_lb,28,25-28,CAR,5,201,16,16
LawrenceSidbury28TAM2014,Lawrence Sidbury,2014,dl_lb,28,25-28,TAM,7,31,1,0
AnthonySimmons28SEA2004,Anthony Simmons,2004,dl_lb,28,25-28,SEA,1,58,7,7
BrianSimmons28CIN2003,Brian Simmons,2003,dl_lb,28,25-28,CIN,1,80,16,16
CoreySimon28IND2005,Corey Simon,2005,dl_lb,28,25-28,IND,1,218,13,13
JohnSimon28NWE2018,John Simon,2018,dl_lb,28,25-28,NWE,7,35,3,1
MarkSimoneau28PHI2005,Mark Simoneau,2005,dl_lb,28,25-28,PHI,6,226,16,0
ErnieSims28DAL2012,Ernie Sims,2012,dl_lb,28,25-28,DAL,1,251,10,6
EugeneSims28STL2014,Eugene Sims,2014,dl_lb,28,25-28,STL,9,101,16,1
PatSims28OAK2013,Pat Sims,2013,dl_lb,28,25-28,OAK,6,237,16,16
RyanSims28TAM2008,Ryan Sims,2008,dl_lb,28,25-28,TAM,1,218,15,2
AlshermondSingleton28DAL2003,Alshermond Singleton,2003,dl_lb,28,25-28,DAL,7,34,16,15
PeterSirmon28TEN2005,Peter Sirmon,2005,dl_lb,28,25-28,TEN,7,34,14,13
DanSkuta28SFO2014,Dan Skuta,2014,dl_lb,28,25-28,SFO,Undrafted,Undrafted,14,10
T.J.Slaughter28NOR2005,T.J. Slaughter,2005,dl_lb,28,25-28,NOR,6,254,10,1
AaronSmith28PIT2004,Aaron Smith,2004,dl_lb,28,25-28,PIT,7,13,16,15
AntonioSmith28HOU2009,Antonio Smith,2009,dl_lb,28,25-28,HOU,8,42,16,15
BradySmith28ATL2001,Brady Smith,2001,dl_lb,28,25-28,ATL,6,230,15,15
CoreySmith28DET2007,Corey Smith,2007,dl_lb,28,25-28,DET,Undrafted,Undrafted,16,2
DarylSmith28JAX2010,Daryl Smith,2010,dl_lb,28,25-28,JAX,5,195,16,16
DerekSmith28SFO2003,Derek Smith,2003,dl_lb,28,25-28,SFO,6,241,16,16
JacquiesSmith28ARI2018,Jacquies Smith,2018,dl_lb,28,25-28,ARI,Undrafted,Undrafted,3,0
JustinSmith28CIN2007,Justin Smith,2007,dl_lb,28,25-28,CIN,1,196,16,16
KhreemSmith28KAN2007,Khreem Smith,2007,dl_lb,28,25-28,KAN,Undrafted,Undrafted,2,0
LarrySmith28JAX2002,Larry Smith,2002,dl_lb,28,25-28,JAX,5,214,15,3
LeKevin Smith28DEN2010,Le Kevin Smith,2010,dl_lb,28,25-28,DEN,9,120,1,0
MarkSmith28CLE2002,Mark Smith,2002,dl_lb,28,25-28,CLE,10,127,5,0
RaonallSmith28STL2006,Raonall Smith,2006,dl_lb,28,25-28,STL,5,194,16,0
RobaireSmith28HOU2005,Robaire Smith,2005,dl_lb,28,25-28,HOU,9,110,16,16
ShaunSmith28CIN2009,Shaun Smith,2009,dl_lb,28,25-28,CIN,Undrafted,Undrafted,3,0
TravianSmith28OAK2003,Travian Smith,2003,dl_lb,28,25-28,OAK,8,61,10,7
WillSmith28NOR2009,Will Smith,2009,dl_lb,28,25-28,NOR,1,91,16,16
PaulSoliai28MIA2011,Paul Soliai,2011,dl_lb,28,25-28,MIA,7,12,16,12
IsaacSopoaga28SFO2009,Isaac Sopoaga,2009,dl_lb,28,25-28,SFO,7,8,16,16
MarcusSpears28DAL2011,Marcus Spears,2011,dl_lb,28,25-28,DAL,1,114,16,5
AnthonySpencer28DAL2012,Anthony Spencer,2012,dl_lb,28,25-28,DAL,1,174,14,14
PaulSpicer28JAX2003,Paul Spicer,2003,dl_lb,28,25-28,JAX,Undrafted,Undrafted,16,1
TakeoSpikes28BUF2004,Takeo Spikes,2004,dl_lb,28,25-28,BUF,1,36,16,16
GregSpires28TAM2002,Greg Spires,2002,dl_lb,28,25-28,TAM,6,244,16,16
DonnieSpragan28DEN2004,Donnie Spragan,2004,dl_lb,28,25-28,DEN,Undrafted,Undrafted,16,14
DamionSquare28LAC2017,Damion Square,2017,dl_lb,28,25-28,LAC,Undrafted,Undrafted,16,0
JoshStamer28BUF2005,Josh Stamer,2005,dl_lb,28,25-28,BUF,Undrafted,Undrafted,16,0
JulianStanford28BUF2018,Julian Stanford,2018,dl_lb,28,25-28,BUF,Undrafted,Undrafted,6,0
MontaviousStanley28JAX2009,Montavious Stanley,2009,dl_lb,28,25-28,JAX,9,94,15,0
RandyStarks28MIA2011,Randy Starks,2011,dl_lb,28,25-28,MIA,6,231,16,15
GlenSteele28CIN2002,Glen Steele,2002,dl_lb,28,25-28,CIN,7,9,16,7
GaryStills28KAN2002,Gary Stills,2002,dl_lb,28,25-28,KAN,6,235,16,1
MarcusStroud28JAX2006,Marcus Stroud,2006,dl_lb,28,25-28,JAX,1,36,11,11
AndyStudebaker28IND2013,Andy Studebaker,2013,dl_lb,28,25-28,IND,9,117,11,0
NathanStupar28NOR2016,Nathan Stupar,2016,dl_lb,28,25-28,NOR,10,147,16,6
TerrellSuggs28BAL2010,Terrell Suggs,2010,dl_lb,28,25-28,BAL,1,3,16,16
NdamukongSuh28MIA2015,Ndamukong Suh,2015,dl_lb,28,25-28,MIA,1,113,16,16
NickSundberg28WAS2015,Nick Sundberg,2015,dl_lb,28,25-28,WAS,Undrafted,Undrafted,16,0
SamSword28IND2002,Sam Sword,2002,dl_lb,28,25-28,IND,Undrafted,Undrafted,16,1
JoeTafoya28SEA2006,Joe Tafoya,2006,dl_lb,28,25-28,SEA,10,151,13,0
BarronTanner28ARI2001,Barron Tanner,2001,dl_lb,28,25-28,ARI,8,57,16,16
DarrylTapp28PHI2012,Darryl Tapp,2012,dl_lb,28,25-28,PHI,5,222,13,0
LofaTatupu28SEA2010,Lofa Tatupu,2010,dl_lb,28,25-28,SEA,5,202,16,16
JoshTaves28OAK2000,Josh Taves,2000,dl_lb,28,25-28,OAK,Undrafted,Undrafted,16,0
AdariusTaylor28TAM2018,Adarius Taylor,2018,dl_lb,28,25-28,TAM,Undrafted,Undrafted,7,2
BenTaylor28GNB2006,Ben Taylor,2006,dl_lb,28,25-28,GNB,7,16,10,0
DevinTaylor28NYG2017,Devin Taylor,2017,dl_lb,28,25-28,NYG,7,39,2,0
JasonTaylor*28MIA2002,Jason Taylor*,2002,dl_lb,28,25-28,MIA,6,233,16,16
ShannonTaylor28JAX2003,Shannon Taylor,2003,dl_lb,28,25-28,JAX,9,96,2,0
CraigTerrill28SEA2008,Craig Terrill,2008,dl_lb,28,25-28,SEA,9,101,16,1
TimTerry28SEA2002,Tim Terry,2002,dl_lb,28,25-28,SEA,Undrafted,Undrafted,16,8
AdaliusThomas28BAL2005,Adalius Thomas,2005,dl_lb,28,25-28,BAL,9,98,16,16
BryanThomas28NYJ2007,Bryan Thomas,2007,dl_lb,28,25-28,NYJ,1,135,16,14
CamThomas28PIT2014,Cam Thomas,2014,dl_lb,28,25-28,PIT,8,54,16,9
DontarriousThomas28MIN2008,Dontarrious Thomas,2008,dl_lb,28,25-28,MIN,5,205,4,0
J.T.Thomas28NYG2016,J.T. Thomas,2016,dl_lb,28,25-28,NYG,9,108,1,0
JoshThomas28IND2009,Josh Thomas,2009,dl_lb,28,25-28,IND,Undrafted,Undrafted,2,1
RobertThomas28OAK2008,Robert Thomas,2008,dl_lb,28,25-28,OAK,1,186,2,1
ZachThomas28MIA2001,Zach Thomas,2001,dl_lb,28,25-28,MIA,8,63,15,15
ChaunThompson28HOU2008,Chaun Thompson,2008,dl_lb,28,25-28,HOU,5,210,15,0
CedricThornton28DAL2016,Cedric Thornton,2016,dl_lb,28,25-28,DAL,Undrafted,Undrafted,13,0
DavidThornton28TEN2006,David Thornton,2006,dl_lb,28,25-28,TEN,7,10,16,13
JohnThornton28CIN2004,John Thornton,2004,dl_lb,28,25-28,CIN,5,210,16,16
KhyriThornton28DET2017,Khyri Thornton,2017,dl_lb,28,25-28,DET,6,246,4,0
LawrenceTimmons28PIT2014,Lawrence Timmons,2014,dl_lb,28,25-28,PIT,1,58,16,16
PisaTinoisamoa28CHI2009,Pisa Tinoisamoa,2009,dl_lb,28,25-28,CHI,5,200,2,2
MattToeaina28CHI2012,Matt Toeaina,2012,dl_lb,28,25-28,CHI,9,99,3,2
DaveTollefson28NYG2009,Dave Tollefson,2009,dl_lb,28,25-28,NYG,10,172,15,0
JaredTomich28GNB2002,Jared Tomich,2002,dl_lb,28,25-28,GNB,5,195,2,0
KoreyToomer28SDG2016,Korey Toomer,2016,dl_lb,28,25-28,SDG,8,63,13,8
ReggieTorbor28MIA2009,Reggie Torbor,2009,dl_lb,28,25-28,MIA,7,259,16,2
AnthonyToribio28KAN2013,Anthony Toribio,2013,dl_lb,28,25-28,KAN,Undrafted,Undrafted,8,0
LesterTowns282TM2005,Lester Towns,2005,dl_lb,28,25-28,2TM,10,137,6,1
JustinTrattou28MIN2016,Justin Trattou,2016,dl_lb,28,25-28,MIN,Undrafted,Undrafted,16,0
DannyTrevathan28CHI2018,Danny Trevathan,2018,dl_lb,28,25-28,CHI,9,100,7,7
LarryTripplett28BUF2007,Larry Tripplett,2007,dl_lb,28,25-28,BUF,5,199,16,16
JeremiahTrotter28PHI2005,Jeremiah Trotter,2005,dl_lb,28,25-28,PHI,6,232,15,15
R-KalTruluck28KAN2002,R-Kal Truluck,2002,dl_lb,28,25-28,KAN,Undrafted,Undrafted,6,0
JasonTrusnik28MIA2012,Jason Trusnik,2012,dl_lb,28,25-28,MIA,Undrafted,Undrafted,16,2
JustinTuck28NYG2011,Justin Tuck,2011,dl_lb,28,25-28,NYG,6,234,12,11
WillTukuafu28SFO2012,Will Tukuafu,2012,dl_lb,28,25-28,SFO,Undrafted,Undrafted,14,0
StephenTulloch28DET2013,Stephen Tulloch,2013,dl_lb,28,25-28,DET,7,21,16,16
JeffUlbrich28SFO2005,Jeff Ulbrich,2005,dl_lb,28,25-28,SFO,6,247,5,5
ArtieUlmer28ATL2001,Artie Ulmer,2001,dl_lb,28,25-28,ATL,10,136,15,0
OsiUmenyiora28NYG2009,Osi Umenyiora,2009,dl_lb,28,25-28,NYG,5,214,16,11
UaniUnga28NYG2015,Uani Unga,2015,dl_lb,28,25-28,NYG,Undrafted,Undrafted,13,3
MitchUnrein282TM2015,Mitch Unrein,2015,dl_lb,28,25-28,2TM,Undrafted,Undrafted,16,4
CourtneyUpshaw28ATL2017,Courtney Upshaw,2017,dl_lb,28,25-28,ATL,5,191,13,0
ReganUpshaw28WAS2003,Regan Upshaw,2003,dl_lb,28,25-28,WAS,1,25,16,8
BrianUrlacher*28CHI2006,Brian Urlacher*,2006,dl_lb,28,25-28,CHI,1,251,16,16
KyleVanden Bosch28TEN2006,Kyle Vanden Bosch,2006,dl_lb,28,25-28,TEN,5,190,16,16
JoeVellano28ATL2016,Joe Vellano,2016,dl_lb,28,25-28,ATL,Undrafted,Undrafted,0,0
OlivierVernon28NYG2018,Olivier Vernon,2018,dl_lb,28,25-28,NYG,6,232,3,3
KevinVickerson28DEN2011,Kevin Vickerson,2011,dl_lb,28,25-28,DEN,10,131,5,4
JonathanVilma28NOR2010,Jonathan Vilma,2010,dl_lb,28,25-28,NOR,1,25,16,16
MikeVrabel28NWE2003,Mike Vrabel,2003,dl_lb,28,25-28,NWE,6,253,13,9
BobbyWagner28SEA2018,Bobby Wagner,2018,dl_lb,28,25-28,SEA,5,204,6,6
CameronWake28MIA2010,Cameron Wake,2010,dl_lb,28,25-28,MIA,Undrafted,Undrafted,16,16
ErikWalden28IND2013,Erik Walden,2013,dl_lb,28,25-28,IND,9,77,15,15
DarwinWalker28PHI2005,Darwin Walker,2005,dl_lb,28,25-28,PHI,6,231,13,12
GaryWalker28JAX2001,Gary Walker,2001,dl_lb,28,25-28,JAX,8,68,16,16
MarquisWalker28DET2000,Marquis Walker,2000,dl_lb,28,25-28,DET,Undrafted,Undrafted,12,2
ReggieWalker28SDG2014,Reggie Walker,2014,dl_lb,28,25-28,SDG,Undrafted,Undrafted,11,0
VanceWalker28DEN2015,Vance Walker,2015,dl_lb,28,25-28,DEN,10,125,15,4
AlWallace28CAR2002,Al Wallace,2002,dl_lb,28,25-28,CAR,Undrafted,Undrafted,16,4
DeMarcusWare28DAL2010,DeMarcus Ware,2010,dl_lb,28,25-28,DAL,1,14,16,16
RonWarner282TM2003,Ron Warner,2003,dl_lb,28,25-28,2TM,10,156,5,0
GerardWarren28DEN2006,Gerard Warren,2006,dl_lb,28,25-28,DEN,1,182,15,15
TyWarren28NWE2009,Ty Warren,2009,dl_lb,28,25-28,NWE,1,36,13,12
CorneliusWashington28DET2017,Cornelius Washington,2017,dl_lb,28,25-28,DET,9,100,15,2
KeithWashington28BAL2000,Keith Washington,2000,dl_lb,28,25-28,BAL,Undrafted,Undrafted,16,0
MarcusWashington28WAS2005,Marcus Washington,2005,dl_lb,28,25-28,WAS,5,217,16,16
DekodaWatson28DEN2016,Dekoda Watson,2016,dl_lb,28,25-28,DEN,10,132,16,0
J.J.Watt28HOU2017,J.J. Watt,2017,dl_lb,28,25-28,HOU,1,14,5,5
NateWayne28PHI2003,Nate Wayne,2003,dl_lb,28,25-28,PHI,10,134,16,16
SeanWeatherspoon28ARI2015,Sean Weatherspoon,2015,dl_lb,28,25-28,ARI,1,102,14,0
AnthonyWeaver28HOU2008,Anthony Weaver,2008,dl_lb,28,25-28,HOU,5,210,16,16
NateWebster28CIN2005,Nate Webster,2005,dl_lb,28,25-28,CIN,6,252,1,0
EthanWestbrooks28LAR2018,Ethan Westbrooks,2018,dl_lb,28,25-28,LAR,Undrafted,Undrafted,8,0
JamaalWesterman282TM2013,Jamaal Westerman,2013,dl_lb,28,25-28,2TM,Undrafted,Undrafted,13,0
PhilipWheeler28OAK2012,Philip Wheeler,2012,dl_lb,28,25-28,OAK,6,255,16,16
DewayneWhite28DET2007,Dewayne White,2007,dl_lb,28,25-28,DET,5,223,14,14
SteveWhite28TAM2001,Steve White,2001,dl_lb,28,25-28,TAM,9,107,16,1
StylezG. White28TAM2007,Stylez G. White,2007,dl_lb,28,25-28,TAM,10,145,16,2
TracyWhite28PHI2009,Tracy White,2009,dl_lb,28,25-28,PHI,Undrafted,Undrafted,16,0
TahirWhitehead28OAK2018,Tahir Whitehead,2018,dl_lb,28,25-28,OAK,8,45,8,8
WillieWhitehead28NOR2001,Willie Whitehead,2001,dl_lb,28,25-28,NOR,Undrafted,Undrafted,14,0
BrandonWhiting28SFO2004,Brandon Whiting,2004,dl_lb,28,25-28,SFO,7,17,5,5
KyleWilber28DAL2017,Kyle Wilber,2017,dl_lb,28,25-28,DAL,7,18,16,0
ChuckWiley28MIN2003,Chuck Wiley,2003,dl_lb,28,25-28,MIN,6,221,7,4
MarcellusWiley28SDG2002,Marcellus Wiley,2002,dl_lb,28,25-28,SDG,5,210,14,14
VinceWilfork28NWE2009,Vince Wilfork,2009,dl_lb,28,25-28,NWE,1,124,13,13
MattWilhelm28SFO2009,Matt Wilhelm,2009,dl_lb,28,25-28,SFO,7,17,11,1
MichaelWilhoite28SFO2014,Michael Wilhoite,2014,dl_lb,28,25-28,SFO,Undrafted,Undrafted,16,16
JimmyWilkerson28TAM2009,Jimmy Wilkerson,2009,dl_lb,28,25-28,TAM,9,101,15,15
MuhammadWilkerson28NYJ2017,Muhammad Wilkerson,2017,dl_lb,28,25-28,NYJ,1,183,13,12
DanWilkinson28WAS2001,Dan Wilkinson,2001,dl_lb,28,25-28,WAS,1,2,16,16
BrandonWilliams28BAL2017,Brandon Williams,2017,dl_lb,28,25-28,BAL,6,256,12,12
BrianWilliams28GNB2000,Brian Williams,2000,dl_lb,28,25-28,GNB,6,233,4,3
CoreyWilliams28CLE2008,Corey Williams,2008,dl_lb,28,25-28,CLE,9,90,16,16
D.J.Williams28DEN2010,D.J. Williams,2010,dl_lb,28,25-28,DEN,1,80,16,15
DanWilliams28OAK2015,Dan Williams,2015,dl_lb,28,25-28,OAK,1,174,16,15
DemorrioWilliams28KAN2008,Demorrio Williams,2008,dl_lb,28,25-28,KAN,7,5,16,9
JamalWilliams28SDG2004,Jamal Williams,2004,dl_lb,28,25-28,SDG,5,113,15,15
JasonWilliams282TM2014,Jason Williams,2014,dl_lb,28,25-28,2TM,6,228,14,0
JoshWilliams28IND2004,Josh Williams,2004,dl_lb,28,25-28,IND,7,28,16,15
K.D.Williams28GNB2001,K.D. Williams,2001,dl_lb,28,25-28,GNB,Undrafted,Undrafted,12,0
KevinWilliams28MIN2008,Kevin Williams,2008,dl_lb,28,25-28,MIN,1,251,16,16
KyleWilliams28BUF2011,Kyle Williams,2011,dl_lb,28,25-28,BUF,8,41,5,5
MarioWilliams28BUF2013,Mario Williams,2013,dl_lb,28,25-28,BUF,1,2,16,16
NicholasWilliams28CHI2018,Nicholas Williams,2018,dl_lb,28,25-28,CHI,10,139,1,0
PatWilliams28BUF2000,Pat Williams,2000,dl_lb,28,25-28,BUF,Undrafted,Undrafted,16,4
SamWilliams28OAK2008,Sam Williams,2008,dl_lb,28,25-28,OAK,6,244,16,2
SylvesterWilliams28DEN2016,Sylvester Williams,2016,dl_lb,28,25-28,DEN,1,179,16,16
TonyWilliams28CIN2003,Tony Williams,2003,dl_lb,28,25-28,CIN,8,60,16,16
TyroneWilliams282TM2000,Tyrone Williams,2000,dl_lb,28,25-28,2TM,Undrafted,Undrafted,13,0
VinceWilliams28PIT2017,Vince Williams,2017,dl_lb,28,25-28,PIT,9,120,16,16
PatrickWillis28SFO2013,Patrick Willis,2013,dl_lb,28,25-28,SFO,1,14,14,14
AlWilson28DEN2005,Al Wilson,2005,dl_lb,28,25-28,DEN,1,186,15,15
C.J.Wilson282TM2015,C.J. Wilson,2015,dl_lb,28,25-28,2TM,10,147,12,1
ChrisWilson28WAS2010,Chris Wilson,2010,dl_lb,28,25-28,WAS,Undrafted,Undrafted,16,0
KionWilson28ARI2014,Kion Wilson,2014,dl_lb,28,25-28,ARI,Undrafted,Undrafted,0,NA
ReinardWilson28CIN2001,Reinard Wilson,2001,dl_lb,28,25-28,CIN,1,47,16,5
RodWilson28TAM2009,Rod Wilson,2009,dl_lb,28,25-28,TAM,10,136,8,0
KamerionWimbley28OAK2011,Kamerion Wimbley,2011,dl_lb,28,25-28,OAK,1,36,16,16
JamieWinborn28DEN2007,Jamie Winborn,2007,dl_lb,28,25-28,DEN,5,204,14,2
GrantWistrom28SEA2004,Grant Wistrom,2004,dl_lb,28,25-28,SEA,1,218,9,9
WillWitherspoon28STL2008,Will Witherspoon,2008,dl_lb,28,25-28,STL,6,233,16,12
DerekWolfe28DEN2018,Derek Wolfe,2018,dl_lb,28,25-28,DEN,5,192,8,8
KaileeWong28HOU2004,Kailee Wong,2004,dl_lb,28,25-28,HOU,5,209,16,16
LaMarrWoodley28PIT2012,LaMarr Woodley,2012,dl_lb,28,25-28,PIT,5,203,13,13
AlWoods28TEN2015,Al Woods,2015,dl_lb,28,25-28,TEN,7,29,14,9
LeVarWoods282TM2006,LeVar Woods,2006,dl_lb,28,25-28,2TM,Undrafted,Undrafted,14,0
PierreWoods282TM2010,Pierre Woods,2010,dl_lb,28,25-28,2TM,Undrafted,Undrafted,6,0
WesleyWoodyard28TEN2014,Wesley Woodyard,2014,dl_lb,28,25-28,TEN,Undrafted,Undrafted,16,16
MarkWord28CLE2003,Mark Word,2003,dl_lb,28,25-28,CLE,Undrafted,Undrafted,16,2
DougWorthington28STL2015,Doug Worthington,2015,dl_lb,28,25-28,STL,10,160,2,0
JerelWorthy28TAM2018,Jerel Worthy,2018,dl_lb,28,25-28,TAM,5,209,4,0
K.J.Wright28SEA2017,K.J. Wright,2017,dl_lb,28,25-28,SEA,7,261,15,15
MikeWright28NWE2010,Mike Wright,2010,dl_lb,28,25-28,NWE,Undrafted,Undrafted,10,5
ShareeceWright28BAL2015,Shareece Wright,2015,dl_lb,28,25-28,BAL,6,250,11,7
EllisWyms28SEA2007,Ellis Wyms,2007,dl_lb,28,25-28,SEA,9,95,13,0
JariusWynn28BUF2014,Jarius Wynn,2014,dl_lb,28,25-28,BUF,9,94,11,1
RenaldoWynn28WAS2002,Renaldo Wynn,2002,dl_lb,28,25-28,WAS,1,124,16,16
BrianYoung28NOR2005,Brian Young,2005,dl_lb,28,25-28,NOR,8,46,16,16
BryantYoung28SFO2000,Bryant Young,2000,dl_lb,28,25-28,SFO,1,229,15,15
WillieYoung28DET2013,Willie Young,2013,dl_lb,28,25-28,DET,10,128,16,15
PeppiZellner28WAS2003,Peppi Zellner,2003,dl_lb,28,25-28,WAS,7,39,16,0
FrankZombo28KAN2015,Frank Zombo,2015,dl_lb,28,25-28,KAN,Undrafted,Undrafted,16,2
JohnAbraham29ATL2007,John Abraham,2007,dl_lb,29,29-32,ATL,1,36,16,16
SamAcho29CHI2017,Sam Acho,2017,dl_lb,29,29-32,CHI,7,7,16,12
AnthonyAdams29CHI2009,Anthony Adams,2009,dl_lb,29,29-32,CHI,5,215,16,8
SamAdams29OAK2002,Sam Adams,2002,dl_lb,29,29-32,OAK,1,240,15,14
MarioAddison29CAR2016,Mario Addison,2016,dl_lb,29,29-32,CAR,Undrafted,Undrafted,14,1
C.J.Ah You29STL2011,C.J. Ah You,2011,dl_lb,29,29-32,STL,10,156,9,2
AllenAldridge29DET2001,Allen Aldridge,2001,dl_lb,29,29-32,DET,5,209,16,16
LorenzoAlexander29WAS2012,Lorenzo Alexander,2012,dl_lb,29,29-32,WAS,Undrafted,Undrafted,16,0
JaredAllen29MIN2011,Jared Allen,2011,dl_lb,29,29-32,MIN,7,32,16,16
TysonAlualu29JAX2016,Tyson Alualu,2016,dl_lb,29,29-32,JAX,1,3,14,10
KenAmato29TEN2006,Ken Amato,2006,dl_lb,29,29-32,TEN,Undrafted,Undrafted,15,0
CharlieAnderson29KAN2010,Charlie Anderson,2010,dl_lb,29,29-32,KAN,9,115,2,0
JamesAnderson29CAR2012,James Anderson,2012,dl_lb,29,29-32,CAR,6,249,12,12
MarkAnderson29BUF2012,Mark Anderson,2012,dl_lb,29,29-32,BUF,8,68,5,4
EzekielAnsah29DET2018,Ezekiel Ansah,2018,dl_lb,29,29-32,DET,1,207,1,1
GenoAtkins29CIN2017,Geno Atkins,2017,dl_lb,29,29-32,CIN,7,26,16,15
CliffAvril29SEA2015,Cliff Avril,2015,dl_lb,29,29-32,SEA,6,254,16,16
BrendonAyanbadejo29CHI2005,Brendon Ayanbadejo,2005,dl_lb,29,29-32,CHI,Undrafted,Undrafted,16,0
RobertAyers29NYG2014,Robert Ayers,2014,dl_lb,29,29-32,NYG,1,91,12,1
AkinAyodele29MIA2008,Akin Ayodele,2008,dl_lb,29,29-32,MIA,6,250,16,13
JasonBabin29PHI2009,Jason Babin,2009,dl_lb,29,29-32,PHI,1,178,12,0
JonathanBabineaux29ATL2010,Jonathan Babineaux,2010,dl_lb,29,29-32,ATL,5,217,15,15
AllenBailey29KAN2018,Allen Bailey,2018,dl_lb,29,29-32,KAN,6,247,8,6
BossBailey29DEN2008,Boss Bailey,2008,dl_lb,29,29-32,DEN,5,190,6,6
ChrisBaker29WAS2016,Chris Baker,2016,dl_lb,29,29-32,WAS,Undrafted,Undrafted,16,16
DaveBall29TEN2010,Dave Ball,2010,dl_lb,29,29-32,TEN,8,40,11,11
JustinBannan29BAL2008,Justin Bannan,2008,dl_lb,29,29-32,BAL,8,46,16,15
TullyBanta-Cain29NWE2009,Tully Banta-Cain,2009,dl_lb,29,29-32,NWE,10,156,16,10
ShawnBarber29KAN2004,Shawn Barber,2004,dl_lb,29,29-32,KAN,7,18,8,8
TomBarndt29NYJ2001,Tom Barndt,2001,dl_lb,29,29-32,NYJ,9,121,6,1
AntwanBarnes29NYJ2013,Antwan Barnes,2013,dl_lb,29,29-32,NYJ,7,41,5,0
NickBarnett29GNB2010,Nick Barnett,2010,dl_lb,29,29-32,GNB,1,180,4,4
EricBarton29NYJ2006,Eric Barton,2006,dl_lb,29,29-32,NYJ,8,54,16,15
ConnorBarwin29PHI2015,Connor Barwin,2015,dl_lb,29,29-32,PHI,5,203,16,16
JonBeason29NYG2014,Jon Beason,2014,dl_lb,29,29-32,NYG,1,168,4,4
MontyBeisel29ARI2007,Monty Beisel,2007,dl_lb,29,29-32,ARI,7,11,16,2
MarcusBenard29ARI2014,Marcus Benard,2014,dl_lb,29,29-32,ARI,Undrafted,Undrafted,12,0
MichaelBennett29SEA2014,Michael Bennett,2014,dl_lb,29,29-32,SEA,Undrafted,Undrafted,16,16
KevinBentley29HOU2008,Kevin Bentley,2008,dl_lb,29,29-32,HOU,7,5,16,7
PeteBercich29MIN2000,Pete Bercich,2000,dl_lb,29,29-32,MIN,10,126,2,0
RockyBernard29SEA2008,Rocky Bernard,2008,dl_lb,29,29-32,SEA,8,54,15,15
BertrandBerry29ARI2004,Bertrand Berry,2004,dl_lb,29,29-32,ARI,6,247,16,16
KroyBiermann29ATL2014,Kroy Biermann,2014,dl_lb,29,29-32,ATL,8,63,16,15
AdamBighill29NOR2017,Adam Bighill,2017,dl_lb,29,29-32,NOR,Undrafted,Undrafted,3,0
DesmondBishop29MIN2013,Desmond Bishop,2013,dl_lb,29,29-32,MIN,9,105,4,1
ChaseBlackburn29NYG2012,Chase Blackburn,2012,dl_lb,29,29-32,NYG,Undrafted,Undrafted,15,15
RockyBoiman29PIT2009,Rocky Boiman,2009,dl_lb,29,29-32,PIT,7,40,6,0
MichaelBoley29NYG2011,Michael Boley,2011,dl_lb,29,29-32,NYG,8,70,14,13
AlfonsoBoone29CHI2005,Alfonso Boone,2005,dl_lb,29,29-32,CHI,10,172,16,1
PeterBoulware29BAL2003,Peter Boulware,2003,dl_lb,29,29-32,BAL,1,196,15,14
StephenBowen29WAS2013,Stephen Bowen,2013,dl_lb,29,29-32,WAS,Undrafted,Undrafted,10,10
DavidBowens29MIA2006,David Bowens,2006,dl_lb,29,29-32,MIA,8,67,16,0
TimBowens29MIA2002,Tim Bowens,2002,dl_lb,29,29-32,MIA,1,114,16,16
NaVorroBowman292TM2017,NaVorro Bowman,2017,dl_lb,29,29-32,2TM,6,253,15,15
StephenBoyd29DET2001,Stephen Boyd,2001,dl_lb,29,29-32,DET,8,49,4,4
BrantBoyer29JAX2000,Brant Boyer,2000,dl_lb,29,29-32,JAX,9,88,12,5
TonyBrackens29JAX2003,Tony Brackens,2003,dl_lb,29,29-32,JAX,5,189,15,15
GaryBrackett29IND2009,Gary Brackett,2009,dl_lb,29,29-32,IND,Undrafted,Undrafted,14,14
NigelBradham29PHI2018,Nigel Bradham,2018,dl_lb,29,29-32,PHI,7,9,7,7
StewartBradley29ARI2012,Stewart Bradley,2012,dl_lb,29,29-32,ARI,6,248,16,0
BryanBraman29PHI2016,Bryan Braman,2016,dl_lb,29,29-32,PHI,Undrafted,Undrafted,16,0
AlanBranch29BUF2013,Alan Branch,2013,dl_lb,29,29-32,BUF,5,189,16,13
AndreBranch29MIA2018,Andre Branch,2018,dl_lb,29,29-32,MIA,5,194,6,1
ChadBratzke29IND2000,Chad Bratzke,2000,dl_lb,29,29-32,IND,8,64,16,16
TylerBrayton29CAR2008,Tyler Brayton,2008,dl_lb,29,29-32,CAR,1,187,16,16
LanceBriggs29CHI2009,Lance Briggs,2009,dl_lb,29,29-32,CHI,6,227,15,15
JasperBrinkley29MIN2014,Jasper Brinkley,2014,dl_lb,29,29-32,MIN,8,59,16,11
RaheemBrock29IND2007,Raheem Brock,2007,dl_lb,29,29-32,IND,10,155,11,11
LorenzoBromell29NYG2004,Lorenzo Bromell,2004,dl_lb,29,29-32,NYG,7,6,2,0
KeithBrooking29ATL2004,Keith Brooking,2004,dl_lb,29,29-32,ATL,1,25,16,16
AhmadBrooks29SFO2013,Ahmad Brooks,2013,dl_lb,29,29-32,SFO,6,1,16,16
DerrickBrooks*29TAM2002,Derrick Brooks*,2002,dl_lb,29,29-32,TAM,1,179,16,16
AlexBrown29CHI2008,Alex Brown,2008,dl_lb,29,29-32,CHI,7,8,16,16
CornellBrown29BAL2004,Cornell Brown,2004,dl_lb,29,29-32,BAL,9,107,13,0
RickyBrown29BAL2012,Ricky Brown,2012,dl_lb,29,29-32,BAL,Undrafted,Undrafted,0,NA
TonyBrown29TEN2009,Tony Brown,2009,dl_lb,29,29-32,TEN,Undrafted,Undrafted,15,15
ZachBrown29WAS2018,Zach Brown,2018,dl_lb,29,29-32,WAS,5,210,7,7
JohnBrowning29KAN2002,John Browning,2002,dl_lb,29,29-32,KAN,6,227,16,16
TedyBruschi29NWE2002,Tedy Bruschi,2002,dl_lb,29,29-32,NWE,6,247,11,9
AnthonyBryant29WAS2010,Anthony Bryant,2010,dl_lb,29,29-32,WAS,9,89,6,3
DesmondBryant29CLE2014,Desmond Bryant,2014,dl_lb,29,29-32,CLE,Undrafted,Undrafted,15,15
JuniorBryant29SFO2000,Junior Bryant,2000,dl_lb,29,29-32,SFO,Undrafted,Undrafted,3,3
RedBryant29SEA2013,Red Bryant,2013,dl_lb,29,29-32,SEA,7,27,15,15
TonyBryant29NOR2005,Tony Bryant,2005,dl_lb,29,29-32,NOR,5,197,16,1
BrentsonBuckner29SFO2000,Brentson Buckner,2000,dl_lb,29,29-32,SFO,5,208,16,16
KeithBulluck29TEN2006,Keith Bulluck,2006,dl_lb,29,29-32,TEN,1,183,16,16
TimBulman29HOU2011,Tim Bulman,2011,dl_lb,29,29-32,HOU,Undrafted,Undrafted,10,0
BrodrickBunkley29NOR2012,Brodrick Bunkley,2012,dl_lb,29,29-32,NOR,1,47,15,15
DerrickBurgess29OAK2007,Derrick Burgess,2007,dl_lb,29,29-32,OAK,6,222,14,14
KevinBurnett29MIA2011,Kevin Burnett,2011,dl_lb,29,29-32,MIA,5,199,16,16
KeithBurns29DEN2001,Keith Burns,2001,dl_lb,29,29-32,DEN,10,125,16,0
ShaneBurton29CAR2003,Shane Burton,2003,dl_lb,29,29-32,CAR,8,59,16,4
JoshBynes29ARI2018,Josh Bynes,2018,dl_lb,29,29-32,ARI,Undrafted,Undrafted,8,8
MikeCaldwell29PHI2000,Mike Caldwell,2000,dl_lb,29,29-32,PHI,6,244,16,3
CalaisCampbell29ARI2015,Calais Campbell,2015,dl_lb,29,29-32,ARI,5,208,16,16
KharyCampbell29WAS2008,Khary Campbell,2008,dl_lb,29,29-32,WAS,Undrafted,Undrafted,14,0
ChrisCanty29NYG2011,Chris Canty,2011,dl_lb,29,29-32,NYG,7,39,16,16
BobbyCarpenter29NWE2012,Bobby Carpenter,2012,dl_lb,29,29-32,NWE,1,91,4,0
AndreCarter29WAS2008,Andre Carter,2008,dl_lb,29,29-32,WAS,1,229,16,14
BruceCarter29NYJ2017,Bruce Carter,2017,dl_lb,29,29-32,NYJ,5,197,14,0
KevinCarter29TEN2002,Kevin Carter,2002,dl_lb,29,29-32,TEN,1,218,16,16
JurrellCasey29TEN2018,Jurrell Casey,2018,dl_lb,29,29-32,TEN,6,237,7,7
JonathanCasillas29NYG2016,Jonathan Casillas,2016,dl_lb,29,29-32,NYG,Undrafted,Undrafted,16,15
JacquesCesaire29SDG2009,Jacques Cesaire,2009,dl_lb,29,29-32,SDG,Undrafted,Undrafted,13,13
MartinChase29WAS2003,Martin Chase,2003,dl_lb,29,29-32,WAS,8,30,13,2
MattChatham29NYJ2006,Matt Chatham,2006,dl_lb,29,29-32,NYJ,Undrafted,Undrafted,16,0
LarryChester29MIA2004,Larry Chester,2004,dl_lb,29,29-32,MIA,Undrafted,Undrafted,2,2
JohnChick29JAX2011,John Chick,2011,dl_lb,29,29-32,JAX,Undrafted,Undrafted,11,0
VinnyCiurciu29DET2009,Vinny Ciurciu,2009,dl_lb,29,29-32,DET,Undrafted,Undrafted,9,0
KendrickClancy29NOR2007,Kendrick Clancy,2007,dl_lb,29,29-32,NOR,6,232,14,2
DannyClark29NOR2006,Danny Clark,2006,dl_lb,29,29-32,NOR,10,163,16,0
AdrianClayborn29ATL2017,Adrian Clayborn,2017,dl_lb,29,29-32,ATL,1,114,16,2
CharlieClemons29NOR2001,Charlie Clemons,2001,dl_lb,29,29-32,NOR,Undrafted,Undrafted,16,15
ChrisClemons29SEA2010,Chris Clemons,2010,dl_lb,29,29-32,SEA,Undrafted,Undrafted,16,16
DuaneClemons29CIN2003,Duane Clemons,2003,dl_lb,29,29-32,CIN,1,69,16,13
DexterCoakley29DAL2001,Dexter Coakley,2001,dl_lb,29,29-32,DAL,6,224,15,15
AntonioCochran29ARI2005,Antonio Cochran,2005,dl_lb,29,29-32,ARI,7,20,3,0
ShaunCody29HOU2012,Shaun Cody,2012,dl_lb,29,29-32,HOU,5,193,13,12
BarryCofield29WAS2013,Barry Cofield,2013,dl_lb,29,29-32,WAS,7,30,16,16
ColinCole29SEA2009,Colin Cole,2009,dl_lb,29,29-32,SEA,Undrafted,Undrafted,16,15
TrentCole29PHI2011,Trent Cole,2011,dl_lb,29,29-32,PHI,8,54,14,14
KenyonColeman29NYJ2008,Kenyon Coleman,2008,dl_lb,29,29-32,NYJ,8,55,16,15
RoderickColeman29ATL2005,Roderick Coleman,2005,dl_lb,29,29-32,ATL,8,62,16,16
JamieCollins29CLE2018,Jamie Collins,2018,dl_lb,29,29-32,CLE,5,210,8,8
RoseveltColvin29NWE2006,Rosevelt Colvin,2006,dl_lb,29,29-32,NWE,7,16,16,15
WilliamCompton29TEN2018,William Compton,2018,dl_lb,29,29-32,TEN,Undrafted,Undrafted,5,2
ChrisCooper29ARI2006,Chris Cooper,2006,dl_lb,29,29-32,ARI,9,96,13,0
StephenCooper29SDG2008,Stephen Cooper,2008,dl_lb,29,29-32,SDG,Undrafted,Undrafted,12,12
BlakeCostanzo29CHI2013,Blake Costanzo,2013,dl_lb,29,29-32,CHI,Undrafted,Undrafted,16,0
SamCowart29NYJ2004,Sam Cowart,2004,dl_lb,29,29-32,NYJ,5,195,9,2
JackCrawford29ATL2017,Jack Crawford,2017,dl_lb,29,29-32,ATL,8,67,4,0
TyroneCrawford29DAL2018,Tyrone Crawford,2018,dl_lb,29,29-32,DAL,6,242,7,7
HenriCrockett29MIN2003,Henri Crockett,2003,dl_lb,29,29-32,MIN,7,4,16,15
JermelleCudjo29DET2015,Jermelle Cudjo,2015,dl_lb,29,29-32,DET,Undrafted,Undrafted,7,0
DonteCurry292TM2007,Donte Curry,2007,dl_lb,29,29-32,2TM,Undrafted,Undrafted,9,0
VinnyCurry29PHI2017,Vinny Curry,2017,dl_lb,29,29-32,PHI,5,217,16,16
BrianCushing29HOU2016,Brian Cushing,2016,dl_lb,29,29-32,HOU,1,58,13,13
LionalDalton29KAN2004,Lional Dalton,2004,dl_lb,29,29-32,KAN,Undrafted,Undrafted,16,13
MikeDaniels29GNB2018,Mike Daniels,2018,dl_lb,29,29-32,GNB,7,39,7,6
PhillipDaniels29CHI2002,Phillip Daniels,2002,dl_lb,29,29-32,CHI,7,261,13,13
KarlosDansby29MIA2010,Karlos Dansby,2010,dl_lb,29,29-32,MIA,5,189,14,13
ChartricDarby29TAM2004,Chartric Darby,2004,dl_lb,29,29-32,TAM,Undrafted,Undrafted,16,16
JamesDarling29ARI2003,James Darling,2003,dl_lb,29,29-32,ARI,5,215,16,0
AndraDavis29CLE2007,Andra Davis,2007,dl_lb,29,29-32,CLE,8,49,16,10
DemarioDavis29NOR2018,Demario Davis,2018,dl_lb,29,29-32,NOR,6,237,7,7
DonDavis29STL2001,Don Davis,2001,dl_lb,29,29-32,STL,Undrafted,Undrafted,12,8
RussellDavis29ARI2004,Russell Davis,2004,dl_lb,29,29-32,ARI,5,205,16,16
ThomasDavis29CAR2012,Thomas Davis,2012,dl_lb,29,29-32,CAR,1,47,15,12
RyanDenney29BUF2006,Ryan Denney,2006,dl_lb,29,29-32,BUF,5,220,16,0
AkeemDent29HOU2016,Akeem Dent,2016,dl_lb,29,29-32,HOU,6,253,16,3
MikeDeVito29KAN2013,Mike DeVito,2013,dl_lb,29,29-32,KAN,Undrafted,Undrafted,14,13
JaredDeVries29DET2005,Jared DeVries,2005,dl_lb,29,29-32,DET,6,230,16,0
Na'ilDiggs29CAR2007,Na'il Diggs,2007,dl_lb,29,29-32,CAR,7,260,16,9
ZachDiles292TM2014,Zach Diles,2014,dl_lb,29,29-32,2TM,10,133,5,0
DarnellDinkins29CLE2006,Darnell Dinkins,2006,dl_lb,29,29-32,CLE,Undrafted,Undrafted,14,2
TimDobbins29HOU2011,Tim Dobbins,2011,dl_lb,29,29-32,HOU,8,60,15,0
DarnellDockett29ARI2010,Darnell Dockett,2010,dl_lb,29,29-32,ARI,6,223,15,15
HughDouglas29PHI2000,Hugh Douglas,2000,dl_lb,29,29-32,PHI,1,69,16,15
MarquesDouglas29SFO2006,Marques Douglas,2006,dl_lb,29,29-32,SFO,Undrafted,Undrafted,16,16
LegerDouzable29NYJ2015,Leger Douzable,2015,dl_lb,29,29-32,NYJ,Undrafted,Undrafted,16,2
ChrisDraft29CAR2005,Chris Draft,2005,dl_lb,29,29-32,CAR,9,66,16,3
ShaneDronett29ATL2000,Shane Dronett,2000,dl_lb,29,29-32,ATL,5,212,3,3
ElvisDumervil29BAL2013,Elvis Dumervil,2013,dl_lb,29,29-32,BAL,7,32,15,3
Jo-LonnDunbar29STL2014,Jo-Lonn Dunbar,2014,dl_lb,29,29-32,STL,Undrafted,Undrafted,16,10
JamieDuncan29ATL2004,Jamie Duncan,2004,dl_lb,29,29-32,ATL,6,245,4,2
CarlosDunlap29CIN2018,Carlos Dunlap,2018,dl_lb,29,29-32,CIN,5,212,8,8
JustinDurant29DAL2014,Justin Durant,2014,dl_lb,29,29-32,DAL,5,205,6,6
NickEason29PIT2009,Nick Eason,2009,dl_lb,29,29-32,PIT,7,19,8,5
ChadEaton29SEA2001,Chad Eaton,2001,dl_lb,29,29-32,SEA,10,159,16,16
DonnieEdwards29SDG2002,Donnie Edwards,2002,dl_lb,29,29-32,SDG,7,260,16,16
DwanEdwards29BUF2010,Dwan Edwards,2010,dl_lb,29,29-32,BUF,5,209,11,11
KalimbaEdwards29OAK2008,Kalimba Edwards,2008,dl_lb,29,29-32,OAK,5,191,14,11
RonEdwards29KAN2008,Ron Edwards,2008,dl_lb,29,29-32,KAN,6,236,16,0
IsaiahEkejiuba29DET2010,Isaiah Ekejiuba,2010,dl_lb,29,29-32,DET,Undrafted,Undrafted,9,0
EbenezerEkuban29DEN2005,Ebenezer Ekuban,2005,dl_lb,29,29-32,DEN,1,114,16,4
DannellEllerbe29MIA2014,Dannell Ellerbe,2014,dl_lb,29,29-32,MIA,Undrafted,Undrafted,1,1
GregEllis29DAL2004,Greg Ellis,2004,dl_lb,29,29-32,DAL,1,240,16,16
ShaunEllis29NYJ2006,Shaun Ellis,2006,dl_lb,29,29-32,NYJ,1,25,16,16
LutherElliss29DET2002,Luther Elliss,2002,dl_lb,29,29-32,DET,1,114,14,14
CarlosEmmons29PHI2002,Carlos Emmons,2002,dl_lb,29,29-32,PHI,10,160,13,13
JohnEngelberger29DEN2005,John Engelberger,2005,dl_lb,29,29-32,DEN,5,191,14,0
DemetricEvans29WAS2008,Demetric Evans,2008,dl_lb,29,29-32,WAS,Undrafted,Undrafted,16,11
FredEvans29MIN2012,Fred Evans,2012,dl_lb,29,29-32,MIN,10,127,16,1
JoshEvans29TEN2001,Josh Evans,2001,dl_lb,29,29-32,TEN,Undrafted,Undrafted,16,16
TroyEvans29HOU2006,Troy Evans,2006,dl_lb,29,29-32,HOU,Undrafted,Undrafted,16,0
JonathanFanene29CIN2011,Jonathan Fanene,2011,dl_lb,29,29-32,CIN,10,150,16,2
HebronFangupo292TM2014,Hebron Fangupo,2014,dl_lb,29,29-32,2TM,Undrafted,Undrafted,0,NA
D'MarcoFarr29STL2000,D'Marco Farr,2000,dl_lb,29,29-32,STL,Undrafted,Undrafted,10,5
JamesFarrior29PIT2004,James Farrior,2004,dl_lb,29,29-32,PIT,1,240,16,16
HeathFarwell29MIN2010,Heath Farwell,2010,dl_lb,29,29-32,MIN,Undrafted,Undrafted,16,0
GregFavors29CAR2003,Greg Favors,2003,dl_lb,29,29-32,CAR,7,26,16,12
JasonFerguson29NYJ2003,Jason Ferguson,2003,dl_lb,29,29-32,NYJ,10,145,16,16
JohnFiala29PIT2002,John Fiala,2002,dl_lb,29,29-32,PIT,9,76,11,1
MarkFields29STL2001,Mark Fields,2001,dl_lb,29,29-32,STL,1,36,14,12
RonaldFields29DEN2010,Ronald Fields,2010,dl_lb,29,29-32,DEN,8,44,16,0
BryceFisher29SEA2006,Bryce Fisher,2006,dl_lb,29,29-32,SEA,10,166,16,16
JasonFisk29TEN2001,Jason Fisk,2001,dl_lb,29,29-32,TEN,10,161,16,16
JimFlanigan29CHI2000,Jim Flanigan,2000,dl_lb,29,29-32,CHI,6,234,16,14
LondonFletcher29BUF2004,London Fletcher,2004,dl_lb,29,29-32,BUF,Undrafted,Undrafted,16,16
AndreFluellen29DET2014,Andre Fluellen,2014,dl_lb,29,29-32,DET,6,248,8,0
MoiseFokou29NOR2014,Moise Fokou,2014,dl_lb,29,29-32,NOR,10,147,2,0
SteveFoley29SDG2004,Steve Foley,2004,dl_lb,29,29-32,SDG,6,235,16,16
JamesFolston29ARI2000,James Folston,2000,dl_lb,29,29-32,ARI,5,210,13,3
LarryFoote29DET2009,Larry Foote,2009,dl_lb,29,29-32,DET,7,34,14,14
HenryFord29TEN2000,Henry Ford,2000,dl_lb,29,29-32,TEN,1,174,14,3
JayForeman29NYG2005,Jay Foreman,2005,dl_lb,29,29-32,NYG,8,65,1,0
MasonFoster29WAS2018,Mason Foster,2018,dl_lb,29,29-32,WAS,6,245,7,7
KeyaronFox29WAS2011,Keyaron Fox,2011,dl_lb,29,29-32,WAS,6,255,13,0
AubrayoFranklin29SFO2009,Aubrayo Franklin,2009,dl_lb,29,29-32,SFO,8,54,16,16
RobFredrickson29ARI2000,Rob Fredrickson,2000,dl_lb,29,29-32,ARI,1,135,13,12
JerrellFreeman29IND2015,Jerrell Freeman,2015,dl_lb,29,29-32,IND,Undrafted,Undrafted,13,13
DwightFreeney29IND2009,Dwight Freeney,2009,dl_lb,29,29-32,IND,1,14,14,9
ScottFujita29NOR2008,Scott Fujita,2008,dl_lb,29,29-32,NOR,8,51,14,13
AndrewGachkar29CAR2017,Andrew Gachkar,2017,dl_lb,29,29-32,CAR,10,151,6,0
OmarGaither29ATL2013,Omar Gaither,2013,dl_lb,29,29-32,ATL,8,78,8,1
JuniorGalette29WAS2017,Junior Galette,2017,dl_lb,29,29-32,WAS,Undrafted,Undrafted,16,0
DarylGardener29WAS2002,Daryl Gardener,2002,dl_lb,29,29-32,WAS,1,114,15,15
BarryGardner29NYJ2005,Barry Gardner,2005,dl_lb,29,29-32,NYJ,5,191,16,1
WilliamGay29PIT2014,William Gay,2014,dl_lb,29,29-32,PIT,8,81,16,13
KabeerGbaja-Biamila29GNB2006,Kabeer Gbaja-Biamila,2006,dl_lb,29,29-32,GNB,8,57,16,13
RobertGeathers29CIN2012,Robert Geathers,2012,dl_lb,29,29-32,CIN,7,22,16,16
GaryGibson29STL2011,Gary Gibson,2011,dl_lb,29,29-32,STL,Undrafted,Undrafted,16,1
OliverGibson29CIN2001,Oliver Gibson,2001,dl_lb,29,29-32,CIN,7,26,16,16
WallaceGilberry29CIN2013,Wallace Gilberry,2013,dl_lb,29,29-32,CIN,Undrafted,Undrafted,16,2
JasonGildon29PIT2001,Jason Gildon,2001,dl_lb,29,29-32,PIT,6,249,16,16
ReggieGivens29WAS2000,Reggie Givens,2000,dl_lb,29,29-32,WAS,11,128,9,0
La'RoiGlover29DAL2003,La'Roi Glover,2003,dl_lb,29,29-32,DAL,8,76,16,16
RandallGodfrey29TEN2002,Randall Godfrey,2002,dl_lb,29,29-32,TEN,5,206,8,5
IanGold29DEN2007,Ian Gold,2007,dl_lb,29,29-32,DEN,5,197,14,14
JeffGooch29DET2003,Jeff Gooch,2003,dl_lb,29,29-32,DET,Undrafted,Undrafted,16,0
NajeeGoode29IND2018,Najee Goode,2018,dl_lb,29,29-32,IND,8,48,8,0
TavaresGooden29HOU2013,Tavares Gooden,2013,dl_lb,29,29-32,HOU,6,231,1,0
Andre'Goodman29MIA2007,Andre' Goodman,2007,dl_lb,29,29-32,MIA,6,227,13,4
HunterGoodwin29MIA2001,Hunter Goodwin,2001,dl_lb,29,29-32,MIA,7,259,16,11
AmonGordon292TM2010,Amon Gordon,2010,dl_lb,29,29-32,2TM,8,71,4,0
BrandonGraham29PHI2017,Brandon Graham,2017,dl_lb,29,29-32,PHI,1,36,15,15
CharlesGrant29NOR2007,Charles Grant,2007,dl_lb,29,29-32,NOR,1,168,14,14
PaulGrasmanis29PHI2003,Paul Grasmanis,2003,dl_lb,29,29-32,PHI,7,21,2,0
HowardGreen29SEA2008,Howard Green,2008,dl_lb,29,29-32,SEA,9,103,13,0
JarvisGreen29NWE2008,Jarvis Green,2008,dl_lb,29,29-32,NWE,7,32,14,3
LouisGreen29DEN2008,Louis Green,2008,dl_lb,29,29-32,DEN,Undrafted,Undrafted,12,0
ChadGreenway29MIN2012,Chad Greenway,2012,dl_lb,29,29-32,MIN,1,80,16,16
MorlonGreenwood29HOU2007,Morlon Greenwood,2007,dl_lb,29,29-32,HOU,6,249,16,15
KellyGregg29BAL2005,Kelly Gregg,2005,dl_lb,29,29-32,BAL,9,84,16,16
NickGreisen29BAL2008,Nick Greisen,2008,dl_lb,29,29-32,BAL,8,61,14,1
EversonGriffen29MIN2016,Everson Griffen,2016,dl_lb,29,29-32,MIN,7,4,16,16
CorneliusGriffin29WAS2005,Cornelius Griffin,2005,dl_lb,29,29-32,WAS,5,199,13,12
QuentinGroves29CLE2013,Quentin Groves,2013,dl_lb,29,29-32,CLE,5,210,5,0
LetroyGuion29GNB2016,Letroy Guion,2016,dl_lb,29,29-32,GNB,8,61,15,15
MarioHaggan29DEN2009,Mario Haggan,2009,dl_lb,29,29-32,DEN,10,144,16,16
ClarkHaggans29PIT2006,Clark Haggans,2006,dl_lb,29,29-32,PIT,8,44,15,15
TyjuanHagler29IND2010,Tyjuan Hagler,2010,dl_lb,29,29-32,IND,8,84,13,2
JermaineHaley29MIA2002,Jermaine Haley,2002,dl_lb,29,29-32,MIA,10,149,16,0
TambaHali29KAN2012,Tamba Hali,2012,dl_lb,29,29-32,KAN,1,114,15,15
JamesHall29DET2006,James Hall,2006,dl_lb,29,29-32,DET,Undrafted,Undrafted,7,7
TravisHall29ATL2001,Travis Hall,2001,dl_lb,29,29-32,ATL,9,93,16,16
TyHallock29CHI2000,Ty Hallock,2000,dl_lb,29,29-32,CHI,10,85,2,0
BobbyHamilton29NWE2000,Bobby Hamilton,2000,dl_lb,29,29-32,NWE,Undrafted,Undrafted,16,16
KeithHamilton29NYG2000,Keith Hamilton,2000,dl_lb,29,29-32,NYG,7,261,16,16
CaseyHampton29PIT2006,Casey Hampton,2006,dl_lb,29,29-32,PIT,1,102,15,15
NormanHand29NOR2001,Norman Hand,2001,dl_lb,29,29-32,NOR,8,67,13,13
ParysHaralson29NOR2013,Parys Haralson,2013,dl_lb,29,29-32,NOR,8,48,16,8
KevinHardy29DAL2002,Kevin Hardy,2002,dl_lb,29,29-32,DAL,1,113,16,15
BernardoHarris29GNB2000,Bernardo Harris,2000,dl_lb,29,29-32,GNB,Undrafted,Undrafted,16,16
DavidHarris29NYJ2013,David Harris,2013,dl_lb,29,29-32,NYJ,5,204,16,16
NapoleonHarris29MIN2008,Napoleon Harris,2008,dl_lb,29,29-32,MIN,1,146,10,5
SeanHarris29IND2001,Sean Harris,2001,dl_lb,29,29-32,IND,6,244,1,0
DamonHarrison29NYG2017,Damon Harrison,2017,dl_lb,29,29-32,NYG,Undrafted,Undrafted,16,15
JamesHarrison29PIT2007,James Harrison,2007,dl_lb,29,29-32,PIT,Undrafted,Undrafted,16,16
JasonHatcher29DAL2011,Jason Hatcher,2011,dl_lb,29,29-32,DAL,6,254,13,10
A.J.Hawk29GNB2013,A.J. Hawk,2013,dl_lb,29,29-32,GNB,1,207,16,16
DavidHawthorne29NOR2014,David Hawthorne,2014,dl_lb,29,29-32,NOR,Undrafted,Undrafted,12,12
NickHayden29DAL2015,Nick Hayden,2015,dl_lb,29,29-32,DAL,9,93,16,15
JovanHaye292TM2011,Jovan Haye,2011,dl_lb,29,29-32,2TM,9,101,2,0
GeraldHayes29ARI2009,Gerald Hayes,2009,dl_lb,29,29-32,ARI,6,230,14,13
WilliamHayes29STL2014,William Hayes,2014,dl_lb,29,29-32,STL,7,7,16,9
AdamHayward29TAM2013,Adam Hayward,2013,dl_lb,29,29-32,TAM,9,94,16,2
ReggieHayward29JAX2008,Reggie Hayward,2008,dl_lb,29,29-32,JAX,6,248,16,13
E.J.Henderson29MIN2009,E.J. Henderson,2009,dl_lb,29,29-32,MIN,5,197,12,12
TravisLaBoy29SFO2010,Travis LaBoy,2010,dl_lb,29,29-32,SFO,5,199,14,0
AntwanLake29NOR2008,Antwan Lake,2008,dl_lb,29,29-32,NOR,Undrafted,Undrafted,11,0
EmmanuelLamur29OAK2018,Emmanuel Lamur,2018,dl_lb,29,29-32,OAK,Undrafted,Undrafted,7,4
DerekLandri29PHI2012,Derek Landri,2012,dl_lb,29,29-32,PHI,8,76,16,7
KenardLang29CLE2004,Kenard Lang,2004,dl_lb,29,29-32,CLE,1,80,16,15
KendallLangford29IND2015,Kendall Langford,2015,dl_lb,29,29-32,IND,6,225,16,16
DannyLansanah29TAM2014,Danny Lansanah,2014,dl_lb,29,29-32,TAM,Undrafted,Undrafted,16,11
JamesLaurinaitis29STL2015,James Laurinaitis,2015,dl_lb,29,29-32,STL,5,191,16,16
MannyLawson29BUF2013,Manny Lawson,2013,dl_lb,29,29-32,BUF,1,135,15,15
BenLeber29MIN2007,Ben Leber,2007,dl_lb,29,29-32,MIN,6,231,16,10
SeanLee29DAL2015,Sean Lee,2015,dl_lb,29,29-32,DAL,5,213,14,14
LanceLegree29NYG2006,Lance Legree,2006,dl_lb,29,29-32,NYG,Undrafted,Undrafted,2,0
ParisLenon29DET2006,Paris Lenon,2006,dl_lb,29,29-32,DET,Undrafted,Undrafted,16,16
DeAndreLevy29DET2016,DeAndre Levy,2016,dl_lb,29,29-32,DET,6,236,5,3
D.D.Lewis29SEA2008,D.D. Lewis,2008,dl_lb,29,29-32,SEA,Undrafted,Undrafted,14,2
DamioneLewis29CAR2007,Damione Lewis,2007,dl_lb,29,29-32,CAR,1,25,15,2
RayLewis*29BAL2004,Ray Lewis*,2004,dl_lb,29,29-32,BAL,1,174,15,15
LeonardLittle29STL2003,Leonard Little,2003,dl_lb,29,29-32,STL,6,224,12,12
JodyLittleton29DET2003,Jody Littleton,2003,dl_lb,29,29-32,DET,Undrafted,Undrafted,3,0
CurtisLofton29OAK2015,Curtis Lofton,2015,dl_lb,29,29-32,OAK,5,193,16,9
BennieLogan29TEN2018,Bennie Logan,2018,dl_lb,29,29-32,TEN,6,226,6,0
ChrisLong29STL2014,Chris Long,2014,dl_lb,29,29-32,STL,1,113,6,6
StarLotulelei29BUF2018,Star Lotulelei,2018,dl_lb,29,29-32,BUF,1,47,8,8
KyleLove29CAR2015,Kyle Love,2015,dl_lb,29,29-32,CAR,Undrafted,Undrafted,15,2
RickLyle29NYJ2000,Rick Lyle,2000,dl_lb,29,29-32,NYJ,Undrafted,Undrafted,14,14
BillyLyon29GNB2002,Billy Lyon,2002,dl_lb,29,29-32,GNB,Undrafted,Undrafted,16,2
AnthonyMaddox29HOU2007,Anthony Maddox,2007,dl_lb,29,29-32,HOU,7,23,16,3
JoshMallard29CIN2008,Josh Mallard,2008,dl_lb,29,29-32,CIN,10,136,2,0
Sen'DerrickMarks29JAX2016,Sen'Derrick Marks,2016,dl_lb,29,29-32,JAX,5,221,16,1
BrandonMarshall29DEN2018,Brandon Marshall,2018,dl_lb,29,29-32,DEN,8,50,8,6
LemarMarshall29WAS2005,Lemar Marshall,2005,dl_lb,29,29-32,WAS,Undrafted,Undrafted,16,16
SteveMartin29HOU2003,Steve Martin,2003,dl_lb,29,29-32,HOU,8,60,14,8
MikeMaslowski29KAN2003,Mike Maslowski,2003,dl_lb,29,29-32,KAN,Undrafted,Undrafted,10,10
EddieMason29WAS2001,Eddie Mason,2001,dl_lb,29,29-32,WAS,9,89,15,1
RicardoMathews29PIT2016,Ricardo Mathews,2016,dl_lb,29,29-32,PIT,10,155,16,5
RobertMathis29IND2010,Robert Mathis,2010,dl_lb,29,29-32,IND,8,45,16,16
ClayMatthews29GNB2015,Clay Matthews,2015,dl_lb,29,29-32,GNB,1,174,16,16
ReyMaualuga29CIN2016,Rey Maualuga,2016,dl_lb,29,29-32,CIN,5,194,14,6
ByronMaxwell292TM2017,Byron Maxwell,2017,dl_lb,29,29-32,2TM,9,84,9,8
JerodMayo29NWE2015,Jerod Mayo,2015,dl_lb,29,29-32,NWE,1,3,16,8
JoeMays29KAN2014,Joe Mays,2014,dl_lb,29,29-32,KAN,9,115,8,3
JameelMcClain29NYG2014,Jameel McClain,2014,dl_lb,29,29-32,NYG,Undrafted,Undrafted,16,14
TerrellMcClain29WAS2017,Terrell McClain,2017,dl_lb,29,29-32,WAS,6,224,12,2
AlbertMcClellan29BAL2015,Albert McClellan,2015,dl_lb,29,29-32,BAL,Undrafted,Undrafted,13,0
GeraldMcCoy29TAM2017,Gerald McCoy,2017,dl_lb,29,29-32,TAM,1,182,15,15
MattMcCoy29SEA2011,Matt McCoy,2011,dl_lb,29,29-32,SEA,5,222,4,1
BobbyMcCray29PHI2010,Bobby McCray,2010,dl_lb,29,29-32,PHI,10,167,1,0
RobertMcCune29BAL2008,Robert McCune,2008,dl_lb,29,29-32,BAL,8,63,1,0
TonyMcDaniel29SEA2014,Tony McDaniel,2014,dl_lb,29,29-32,SEA,Undrafted,Undrafted,16,14
ClintonMcDonald29TAM2016,Clinton McDonald,2016,dl_lb,29,29-32,TAM,10,167,12,12
RayMcDonald29SFO2013,Ray McDonald,2013,dl_lb,29,29-32,SFO,6,259,14,14
AnthonyMcFarland292TM2006,Anthony McFarland,2006,dl_lb,29,29-32,2TM,1,58,16,16
WillieMcGinest29NWE2000,Willie McGinest,2000,dl_lb,29,29-32,NWE,1,196,14,14
RockyMcIntosh29WAS2011,Rocky McIntosh,2011,dl_lb,29,29-32,WAS,5,191,15,8
GarrettMcIntyre29NYJ2013,Garrett McIntyre,2013,dl_lb,29,29-32,NYJ,Undrafted,Undrafted,13,3
KeithMcKenzie292TM2002,Keith McKenzie,2002,dl_lb,29,29-32,2TM,10,171,8,3
AlvinMcKinley29DEN2007,Alvin McKinley,2007,dl_lb,29,29-32,DEN,7,26,15,10
BrandonMcKinney29IND2012,Brandon McKinney,2012,dl_lb,29,29-32,IND,Undrafted,Undrafted,0,NA
RonaldMcKinnon29ARI2002,Ronald McKinnon,2002,dl_lb,29,29-32,ARI,Undrafted,Undrafted,16,16
SteveMcLendon29PIT2015,Steve McLendon,2015,dl_lb,29,29-32,PIT,Undrafted,Undrafted,16,10
PernellMcPhee29CHI2017,Pernell McPhee,2017,dl_lb,29,29-32,CHI,8,75,13,5
BrandonMebane29SEA2014,Brandon Mebane,2014,dl_lb,29,29-32,SEA,6,246,9,9
RobMeier29JAX2006,Rob Meier,2006,dl_lb,29,29-32,JAX,10,159,16,8
HenryMelton29TAM2015,Henry Melton,2015,dl_lb,29,29-32,TAM,7,9,16,1
TerrenceMelton29NOR2006,Terrence Melton,2006,dl_lb,29,29-32,NOR,Undrafted,Undrafted,16,0
RoyMiller29JAX2016,Roy Miller,2016,dl_lb,29,29-32,JAX,6,242,6,6
VonMiller29DEN2018,Von Miller,2018,dl_lb,29,29-32,DEN,1,113,8,8
JeremyMincey29JAX2012,Jeremy Mincey,2012,dl_lb,29,29-32,JAX,9,104,16,16
KoaMisi29MIA2016,Koa Misi,2016,dl_lb,29,29-32,MIA,5,197,3,2
BrandonMitchell29SEA2004,Brandon Mitchell,2004,dl_lb,29,29-32,SEA,5,217,15,0
EarlMitchell29MIA2016,Earl Mitchell,2016,dl_lb,29,29-32,MIA,6,242,9,5
KawikaMitchell29BUF2008,Kawika Mitchell,2008,dl_lb,29,29-32,BUF,5,204,16,15
KeithMitchell29JAX2003,Keith Mitchell,2003,dl_lb,29,29-32,JAX,Undrafted,Undrafted,4,2
KevinMitchell29WAS2000,Kevin Mitchell,2000,dl_lb,29,29-32,WAS,5,211,16,0
MarvinMitchell29MIN2013,Marvin Mitchell,2013,dl_lb,29,29-32,MIN,10,136,16,10
KennyMixon29MIN2004,Kenny Mixon,2004,dl_lb,29,29-32,MIN,5,206,14,14
ArthurMoats29PIT2017,Arthur Moats,2017,dl_lb,29,29-32,PIT,9,89,14,0
JohnMobley29DEN2002,John Mobley,2002,dl_lb,29,29-32,DEN,1,58,16,16
EricMoore29NWE2010,Eric Moore,2010,dl_lb,29,29-32,NWE,9,98,4,3
MartyMoore29CLE2000,Marty Moore,2000,dl_lb,29,29-32,CLE,10,138,16,9
KindalMoorehead29CAR2007,Kindal Moorehead,2007,dl_lb,29,29-32,CAR,8,53,16,1
SeanMoran29SFO2002,Sean Moran,2002,dl_lb,29,29-32,SFO,7,26,16,0
DanMorgan29CAR2007,Dan Morgan,2007,dl_lb,29,29-32,CAR,1,14,3,3
DerrickMorgan29TEN2018,Derrick Morgan,2018,dl_lb,29,29-32,TEN,1,69,6,5
RobMorris29IND2004,Rob Morris,2004,dl_lb,29,29-32,IND,1,179,15,14
KirkMorrison29BUF2011,Kirk Morrison,2011,dl_lb,29,29-32,BUF,6,238,14,0
MikeMorton29IND2001,Mike Morton,2001,dl_lb,29,29-32,IND,7,23,16,0
C.J.Mosley29JAX2012,C.J. Mosley,2012,dl_lb,29,29-32,JAX,9,104,16,13
DanielMuir29NYJ2012,Daniel Muir,2012,dl_lb,29,29-32,NYJ,Undrafted,Undrafted,3,0
MichaelMyers29DEN2005,Michael Myers,2005,dl_lb,29,29-32,DEN,7,4,16,15
HannibalNavies29SFO2006,Hannibal Navies,2006,dl_lb,29,29-32,SFO,7,4,6,2
RyanNece29DET2008,Ryan Nece,2008,dl_lb,29,29-32,DET,Undrafted,Undrafted,16,10
JimNelson29IND2004,Jim Nelson,2004,dl_lb,29,29-32,IND,Undrafted,Undrafted,15,1
KeithNewman29MIA2006,Keith Newman,2006,dl_lb,29,29-32,MIA,7,24,11,0
HalotiNgata29BAL2013,Haloti Ngata,2013,dl_lb,29,29-32,BAL,1,25,15,15
DatNguyen29DAL2004,Dat Nguyen,2004,dl_lb,29,29-32,DAL,6,246,16,16
StephenNicholas29ATL2012,Stephen Nicholas,2012,dl_lb,29,29-32,ATL,7,13,16,15
RobNinkovich29NWE2013,Rob Ninkovich,2013,dl_lb,29,29-32,NWE,8,42,16,16
AntwanOdom29CIN2010,Antwan Odom,2010,dl_lb,29,29-32,CIN,5,215,4,3
JaredOdrick29JAX2016,Jared Odrick,2016,dl_lb,29,29-32,JAX,1,179,6,6
EricOgbogu29DAL2004,Eric Ogbogu,2004,dl_lb,29,29-32,DAL,9,73,15,1
AdewaleOgunleye29CHI2006,Adewale Ogunleye,2006,dl_lb,29,29-32,CHI,Undrafted,Undrafted,14,14
ChikeOkeafor29ARI2005,Chike Okeafor,2005,dl_lb,29,29-32,ARI,6,250,16,16
IgorOlshansky29MIA2011,Igor Olshansky,2011,dl_lb,29,29-32,MIA,5,191,8,0
KennyOnatolu29MIN2011,Kenny Onatolu,2011,dl_lb,29,29-32,MIN,Undrafted,Undrafted,16,1
BrianOrakpo29TEN2015,Brian Orakpo,2015,dl_lb,29,29-32,TEN,1,36,16,16
RichOwens29KAN2001,Rich Owens,2001,dl_lb,29,29-32,KAN,8,61,16,1
CalvinPace29NYJ2009,Calvin Pace,2009,dl_lb,29,29-32,NYJ,1,91,12,12
StephenPaea29DAL2017,Stephen Paea,2017,dl_lb,29,29-32,DAL,5,211,4,4
JuquaParker29PHI2007,Juqua Parker,2007,dl_lb,29,29-32,PHI,Undrafted,Undrafted,16,7
RiddickParker29NWE2001,Riddick Parker,2001,dl_lb,29,29-32,NWE,Undrafted,Undrafted,13,0
MikePatterson29PHI2012,Mike Patterson,2012,dl_lb,29,29-32,PHI,1,186,5,0
SethPayne29HOU2004,Seth Payne,2004,dl_lb,29,29-32,HOU,7,19,16,12
SpencerPaysinger29CAR2017,Spencer Paysinger,2017,dl_lb,29,29-32,CAR,Undrafted,Undrafted,3,0
DomataPeko29CIN2013,Domata Peko,2013,dl_lb,29,29-32,CIN,7,29,16,16
JerisPendleton29JAX2012,Jeris Pendleton,2012,dl_lb,29,29-32,JAX,10,144,4,0
JuliusPeppers29CAR2009,Julius Peppers,2009,dl_lb,29,29-32,CAR,1,113,16,14
ChristianPeter29IND2001,Christian Peter,2001,dl_lb,29,29-32,IND,8,57,14,0
BrianPeters29HOU2017,Brian Peters,2017,dl_lb,29,29-32,HOU,Undrafted,Undrafted,16,0
CoreyPeters29ARI2017,Corey Peters,2017,dl_lb,29,29-32,ARI,6,244,12,12
JulianPeterson29SEA2007,Julian Peterson,2007,dl_lb,29,29-32,SEA,1,69,16,16
KennyPeterson29DEN2007,Kenny Peterson,2007,dl_lb,29,29-32,DEN,6,239,7,0
MikePeterson29JAX2005,Mike Peterson,2005,dl_lb,29,29-32,JAX,5,192,16,16
ShaunPhillips29SDG2010,Shaun Phillips,2010,dl_lb,29,29-32,SDG,7,260,16,16
RyanPickett29GNB2008,Ryan Pickett,2008,dl_lb,29,29-32,GNB,1,180,16,16
AntonioPierce29NYG2007,Antonio Pierce,2007,dl_lb,29,29-32,NYG,Undrafted,Undrafted,16,16
JasonPierre-Paul29TAM2018,Jason Pierre-Paul,2018,dl_lb,29,29-32,TAM,1,58,7,7
ClevelandPinkney29DET2006,Cleveland Pinkney,2006,dl_lb,29,29-32,DET,Undrafted,Undrafted,8,0
RopatiPitoitua29TEN2014,Ropati Pitoitua,2014,dl_lb,29,29-32,TEN,Undrafted,Undrafted,12,11
KavikaPittman29CAR2003,Kavika Pittman,2003,dl_lb,29,29-32,CAR,5,193,2,0
CarlosPolk29SDG2006,Carlos Polk,2006,dl_lb,29,29-32,SDG,7,17,16,4
DaShonPolk29HOU2006,DaShon Polk,2006,dl_lb,29,29-32,HOU,10,170,10,0
BradyPoppinga29GNB2008,Brady Poppinga,2008,dl_lb,29,29-32,GNB,7,31,16,12
JoeyPorter29PIT2006,Joey Porter,2006,dl_lb,29,29-32,PIT,6,233,14,14
JeffPosey29BUF2004,Jeff Posey,2004,dl_lb,29,29-32,BUF,Undrafted,Undrafted,16,15
PaulPosluszny29JAX2013,Paul Posluszny,2013,dl_lb,29,29-32,JAX,5,190,15,15
SionePouha29NYJ2008,Sione Pouha,2008,dl_lb,29,29-32,NYJ,6,249,16,0
CarlPowell29CIN2003,Carl Powell,2003,dl_lb,29,29-32,CIN,8,65,16,3
TrevorPryce29DEN2004,Trevor Pryce,2004,dl_lb,29,29-32,DEN,1,179,2,1
SheltonQuarles29TAM2000,Shelton Quarles,2000,dl_lb,29,29-32,TAM,Undrafted,Undrafted,14,13
B.J.Raji29GNB2015,B.J. Raji,2015,dl_lb,29,29-32,GNB,1,251,15,15
JayRatliff29DAL2010,Jay Ratliff,2010,dl_lb,29,29-32,DAL,10,140,16,16
MontaeReagor29IND2006,Montae Reagor,2006,dl_lb,29,29-32,IND,5,216,5,5
CoryRedding29SEA2009,Cory Redding,2009,dl_lb,29,29-32,SEA,6,225,15,3
BrooksReed29ATL2016,Brooks Reed,2016,dl_lb,29,29-32,ATL,5,199,15,7
JamesReed29KAN2006,James Reed,2006,dl_lb,29,29-32,KAN,10,120,15,15
IkeReese29PHI2002,Ike Reese,2002,dl_lb,29,29-32,PHI,8,50,16,3
TrevorReilly29NWE2017,Trevor Reilly,2017,dl_lb,29,29-32,NWE,10,150,6,1
VincentRey29CIN2016,Vincent Rey,2016,dl_lb,29,29-32,CIN,Undrafted,Undrafted,16,12
SimeonRice29TAM2003,Simeon Rice,2003,dl_lb,29,29-32,TAM,1,182,16,16
JayRichardson29NOR2013,Jay Richardson,2013,dl_lb,29,29-32,NOR,8,45,4,0
NickRoach29OAK2014,Nick Roach,2014,dl_lb,29,29-32,OAK,Undrafted,Undrafted,0,NA
AustinRobbins292TM2000,Austin Robbins,2000,dl_lb,29,29-32,2TM,7,26,5,0
FredRobbins29NYG2006,Fred Robbins,2006,dl_lb,29,29-32,NYG,5,213,16,16
CraigRobertson29NOR2017,Craig Robertson,2017,dl_lb,29,29-32,NOR,Undrafted,Undrafted,16,12
BryanRobinson29CHI2003,Bryan Robinson,2003,dl_lb,29,29-32,CHI,Undrafted,Undrafted,16,16
BrianRobison29MIN2012,Brian Robison,2012,dl_lb,29,29-32,MIN,7,6,15,15
DerrickRodgers29MIA2000,Derrick Rodgers,2000,dl_lb,29,29-32,MIA,6,254,16,14
ShaunRogers29CLE2008,Shaun Rogers,2008,dl_lb,29,29-32,CLE,5,220,16,16
TyroneRogers29CLE2003,Tyrone Rogers,2003,dl_lb,29,29-32,CLE,Undrafted,Undrafted,8,3
MattRoth29JAX2011,Matt Roth,2011,dl_lb,29,29-32,JAX,5,203,9,9
OrpheusRoye29CLE2002,Orpheus Roye,2002,dl_lb,29,29-32,CLE,9,115,16,16
AhtybaRubin29SEA2015,Ahtyba Rubin,2015,dl_lb,29,29-32,SEA,9,103,16,16
FrosteeRucker29CLE2012,Frostee Rucker,2012,dl_lb,29,29-32,CLE,6,253,16,16
MikeRucker29CAR2004,Mike Rucker,2004,dl_lb,29,29-32,CAR,5,194,16,16
OrlandoRuff29CLE2005,Orlando Ruff,2005,dl_lb,29,29-32,CLE,Undrafted,Undrafted,16,0
TwanRussell29ATL2003,Twan Russell,2003,dl_lb,29,29-32,ATL,8,56,16,0
BarrettRuud292TM2012,Barrett Ruud,2012,dl_lb,29,29-32,2TM,5,192,12,1
DeMecoRyans29PHI2013,DeMeco Ryans,2013,dl_lb,29,29-32,PHI,5,189,16,16
JoeSalave'a29WAS2004,Joe Salave'a,2004,dl_lb,29,29-32,WAS,7,11,15,9
TerdellSands29OAK2008,Terdell Sands,2008,dl_lb,29,29-32,OAK,10,161,16,0
WarrenSapp*29TAM2001,Warren Sapp*,2001,dl_lb,29,29-32,TAM,1,25,16,16
OrlandoScandrick29DAL2016,Orlando Scandrick,2016,dl_lb,29,29-32,DAL,8,51,12,10
BrianSchaefering29DAL2012,Brian Schaefering,2012,dl_lb,29,29-32,DAL,Undrafted,Undrafted,3,0
AaronSchobel29BUF2006,Aaron Schobel,2006,dl_lb,29,29-32,BUF,5,203,16,16
O'BrienSchofield29ATL2016,O'Brien Schofield,2016,dl_lb,29,29-32,ATL,7,37,2,0
BartScott29NYJ2009,Bart Scott,2009,dl_lb,29,29-32,NYJ,Undrafted,Undrafted,16,16
DarrionScott29WAS2010,Darrion Scott,2010,dl_lb,29,29-32,WAS,6,249,2,0
TrevorScott29TAM2013,Trevor Scott,2013,dl_lb,29,29-32,TAM,9,79,4,0
CoreySears29HOU2002,Corey Sears,2002,dl_lb,29,29-32,HOU,Undrafted,Undrafted,16,0
JordanSenn29CAR2013,Jordan Senn,2013,dl_lb,29,29-32,CAR,Undrafted,Undrafted,14,0
RichardSeymour29NWE2008,Richard Seymour,2008,dl_lb,29,29-32,NWE,1,218,15,15
ScottShanle29NOR2008,Scott Shanle,2008,dl_lb,29,29-32,NOR,10,170,16,16
JamieSharper29HOU2003,Jamie Sharper,2003,dl_lb,29,29-32,HOU,5,190,16,16
JoshShaw29DEN2008,Josh Shaw,2008,dl_lb,29,29-32,DEN,8,83,5,0
JabaalSheard29IND2018,Jabaal Sheard,2018,dl_lb,29,29-32,IND,5,193,8,8
DerrickShelby29ATL2018,Derrick Shelby,2018,dl_lb,29,29-32,ATL,Undrafted,Undrafted,3,0
KelvinSheppard29NYG2017,Kelvin Sheppard,2017,dl_lb,29,29-32,NYG,6,227,7,6
BrandonShort29NYG2006,Brandon Short,2006,dl_lb,29,29-32,NYG,7,9,9,9
KawannShort29CAR2018,Kawann Short,2018,dl_lb,29,29-32,CAR,5,201,7,7
LawrenceSidbury29TAM2015,Lawrence Sidbury,2015,dl_lb,29,29-32,TAM,7,31,1,0
BrianSimmons29CIN2004,Brian Simmons,2004,dl_lb,29,29-32,CIN,1,80,15,15
MarkSimoneau29NOR2006,Mark Simoneau,2006,dl_lb,29,29-32,NOR,6,226,16,13
ErnieSims29DAL2013,Ernie Sims,2013,dl_lb,29,29-32,DAL,1,251,12,6
EugeneSims29STL2015,Eugene Sims,2015,dl_lb,29,29-32,STL,9,101,13,9
PatSims29OAK2014,Pat Sims,2014,dl_lb,29,29-32,OAK,6,237,16,2
RyanSims29TAM2009,Ryan Sims,2009,dl_lb,29,29-32,TAM,1,218,16,16
AlshermondSingleton29DAL2004,Alshermond Singleton,2004,dl_lb,29,29-32,DAL,7,34,13,12
PeterSirmon29TEN2006,Peter Sirmon,2006,dl_lb,29,29-32,TEN,7,34,16,15
DanSkuta29JAX2015,Dan Skuta,2015,dl_lb,29,29-32,JAX,Undrafted,Undrafted,13,8
ChrisSlade29NWE2000,Chris Slade,2000,dl_lb,29,29-32,NWE,5,186,16,15
T.J.Slaughter29SFO2006,T.J. Slaughter,2006,dl_lb,29,29-32,SFO,6,254,10,1
AaronSmith29PIT2005,Aaron Smith,2005,dl_lb,29,29-32,PIT,7,13,16,16
AntonioSmith29HOU2010,Antonio Smith,2010,dl_lb,29,29-32,HOU,8,42,16,16
BradySmith29ATL2002,Brady Smith,2002,dl_lb,29,29-32,ATL,6,230,14,14
CoreySmith29DET2008,Corey Smith,2008,dl_lb,29,29-32,DET,Undrafted,Undrafted,12,3
DarylSmith29JAX2011,Daryl Smith,2011,dl_lb,29,29-32,JAX,5,195,16,16
DerekSmith29SFO2004,Derek Smith,2004,dl_lb,29,29-32,SFO,6,241,14,14
FernandoSmith292TM2000,Fernando Smith,2000,dl_lb,29,29-32,2TM,5,213,3,0
JustinSmith29SFO2008,Justin Smith,2008,dl_lb,29,29-32,SFO,1,196,16,16
LarrySmith29GNB2003,Larry Smith,2003,dl_lb,29,29-32,GNB,5,214,10,0
MalcolmSmith29SFO2018,Malcolm Smith,2018,dl_lb,29,29-32,SFO,10,160,7,2
RaonallSmith29STL2007,Raonall Smith,2007,dl_lb,29,29-32,STL,5,194,4,0
RobaireSmith29TEN2006,Robaire Smith,2006,dl_lb,29,29-32,TEN,9,110,15,12
ShaunSmith29KAN2010,Shaun Smith,2010,dl_lb,29,29-32,KAN,Undrafted,Undrafted,16,10
TravianSmith29OAK2004,Travian Smith,2004,dl_lb,29,29-32,OAK,8,61,8,4
WillSmith29NOR2010,Will Smith,2010,dl_lb,29,29-32,NOR,1,91,15,15
PaulSoliai29MIA2012,Paul Soliai,2012,dl_lb,29,29-32,MIA,7,12,16,16
IsaacSopoaga29SFO2010,Isaac Sopoaga,2010,dl_lb,29,29-32,SFO,7,8,16,16
MarcusSpears29DAL2012,Marcus Spears,2012,dl_lb,29,29-32,DAL,1,114,15,6
AlonzoSpellman29DAL2000,Alonzo Spellman,2000,dl_lb,29,29-32,DAL,1,135,16,15
AnthonySpencer29DAL2013,Anthony Spencer,2013,dl_lb,29,29-32,DAL,1,174,1,0
PaulSpicer29JAX2004,Paul Spicer,2004,dl_lb,29,29-32,JAX,Undrafted,Undrafted,2,2
BrandonSpikes29BUF2016,Brandon Spikes,2016,dl_lb,29,29-32,BUF,5,221,11,0
TakeoSpikes29BUF2005,Takeo Spikes,2005,dl_lb,29,29-32,BUF,1,36,3,3
GregSpires29TAM2003,Greg Spires,2003,dl_lb,29,29-32,TAM,6,244,15,15
DonnieSpragan29MIA2005,Donnie Spragan,2005,dl_lb,29,29-32,MIA,Undrafted,Undrafted,16,9
DamionSquare29LAC2018,Damion Square,2018,dl_lb,29,29-32,LAC,Undrafted,Undrafted,7,4
JoshStamer29BUF2006,Josh Stamer,2006,dl_lb,29,29-32,BUF,Undrafted,Undrafted,6,0
RandyStarks29MIA2012,Randy Starks,2012,dl_lb,29,29-32,MIA,6,231,16,16
GlenSteele29CIN2003,Glen Steele,2003,dl_lb,29,29-32,CIN,7,9,16,0
GaryStills29KAN2003,Gary Stills,2003,dl_lb,29,29-32,KAN,6,235,16,0
MichaelStrahan*29NYG2000,Michael Strahan*,2000,dl_lb,29,29-32,NYG,5,197,16,16
MarcusStroud29JAX2007,Marcus Stroud,2007,dl_lb,29,29-32,JAX,1,36,9,9
AndyStudebaker29IND2014,Andy Studebaker,2014,dl_lb,29,29-32,IND,9,117,13,1
NathanStupar29NOR2017,Nathan Stupar,2017,dl_lb,29,29-32,NOR,10,147,4,0
TerrellSuggs29BAL2011,Terrell Suggs,2011,dl_lb,29,29-32,BAL,1,3,16,16
NdamukongSuh29MIA2016,Ndamukong Suh,2016,dl_lb,29,29-32,MIA,1,113,16,16
JoeTafoya29ARI2007,Joe Tafoya,2007,dl_lb,29,29-32,ARI,10,151,13,7
BarronTanner29ARI2002,Barron Tanner,2002,dl_lb,29,29-32,ARI,8,57,15,8
DarrylTapp29WAS2013,Darryl Tapp,2013,dl_lb,29,29-32,WAS,5,222,11,0
JoshTaves29OAK2001,Josh Taves,2001,dl_lb,29,29-32,OAK,Undrafted,Undrafted,8,3
JasonTaylor*29MIA2003,Jason Taylor*,2003,dl_lb,29,29-32,MIA,6,233,16,16
CraigTerrill29SEA2009,Craig Terrill,2009,dl_lb,29,29-32,SEA,9,101,13,1
JohnThierry29GNB2000,John Thierry,2000,dl_lb,29,29-32,GNB,1,14,16,16
AdaliusThomas29BAL2006,Adalius Thomas,2006,dl_lb,29,29-32,BAL,9,98,16,16
BryanThomas29NYJ2008,Bryan Thomas,2008,dl_lb,29,29-32,NYJ,1,135,16,15
CamThomas29PIT2015,Cam Thomas,2015,dl_lb,29,29-32,PIT,8,54,15,1
HollisThomas29PHI2003,Hollis Thomas,2003,dl_lb,29,29-32,PHI,Undrafted,Undrafted,7,2
J.T.Thomas29NYG2017,J.T. Thomas,2017,dl_lb,29,29-32,NYG,9,108,2,0
KiwaukeeThomas29BUF2006,Kiwaukee Thomas,2006,dl_lb,29,29-32,BUF,8,68,16,3
ZachThomas29MIA2002,Zach Thomas,2002,dl_lb,29,29-32,MIA,8,63,16,16
ChaunThompson29HOU2009,Chaun Thompson,2009,dl_lb,29,29-32,HOU,5,210,3,0
MikeThompson29CLE2000,Mike Thompson,2000,dl_lb,29,29-32,CLE,7,29,12,0
CedricThornton29BUF2017,Cedric Thornton,2017,dl_lb,29,29-32,BUF,Undrafted,Undrafted,15,3
DavidThornton29TEN2007,David Thornton,2007,dl_lb,29,29-32,TEN,7,10,16,16
JohnThornton29CIN2005,John Thornton,2005,dl_lb,29,29-32,CIN,5,210,16,16
LawrenceTimmons29PIT2015,Lawrence Timmons,2015,dl_lb,29,29-32,PIT,1,58,16,16
PisaTinoisamoa29CHI2010,Pisa Tinoisamoa,2010,dl_lb,29,29-32,CHI,5,200,12,10
DaveTollefson29NYG2010,Dave Tollefson,2010,dl_lb,29,29-32,NYG,10,172,13,0
KoreyToomer29LAC2017,Korey Toomer,2017,dl_lb,29,29-32,LAC,8,63,15,8
ReggieTorbor29BUF2010,Reggie Torbor,2010,dl_lb,29,29-32,BUF,7,259,10,7
JeremiahTrotter29PHI2006,Jeremiah Trotter,2006,dl_lb,29,29-32,PHI,6,232,16,16
R-KalTruluck29KAN2003,R-Kal Truluck,2003,dl_lb,29,29-32,KAN,Undrafted,Undrafted,14,0
JasonTrusnik29MIA2013,Jason Trusnik,2013,dl_lb,29,29-32,MIA,Undrafted,Undrafted,16,2
JustinTuck29NYG2012,Justin Tuck,2012,dl_lb,29,29-32,NYG,6,234,15,14
VanTuinei29CHI2000,Van Tuinei,2000,dl_lb,29,29-32,CHI,Undrafted,Undrafted,14,2
StephenTulloch29DET2014,Stephen Tulloch,2014,dl_lb,29,29-32,DET,7,21,3,3
JeffUlbrich29SFO2006,Jeff Ulbrich,2006,dl_lb,29,29-32,SFO,6,247,16,9
ArtieUlmer29ATL2002,Artie Ulmer,2002,dl_lb,29,29-32,ATL,10,136,15,0
OsiUmenyiora29NYG2010,Osi Umenyiora,2010,dl_lb,29,29-32,NYG,5,214,16,16
MitchUnrein29CHI2016,Mitch Unrein,2016,dl_lb,29,29-32,CHI,Undrafted,Undrafted,13,9
ReganUpshaw29NYG2004,Regan Upshaw,2004,dl_lb,29,29-32,NYG,1,25,3,0
BrianUrlacher*29CHI2007,Brian Urlacher*,2007,dl_lb,29,29-32,CHI,1,251,16,16
KyleVanden Bosch29TEN2007,Kyle Vanden Bosch,2007,dl_lb,29,29-32,TEN,5,190,16,16
JoeVellano29ATL2017,Joe Vellano,2017,dl_lb,29,29-32,ATL,Undrafted,Undrafted,4,0
AlterraunVerner29MIA2017,Alterraun Verner,2017,dl_lb,29,29-32,MIA,7,8,15,2
KevinVickerson29DEN2012,Kevin Vickerson,2012,dl_lb,29,29-32,DEN,10,131,16,14
JonathanVilma29NOR2011,Jonathan Vilma,2011,dl_lb,29,29-32,NOR,1,25,11,11
Kimovon Oelhoffen29PIT2000,Kimo von Oelhoffen,2000,dl_lb,29,29-32,PIT,9,72,16,16
MikeVrabel29NWE2004,Mike Vrabel,2004,dl_lb,29,29-32,NWE,6,253,16,15
CameronWake29MIA2011,Cameron Wake,2011,dl_lb,29,29-32,MIA,Undrafted,Undrafted,16,14
ErikWalden29IND2014,Erik Walden,2014,dl_lb,29,29-32,IND,9,77,15,14
DarwinWalker29PHI2006,Darwin Walker,2006,dl_lb,29,29-32,PHI,6,231,16,15
GaryWalker29HOU2002,Gary Walker,2002,dl_lb,29,29-32,HOU,8,68,16,16
AlWallace29CAR2003,Al Wallace,2003,dl_lb,29,29-32,CAR,Undrafted,Undrafted,16,2
DeMarcusWare29DAL2011,DeMarcus Ware,2011,dl_lb,29,29-32,DAL,1,14,16,16
RonWarner29WAS2004,Ron Warner,2004,dl_lb,29,29-32,WAS,10,156,14,2
GerardWarren29OAK2007,Gerard Warren,2007,dl_lb,29,29-32,OAK,1,182,12,5
KeithWashington29DEN2001,Keith Washington,2001,dl_lb,29,29-32,DEN,Undrafted,Undrafted,16,16
MarcusWashington29WAS2006,Marcus Washington,2006,dl_lb,29,29-32,WAS,5,217,14,14
DekodaWatson29SFO2017,Dekoda Watson,2017,dl_lb,29,29-32,SFO,10,132,14,0
J.J.Watt29HOU2018,J.J. Watt,2018,dl_lb,29,29-32,HOU,1,14,8,8
NateWayne29PHI2004,Nate Wayne,2004,dl_lb,29,29-32,PHI,10,134,9,7
SeanWeatherspoon29ATL2016,Sean Weatherspoon,2016,dl_lb,29,29-32,ATL,1,102,4,3
NateWebster29DEN2006,Nate Webster,2006,dl_lb,29,29-32,DEN,6,252,3,2
MikeWells29CHI2000,Mike Wells,2000,dl_lb,29,29-32,CHI,7,31,16,14
PhilipWheeler29MIA2013,Philip Wheeler,2013,dl_lb,29,29-32,MIA,6,255,16,16
DewayneWhite29DET2008,Dewayne White,2008,dl_lb,29,29-32,DET,5,223,12,11
SteveWhite29NYJ2002,Steve White,2002,dl_lb,29,29-32,NYJ,9,107,15,0
StylezG. White29TAM2008,Stylez G. White,2008,dl_lb,29,29-32,TAM,10,145,16,0
TracyWhite29NWE2010,Tracy White,2010,dl_lb,29,29-32,NWE,Undrafted,Undrafted,16,0
WillieWhitehead29NOR2002,Willie Whitehead,2002,dl_lb,29,29-32,NOR,Undrafted,Undrafted,12,10
BernardWhittington29IND2000,Bernard Whittington,2000,dl_lb,29,29-32,IND,Undrafted,Undrafted,15,12
KyleWilber29OAK2018,Kyle Wilber,2018,dl_lb,29,29-32,OAK,7,18,8,0
ChuckWiley292TM2004,Chuck Wiley,2004,dl_lb,29,29-32,2TM,6,221,8,2
MarcellusWiley29SDG2003,Marcellus Wiley,2003,dl_lb,29,29-32,SDG,5,210,16,16
VinceWilfork29NWE2010,Vince Wilfork,2010,dl_lb,29,29-32,NWE,1,124,16,16
MattWilhelm29GNB2010,Matt Wilhelm,2010,dl_lb,29,29-32,GNB,7,17,7,0
MichaelWilhoite29SFO2015,Michael Wilhoite,2015,dl_lb,29,29-32,SFO,Undrafted,Undrafted,12,12
JimmyWilkerson29NOR2010,Jimmy Wilkerson,2010,dl_lb,29,29-32,NOR,9,101,16,0
MuhammadWilkerson29GNB2018,Muhammad Wilkerson,2018,dl_lb,29,29-32,GNB,1,183,3,3
DanWilkinson29WAS2002,Dan Wilkinson,2002,dl_lb,29,29-32,WAS,1,2,12,11
BrandonWilliams29BAL2018,Brandon Williams,2018,dl_lb,29,29-32,BAL,6,256,8,8
BrianWilliams292TM2001,Brian Williams,2001,dl_lb,29,29-32,2TM,6,233,6,1
CoreyWilliams29CLE2009,Corey Williams,2009,dl_lb,29,29-32,CLE,9,90,16,2
D.J.Williams29DEN2011,D.J. Williams,2011,dl_lb,29,29-32,DEN,1,80,13,13
DanWilliams29OAK2016,Dan Williams,2016,dl_lb,29,29-32,OAK,1,174,16,11
DemorrioWilliams29KAN2009,Demorrio Williams,2009,dl_lb,29,29-32,KAN,7,5,16,13
JamalWilliams29SDG2005,Jamal Williams,2005,dl_lb,29,29-32,SDG,5,113,16,16
JayWilliams29CAR2000,Jay Williams,2000,dl_lb,29,29-32,CAR,Undrafted,Undrafted,16,14
JoshWilliams29IND2005,Josh Williams,2005,dl_lb,29,29-32,IND,7,28,4,3
KevinWilliams29MIN2009,Kevin Williams,2009,dl_lb,29,29-32,MIN,1,251,16,16
KyleWilliams29BUF2012,Kyle Williams,2012,dl_lb,29,29-32,BUF,8,41,16,16
LeonWilliams29KAN2012,Leon Williams,2012,dl_lb,29,29-32,KAN,7,15,4,0
MarioWilliams29BUF2014,Mario Williams,2014,dl_lb,29,29-32,BUF,1,2,16,16
PatWilliams29BUF2001,Pat Williams,2001,dl_lb,29,29-32,BUF,Undrafted,Undrafted,13,13
SamWilliams29OAK2009,Sam Williams,2009,dl_lb,29,29-32,OAK,6,244,16,2
SylvesterWilliams29TEN2017,Sylvester Williams,2017,dl_lb,29,29-32,TEN,1,179,15,11
TonyWilliams29CIN2004,Tony Williams,2004,dl_lb,29,29-32,CIN,8,60,6,6
TyroneWilliams292TM2001,Tyrone Williams,2001,dl_lb,29,29-32,2TM,Undrafted,Undrafted,11,0
VinceWilliams29PIT2018,Vince Williams,2018,dl_lb,29,29-32,PIT,9,120,6,6
PatrickWillis29SFO2014,Patrick Willis,2014,dl_lb,29,29-32,SFO,1,14,6,6
AlWilson29DEN2006,Al Wilson,2006,dl_lb,29,29-32,DEN,1,186,15,15
C.J.Wilson29CHI2016,C.J. Wilson,2016,dl_lb,29,29-32,CHI,10,147,6,1
ReinardWilson29CIN2002,Reinard Wilson,2002,dl_lb,29,29-32,CIN,1,47,16,0
RodWilson29CHI2010,Rod Wilson,2010,dl_lb,29,29-32,CHI,10,136,15,0
KamerionWimbley29TEN2012,Kamerion Wimbley,2012,dl_lb,29,29-32,TEN,1,36,16,16
JamieWinborn29DEN2008,Jamie Winborn,2008,dl_lb,29,29-32,DEN,5,204,16,11
CoyWire29BUF2007,Coy Wire,2007,dl_lb,29,29-32,BUF,6,259,7,1
GrantWistrom29SEA2005,Grant Wistrom,2005,dl_lb,29,29-32,SEA,1,218,16,16
WillWitherspoon292TM2009,Will Witherspoon,2009,dl_lb,29,29-32,2TM,6,233,17,16
KaileeWong29HOU2005,Kailee Wong,2005,dl_lb,29,29-32,HOU,5,209,5,5
ShawnWooden29MIA2002,Shawn Wooden,2002,dl_lb,29,29-32,MIA,9,101,16,2
LaMarrWoodley29PIT2013,LaMarr Woodley,2013,dl_lb,29,29-32,PIT,5,203,11,11
AlWoods29TEN2016,Al Woods,2016,dl_lb,29,29-32,TEN,7,29,12,7
LeVarWoods29TEN2007,LeVar Woods,2007,dl_lb,29,29-32,TEN,Undrafted,Undrafted,8,0
WesleyWoodyard29TEN2015,Wesley Woodyard,2015,dl_lb,29,29-32,TEN,Undrafted,Undrafted,16,12
K.J.Wright29SEA2018,K.J. Wright,2018,dl_lb,29,29-32,SEA,7,261,1,1
MikeWright29NWE2011,Mike Wright,2011,dl_lb,29,29-32,NWE,Undrafted,Undrafted,1,1
EllisWyms29MIN2008,Ellis Wyms,2008,dl_lb,29,29-32,MIN,9,95,16,0
RenaldoWynn29WAS2003,Renaldo Wynn,2003,dl_lb,29,29-32,WAS,1,124,16,16
BrianYoung29NOR2006,Brian Young,2006,dl_lb,29,29-32,NOR,8,46,16,16
BryantYoung29SFO2001,Bryant Young,2001,dl_lb,29,29-32,SFO,1,229,16,16
WillieYoung29CHI2014,Willie Young,2014,dl_lb,29,29-32,CHI,10,128,15,8
PeppiZellner29ARI2004,Peppi Zellner,2004,dl_lb,29,29-32,ARI,7,39,16,14
FrankZombo29KAN2016,Frank Zombo,2016,dl_lb,29,29-32,KAN,Undrafted,Undrafted,16,11
JohnAbraham35ARI2013,John Abraham,2013,dl_lb,35,32+,ARI,1,36,16,13
LorenzoAlexander35BUF2018,Lorenzo Alexander,2018,dl_lb,35,32+,BUF,Undrafted,Undrafted,8,3
TraceArmstrong35MIA2000,Trace Armstrong,2000,dl_lb,35,32+,MIA,1,25,16,0
BrendonAyanbadejo35BAL2011,Brendon Ayanbadejo,2011,dl_lb,35,32+,BAL,Undrafted,Undrafted,16,0
JasonBabin352TM2015,Jason Babin,2015,dl_lb,35,32+,2TM,1,178,2,0
JonathanBabineaux35ATL2016,Jonathan Babineaux,2016,dl_lb,35,32+,ATL,5,217,16,6
MichealBarrow35DAL2005,Micheal Barrow,2005,dl_lb,35,32+,DAL,5,204,2,0
CorneliusBennett35IND2000,Cornelius Bennett,2000,dl_lb,35,32+,IND,1,113,16,15
KeithBrooking35DAL2010,Keith Brooking,2010,dl_lb,35,32+,DAL,1,25,16,16
DerrickBrooks*35TAM2008,Derrick Brooks*,2008,dl_lb,35,32+,TAM,1,179,16,16
ChadBrown35NWE2005,Chad Brown,2005,dl_lb,35,32+,NWE,5,201,15,5
TedyBruschi35NWE2008,Tedy Bruschi,2008,dl_lb,35,32+,NWE,6,247,13,12
RobBurnett35MIA2002,Rob Burnett,2002,dl_lb,35,32+,MIA,8,35,15,0
KevinCarter35TAM2008,Kevin Carter,2008,dl_lb,35,32+,TAM,1,218,16,16
ColinCole35CAR2015,Colin Cole,2015,dl_lb,35,32+,CAR,Undrafted,Undrafted,2,0
MarcoColeman35DEN2004,Marco Coleman,2004,dl_lb,35,32+,DEN,1,25,16,16
KarlosDansby35CIN2016,Karlos Dansby,2016,dl_lb,35,32+,CIN,5,189,16,7
ThomasDavis35CAR2018,Thomas Davis,2018,dl_lb,35,32+,CAR,1,47,3,3
DonnieEdwards35KAN2008,Donnie Edwards,2008,dl_lb,35,32+,KAN,7,260,7,4
JamesFarrior35PIT2010,James Farrior,2010,dl_lb,35,32+,PIT,1,240,16,16
JasonFerguson35MIA2009,Jason Ferguson,2009,dl_lb,35,32+,MIA,10,145,9,9
LondonFletcher35WAS2010,London Fletcher,2010,dl_lb,35,32+,WAS,Undrafted,Undrafted,16,16
DwightFreeney35ARI2015,Dwight Freeney,2015,dl_lb,35,32+,ARI,1,14,11,0
KellyGregg35KAN2011,Kelly Gregg,2011,dl_lb,35,32+,KAN,9,84,16,14
ClarkHaggans35SFO2012,Clark Haggans,2012,dl_lb,35,32+,SFO,8,44,9,0
BobbyHamilton35NYJ2006,Bobby Hamilton,2006,dl_lb,35,32+,NYJ,Undrafted,Undrafted,16,1
CaseyHampton35PIT2012,Casey Hampton,2012,dl_lb,35,32+,PIT,1,102,16,16
JamesHarrison35CIN2013,James Harrison,2013,dl_lb,35,32+,CIN,Undrafted,Undrafted,15,10
ChadHennings35DAL2000,Chad Hennings,2000,dl_lb,35,32+,DAL,3,181,8,8
ChrisHoke35PIT2011,Chris Hoke,2011,dl_lb,35,32+,PIT,Undrafted,Undrafted,6,2
VonnieHolliday35WAS2010,Vonnie Holliday,2010,dl_lb,35,32+,WAS,1,102,15,2
LarryIzzo35NYJ2009,Larry Izzo,2009,dl_lb,35,32+,NYJ,Undrafted,Undrafted,12,0
GradyJackson35ATL2008,Grady Jackson,2008,dl_lb,35,32+,ATL,9,106,15,14
TyokaJackson35DET2006,Tyoka Jackson,2006,dl_lb,35,32+,DET,Undrafted,Undrafted,15,0
CullenJenkins35WAS2016,Cullen Jenkins,2016,dl_lb,35,32+,WAS,Undrafted,Undrafted,15,0
DerrickJohnson35KAN2017,Derrick Johnson,2017,dl_lb,35,32+,KAN,1,58,15,15
BrettKeisel35PIT2013,Brett Keisel,2013,dl_lb,35,32+,PIT,10,160,12,12
TravisKirschke35PIT2009,Travis Kirschke,2009,dl_lb,35,32+,PIT,Undrafted,Undrafted,12,7
JasonKyle35CAR2007,Jason Kyle,2007,dl_lb,35,32+,CAR,7,32,16,0
ParisLenon35ARI2012,Paris Lenon,2012,dl_lb,35,32+,ARI,Undrafted,Undrafted,16,16
RayLewis*35BAL2010,Ray Lewis*,2010,dl_lb,35,32+,BAL,1,174,16,16
LeonardLittle35STL2009,Leonard Little,2009,dl_lb,35,32+,STL,6,224,13,13
RobertMathis35IND2016,Robert Mathis,2016,dl_lb,35,32+,IND,8,45,14,12
WillieMcGinest35CLE2006,Willie McGinest,2006,dl_lb,35,32+,CLE,1,196,14,13
HardyNickerson35JAX2000,Hardy Nickerson,2000,dl_lb,35,32+,JAX,8,28,6,6
CalvinPace35NYJ2015,Calvin Pace,2015,dl_lb,35,32+,NYJ,1,91,16,13
JohnParrella35OAK2004,John Parrella,2004,dl_lb,35,32+,OAK,5,213,16,0
MarvcusPatton35KAN2002,Marvcus Patton,2002,dl_lb,35,32+,KAN,11,122,16,15
JuliusPeppers35GNB2015,Julius Peppers,2015,dl_lb,35,32+,GNB,1,113,16,16
MikePeterson35ATL2011,Mike Peterson,2011,dl_lb,35,32+,ATL,5,192,15,4
RomanPhifer35NWE2003,Roman Phifer,2003,dl_lb,35,32+,NWE,5,186,16,15
RyanPickett35HOU2014,Ryan Pickett,2014,dl_lb,35,32+,HOU,1,180,13,13
AnthonyPleasant35NWE2003,Anthony Pleasant,2003,dl_lb,35,32+,NWE,6,233,7,0
KelvinPritchett35DET2004,Kelvin Pritchett,2004,dl_lb,35,32+,DET,1,114,16,0
TrevorPryce352TM2010,Trevor Pryce,2010,dl_lb,35,32+,2TM,1,179,13,0
SheltonQuarles35TAM2006,Shelton Quarles,2006,dl_lb,35,32+,TAM,Undrafted,Undrafted,12,12
JohnRandle*35SEA2002,John Randle*,2002,dl_lb,35,32+,SEA,Undrafted,Undrafted,12,12
CoryRedding35ARI2015,Cory Redding,2015,dl_lb,35,32+,ARI,6,225,12,0
BryanRobinson35ARI2009,Bryan Robinson,2009,dl_lb,35,32+,ARI,Undrafted,Undrafted,16,15
BillRomanowski35DEN2001,Bill Romanowski,2001,dl_lb,35,32+,DEN,6,241,16,16
OrpheusRoye35PIT2008,Orpheus Roye,2008,dl_lb,35,32+,PIT,9,115,6,0
FrosteeRucker35OAK2018,Frostee Rucker,2018,dl_lb,35,32+,OAK,6,253,7,7
WarrenSapp*35OAK2007,Warren Sapp*,2007,dl_lb,35,32+,OAK,1,25,16,16
JuniorSeau*35MIA2004,Junior Seau*,2004,dl_lb,35,32+,MIA,1,207,8,8
AaronSmith35PIT2011,Aaron Smith,2011,dl_lb,35,32+,PIT,7,13,4,4
AntonioSmith35HOU2016,Antonio Smith,2016,dl_lb,35,32+,HOU,8,42,13,0
JustinSmith35SFO2014,Justin Smith,2014,dl_lb,35,32+,SFO,1,196,16,16
TakeoSpikes35SDG2011,Takeo Spikes,2011,dl_lb,35,32+,SDG,1,36,16,16
MichaelStrahan*35NYG2006,Michael Strahan*,2006,dl_lb,35,32+,NYG,5,197,9,9
TerrellSuggs35BAL2017,Terrell Suggs,2017,dl_lb,35,32+,BAL,1,3,16,16
JasonTaylor*35MIA2009,Jason Taylor*,2009,dl_lb,35,32+,MIA,6,233,16,15
HenryThomas35NWE2000,Henry Thomas,2000,dl_lb,35,32+,NWE,6,232,16,5
HollisThomas352TM2009,Hollis Thomas,2009,dl_lb,35,32+,2TM,Undrafted,Undrafted,16,13
ZachThomas35DAL2008,Zach Thomas,2008,dl_lb,35,32+,DAL,8,63,16,14
KeithTraylor35NWE2004,Keith Traylor,2004,dl_lb,35,32+,NWE,6,220,16,10
JessieTuggle35ATL2000,Jessie Tuggle,2000,dl_lb,35,32+,ATL,Undrafted,Undrafted,8,7
Kimovon Oelhoffen35NYJ2006,Kimo von Oelhoffen,2006,dl_lb,35,32+,NYJ,9,72,16,16
MikeVrabel35KAN2010,Mike Vrabel,2010,dl_lb,35,32+,KAN,6,253,16,16
CameronWake35MIA2017,Cameron Wake,2017,dl_lb,35,32+,MIA,Undrafted,Undrafted,16,16
TedWashington35NWE2003,Ted Washington,2003,dl_lb,35,32+,NWE,1,168,10,10
VinceWilfork35HOU2016,Vince Wilfork,2016,dl_lb,35,32+,HOU,1,124,15,15
KevinWilliams35NOR2015,Kevin Williams,2015,dl_lb,35,32+,NOR,1,251,16,14
KyleWilliams35BUF2018,Kyle Williams,2018,dl_lb,35,32+,BUF,8,41,8,8
PatWilliams35MIN2007,Pat Williams,2007,dl_lb,35,32+,MIN,Undrafted,Undrafted,16,16
RenaldoWynn35WAS2009,Renaldo Wynn,2009,dl_lb,35,32+,WAS,1,124,2,0
BryantYoung35SFO2007,Bryant Young,2007,dl_lb,35,32+,SFO,1,229,16,16
JeffZgonina35MIA2005,Jeff Zgonina,2005,dl_lb,35,32+,MIA,10,97,16,3
JohnAbraham36ARI2014,John Abraham,2014,dl_lb,36,32+,ARI,1,36,1,1
TraceArmstrong36OAK2001,Trace Armstrong,2001,dl_lb,36,32+,OAK,1,25,3,0
BrendonAyanbadejo36BAL2012,Brendon Ayanbadejo,2012,dl_lb,36,32+,BAL,Undrafted,Undrafted,16,3
KeithBrooking36DAL2011,Keith Brooking,2011,dl_lb,36,32+,DAL,1,25,16,3
ChadBrown36PIT2006,Chad Brown,2006,dl_lb,36,32+,PIT,5,201,8,0
RobBurnett36MIA2003,Rob Burnett,2003,dl_lb,36,32+,MIA,8,35,12,0
MarcoColeman36DEN2005,Marco Coleman,2005,dl_lb,36,32+,DEN,1,25,7,0
PhillipDaniels36WAS2009,Phillip Daniels,2009,dl_lb,36,32+,WAS,7,261,16,15
KarlosDansby36ARI2017,Karlos Dansby,2017,dl_lb,36,32+,ARI,5,189,16,15
JamesFarrior36PIT2011,James Farrior,2011,dl_lb,36,32+,PIT,1,240,14,14
LondonFletcher36WAS2011,London Fletcher,2011,dl_lb,36,32+,WAS,Undrafted,Undrafted,16,16
DwightFreeney36ATL2016,Dwight Freeney,2016,dl_lb,36,32+,ATL,1,14,15,1
BobbyHamilton36CLE2007,Bobby Hamilton,2007,dl_lb,36,32+,CLE,Undrafted,Undrafted,1,1
JamesHarrison36PIT2014,James Harrison,2014,dl_lb,36,32+,PIT,Undrafted,Undrafted,11,4
VonnieHolliday36ARI2011,Vonnie Holliday,2011,dl_lb,36,32+,ARI,1,102,16,0
GradyJackson36DET2009,Grady Jackson,2009,dl_lb,36,32+,DET,9,106,15,13
DerrickJohnson36OAK2018,Derrick Johnson,2018,dl_lb,36,32+,OAK,1,58,6,1
BrettKeisel36PIT2014,Brett Keisel,2014,dl_lb,36,32+,PIT,10,160,12,4
JasonKyle36CAR2008,Jason Kyle,2008,dl_lb,36,32+,CAR,7,32,16,0
ParisLenon36DEN2013,Paris Lenon,2013,dl_lb,36,32+,DEN,Undrafted,Undrafted,14,6
RayLewis*36BAL2011,Ray Lewis*,2011,dl_lb,36,32+,BAL,1,174,12,12
WillieMcGinest36CLE2007,Willie McGinest,2007,dl_lb,36,32+,CLE,1,196,13,11
HardyNickerson36JAX2001,Hardy Nickerson,2001,dl_lb,36,32+,JAX,8,28,15,14
JuliusPeppers36GNB2016,Julius Peppers,2016,dl_lb,36,32+,GNB,1,113,16,11
MikePeterson36ATL2012,Mike Peterson,2012,dl_lb,36,32+,ATL,5,192,16,3
RomanPhifer36NWE2004,Roman Phifer,2004,dl_lb,36,32+,NWE,5,186,13,1
JohnRandle*36SEA2003,John Randle*,2003,dl_lb,36,32+,SEA,Undrafted,Undrafted,16,9
BryanRobinson36ARI2010,Bryan Robinson,2010,dl_lb,36,32+,ARI,Undrafted,Undrafted,16,16
BillRomanowski36OAK2002,Bill Romanowski,2002,dl_lb,36,32+,OAK,6,241,16,16
JuniorSeau*36MIA2005,Junior Seau*,2005,dl_lb,36,32+,MIA,1,207,7,5
ClydeSimmons36CHI2000,Clyde Simmons,2000,dl_lb,36,32+,CHI,12,150,16,2
TakeoSpikes36SDG2012,Takeo Spikes,2012,dl_lb,36,32+,SDG,1,36,16,16
MichaelStrahan*36NYG2007,Michael Strahan*,2007,dl_lb,36,32+,NYG,5,197,16,15
TerrellSuggs36BAL2018,Terrell Suggs,2018,dl_lb,36,32+,BAL,1,3,8,8
JasonTaylor*36NYJ2010,Jason Taylor*,2010,dl_lb,36,32+,NYJ,6,233,16,5
KeithTraylor36MIA2005,Keith Traylor,2005,dl_lb,36,32+,MIA,6,220,13,13
Kimovon Oelhoffen36PHI2007,Kimo von Oelhoffen,2007,dl_lb,36,32+,PHI,9,72,8,1
CameronWake36MIA2018,Cameron Wake,2018,dl_lb,36,32+,MIA,Undrafted,Undrafted,6,6
TedWashington36OAK2004,Ted Washington,2004,dl_lb,36,32+,OAK,1,168,16,16
PatWilliams36MIN2008,Pat Williams,2008,dl_lb,36,32+,MIN,Undrafted,Undrafted,14,14
JeffZgonina36MIA2006,Jeff Zgonina,2006,dl_lb,36,32+,MIA,10,97,14,2
TraceArmstrong37OAK2002,Trace Armstrong,2002,dl_lb,37,32+,OAK,1,25,15,8
KeithBrooking37DEN2012,Keith Brooking,2012,dl_lb,37,32+,DEN,1,25,16,14
ChadBrown37NWE2007,Chad Brown,2007,dl_lb,37,32+,NWE,5,201,2,0
PhillipDaniels37WAS2010,Phillip Daniels,2010,dl_lb,37,32+,WAS,7,261,14,1
LondonFletcher37WAS2012,London Fletcher,2012,dl_lb,37,32+,WAS,Undrafted,Undrafted,16,16
DwightFreeney372TM2017,Dwight Freeney,2017,dl_lb,37,32+,2TM,1,14,9,0
JamesHarrison37PIT2015,James Harrison,2015,dl_lb,37,32+,PIT,Undrafted,Undrafted,15,1
VonnieHolliday37ARI2012,Vonnie Holliday,2012,dl_lb,37,32+,ARI,1,102,16,1
RayLewis*37BAL2012,Ray Lewis*,2012,dl_lb,37,32+,BAL,1,174,6,6
WillieMcGinest37CLE2008,Willie McGinest,2008,dl_lb,37,32+,CLE,1,196,14,14
HardyNickerson37GNB2002,Hardy Nickerson,2002,dl_lb,37,32+,GNB,8,28,16,15
JuliusPeppers37CAR2017,Julius Peppers,2017,dl_lb,37,32+,CAR,1,113,16,5
RomanPhifer37NYG2005,Roman Phifer,2005,dl_lb,37,32+,NYG,5,186,1,0
BillRomanowski37OAK2003,Bill Romanowski,2003,dl_lb,37,32+,OAK,6,241,3,3
JuniorSeau*37NWE2006,Junior Seau*,2006,dl_lb,37,32+,NWE,1,207,11,10
BruceSmith*37WAS2000,Bruce Smith*,2000,dl_lb,37,32+,WAS,1,2,16,16
JasonTaylor*37MIA2011,Jason Taylor*,2011,dl_lb,37,32+,MIA,6,233,16,2
KeithTraylor37MIA2006,Keith Traylor,2006,dl_lb,37,32+,MIA,6,220,14,14
TedWashington37OAK2005,Ted Washington,2005,dl_lb,37,32+,OAK,1,168,16,16
PatWilliams37MIN2009,Pat Williams,2009,dl_lb,37,32+,MIN,Undrafted,Undrafted,15,15
JeffZgonina37HOU2007,Jeff Zgonina,2007,dl_lb,37,32+,HOU,10,97,16,1
TraceArmstrong38OAK2003,Trace Armstrong,2003,dl_lb,38,32+,OAK,1,25,10,7
LondonFletcher38WAS2013,London Fletcher,2013,dl_lb,38,32+,WAS,Undrafted,Undrafted,16,16
JamesHarrison38PIT2016,James Harrison,2016,dl_lb,38,32+,PIT,Undrafted,Undrafted,15,7
JuliusPeppers38CAR2018,Julius Peppers,2018,dl_lb,38,32+,CAR,1,113,7,4
JuniorSeau*38NWE2007,Junior Seau*,2007,dl_lb,38,32+,NWE,1,207,16,4
BruceSmith*38WAS2001,Bruce Smith*,2001,dl_lb,38,32+,WAS,1,2,14,14
KeithTraylor38MIA2007,Keith Traylor,2007,dl_lb,38,32+,MIA,6,220,15,14
TedWashington38CLE2006,Ted Washington,2006,dl_lb,38,32+,CLE,1,168,16,16
PatWilliams38MIN2010,Pat Williams,2010,dl_lb,38,32+,MIN,Undrafted,Undrafted,16,16
JeffZgonina38HOU2008,Jeff Zgonina,2008,dl_lb,38,32+,HOU,10,97,16,2
JamesHarrison392TM2017,James Harrison,2017,dl_lb,39,32+,2TM,Undrafted,Undrafted,6,0
JuniorSeau*39NWE2008,Junior Seau*,2008,dl_lb,39,32+,NWE,1,207,4,2
BruceSmith*39WAS2002,Bruce Smith*,2002,dl_lb,39,32+,WAS,1,2,16,16
TedWashington39CLE2007,Ted Washington,2007,dl_lb,39,32+,CLE,1,168,5,1
ReggieWhite*39CAR2000,Reggie White*,2000,dl_lb,39,32+,CAR,1,196,16,16
JeffZgonina39HOU2009,Jeff Zgonina,2009,dl_lb,39,32+,HOU,10,97,16,2
JuniorSeau*40NWE2009,Junior Seau*,2009,dl_lb,40,32+,NWE,1,207,7,0
BruceSmith*40WAS2003,Bruce Smith*,2003,dl_lb,40,32+,WAS,1,2,16,8
